# time model 
59325.801227 16.437389 
59325.833009 16.918725 
59325.864791 17.404767 
59325.896573 17.894883 
59325.928355 18.388429 
59325.960137 18.884745 
59325.991919 19.383158 
59326.023701 19.882981 
59326.055483 20.383517 
59326.087265 20.884058 
59326.119047 21.383885 
59326.150829 21.882269 
59326.182611 22.378476 
59326.214393 22.871761 
59326.246175 23.361377 
59326.277957 23.846568 
59326.309739 24.326576 
59326.341521 24.800638 
59326.373303 25.267992 
59326.405085 25.727871 
59326.436867 26.179511 
59326.468649 26.622148 
59326.500431 27.055018 
59326.532213 27.477364 
59326.563995 27.888430 
59326.595777 28.287467 
59326.627559 28.673731 
59326.659341 29.046485 
59326.691123 29.405003 
59326.722905 29.748566 
59326.754687 30.076465 
59326.786469 30.388004 
59326.818251 30.682500 
59326.850033 30.959281 
59326.881815 31.217692 
59326.913597 31.457092 
59326.945379 31.676858 
59326.977161 31.876381 
59327.008943 32.055073 
59327.040725 32.212366 
59327.072507 32.347709 
59327.104289 32.460575 
59327.136071 32.550456 
59327.167853 32.616867 
59327.199635 32.659350 
59327.231417 32.677465 
59327.263199 32.670801 
59327.294981 32.638972 
59327.326763 32.581617 
59327.358545 32.498402 
59327.390327 32.389021 
59327.422109 32.253194 
59327.453891 32.090673 
59327.485673 31.901234 
59327.517455 31.684688 
59327.549237 31.440871 
59327.581019 31.169651 
59327.612801 30.870926 
59327.644583 30.544627 
59327.676365 30.190713 
59327.708147 29.809175 
59327.739929 29.400036 
59327.771711 28.963351 
59327.803493 28.499205 
59327.835275 28.007717 
59327.867057 27.489035 
59327.898839 26.943341 
59327.930621 26.370847 
59327.962402 25.771798 
59327.994184 25.146468 
59328.025966 24.495165 
59328.057748 23.818226 
59328.089530 23.116018 
59328.121312 22.388941 
59328.153094 21.637422 
59328.184876 20.861920 
59328.216658 20.062921 
59328.248440 19.240941 
59328.280222 18.396523 
59328.312004 17.530238 
59328.343786 16.642686 
59328.375568 15.734489 
59328.407350 14.806298 
59328.439132 13.858789 
59328.470914 12.892660 
59328.502696 11.908635 
59328.534478 10.907458 
59328.566260 9.889898 
59328.598042 8.856742 
59328.629824 7.808800 
59328.661606 6.746898 
59328.693388 5.671883 
59328.725170 4.584619 
59328.756952 3.485984 
59328.788734 2.376875 
59328.820516 1.258200 
59328.852298 0.130882 
59328.884080 -1.004144 
59328.915862 -2.145931 
59328.947644 -3.293525 
59328.979426 -4.445959 
59329.011208 -5.602261 
59329.042990 -6.761451 
59329.074772 -7.922545 
59329.106554 -9.084552 
59329.138336 -10.246479 
59329.170118 -11.407333 
59329.201900 -12.566116 
59329.233682 -13.721834 
59329.265464 -14.873492 
59329.297246 -16.020098 
59329.329028 -17.160664 
59329.360810 -18.294206 
59329.392592 -19.419749 
59329.424374 -20.536320 
59329.456156 -21.642959 
59329.487938 -22.738713 
59329.519720 -23.822640 
59329.551502 -24.893809 
59329.583284 -25.951302 
59329.615066 -26.994214 
59329.646848 -28.021658 
59329.678630 -29.032757 
59329.710412 -30.026657 
59329.742194 -31.002516 
59329.773976 -31.959514 
59329.805758 -32.896851 
59329.837540 -33.813746 
59329.869322 -34.709440 
59329.901104 -35.583194 
59329.932886 -36.434297 
59329.964668 -37.262057 
59329.996450 -38.065809 
59330.028232 -38.844913 
59330.060014 -39.598755 
59330.091796 -40.326747 
59330.123578 -41.028329 
59330.155360 -41.702969 
59330.187142 -42.350163 
59330.218924 -42.969436 
59330.250706 -43.560343 
59330.282488 -44.122468 
59330.314270 -44.655425 
59330.346052 -45.158861 
59330.377834 -45.632452 
59330.409616 -46.075904 
59330.441398 -46.488958 
59330.473180 -46.871384 
59330.504962 -47.222984 
59330.536744 -47.543594 
59330.568526 -47.833079 
59330.600308 -48.091339 
59330.632090 -48.318305 
59330.663871 -48.513939 
59330.695653 -48.678237 
59330.727435 -48.811225 
59330.759217 -48.912962 
59330.790999 -48.983538 
59330.822781 -49.023075 
59330.854563 -49.031724 
59330.886345 -49.009670 
59330.918127 -48.957124 
59330.949909 -48.874331 
59330.981691 -48.761563 
59331.013473 -48.619123 
59331.045255 -48.447341 
59331.077037 -48.246575 
59331.108819 -48.017211 
59331.140601 -47.759662 
59331.172383 -47.474368 
59331.204165 -47.161794 
59331.235947 -46.822428 
59331.267729 -46.456785 
59331.299511 -46.065402 
59331.331293 -45.648840 
59331.363075 -45.207679 
59331.394857 -44.742524 
59331.426639 -44.253997 
59331.458421 -43.742741 
59331.490203 -43.209418 
59331.521985 -42.654705 
59331.553767 -42.079299 
59331.585549 -41.483911 
59331.617331 -40.869266 
59331.649113 -40.236104 
59331.680895 -39.585178 
59331.712677 -38.917253 
59331.744459 -38.233104 
59331.776241 -37.533516 
59331.808023 -36.819283 
59331.839805 -36.091208 
59331.871587 -35.350098 
59331.903369 -34.596770 
59331.935151 -33.832041 
59331.966933 -33.056736 
59331.998715 -32.271680 
59332.030497 -31.477700 
59332.062279 -30.675626 
59332.094061 -29.866284 
59332.125843 -29.050501 
59332.157625 -28.229102 
59332.189407 -27.402908 
59332.221189 -26.572735 
59332.252971 -25.739395 
59332.284753 -24.903694 
59332.316535 -24.066429 
59332.348317 -23.228391 
59332.380099 -22.390361 
59332.411881 -21.553110 
59332.443663 -20.717400 
59332.475445 -19.883980 
59332.507227 -19.053586 
59332.539009 -18.226943 
59332.570791 -17.404761 
59332.602573 -16.587735 
59332.634355 -15.776544 
59332.666137 -14.971854 
59332.697919 -14.174310 
59332.729701 -13.384544 
59332.761483 -12.603166 
59332.793265 -11.830771 
59332.825047 -11.067932 
59332.856829 -10.315203 
59332.888611 -9.573120 
59332.920393 -8.842196 
59332.952175 -8.122923 
59332.983957 -7.415773 
59333.015739 -6.721196 
59333.047521 -6.039619 
59333.079303 -5.371446 
59333.111085 -4.717061 
59333.142867 -4.076822 
59333.174649 -3.451065 
59333.206431 -2.840104 
59333.238213 -2.244227 
59333.269995 -1.663702 
59333.301777 -1.098770 
59333.333559 -0.549650 
59333.365340 -0.016536 
59333.397122 0.500398 
59333.428904 1.001006 
59333.460686 1.485163 
59333.492468 1.952767 
59333.524250 2.403741 
59333.556032 2.838028 
59333.587814 3.255597 
59333.619596 3.656438 
59333.651378 4.040562 
59333.683160 4.408004 
59333.714942 4.758819 
59333.746724 5.093083 
59333.778506 5.410894 
59333.810288 5.712370 
59333.842070 5.997649 
59333.873852 6.266887 
59333.905634 6.520260 
59333.937416 6.757963 
59333.969198 6.980209 
59334.000980 7.187226 
59334.032762 7.379262 
59334.064544 7.556578 
59334.096326 7.719454 
59334.128108 7.868181 
59334.159890 8.003068 
59334.191672 8.124435 
59334.223454 8.232616 
59334.255236 8.327958 
59334.287018 8.410818 
59334.318800 8.481564 
59334.350582 8.540577 
59334.382364 8.588243 
59334.414146 8.624960 
59334.445928 8.651133 
59334.477710 8.667174 
59334.509492 8.673502 
59334.541274 8.670541 
59334.573056 8.658721 
59334.604838 8.638476 
59334.636620 8.610243 
59334.668402 8.574462 
59334.700184 8.531576 
59334.731966 8.482029 
59334.763748 8.426264 
59334.795530 8.364727 
59334.827312 8.297860 
59334.859094 8.226106 
59334.890876 8.149905 
59334.922658 8.069693 
59334.954440 7.985904 
59334.986222 7.898968 
59335.018004 7.809309 
59335.049786 7.717346 
59335.081568 7.623493 
59335.113350 7.528157 
59335.145132 7.431736 
59335.176914 7.334622 
59335.208696 7.237199 
59335.240478 7.139842 
59335.272260 7.042916 
59335.304042 6.946776 
59335.335824 6.851768 
59335.367606 6.758227 
59335.399388 6.666476 
59335.431170 6.576828 
59335.462952 6.489583 
59335.494734 6.405030 
59335.526516 6.323443 
59335.558298 6.245087 
59335.590080 6.170211 
59335.621862 6.099052 
59335.653644 6.031833 
59335.685426 5.968764 
59335.717208 5.910040 
59335.748990 5.855842 
59335.780772 5.806339 
59335.812554 5.761684 
59335.844336 5.722015 
59335.876118 5.687456 
59335.907900 5.658119 
59335.939682 5.634099 
59335.971464 5.615476 
59336.003246 5.602320 
59336.035028 5.594681 
59336.066809 5.592599 
59336.098591 5.596099 
59336.130373 5.605192 
59336.162155 5.619875 
59336.193937 5.640131 
59336.225719 5.665931 
59336.257501 5.697233 
59336.289283 5.733980 
59336.321065 5.776106 
59336.352847 5.823528 
59336.384629 5.876157 
59336.416411 5.933887 
59336.448193 5.996603 
59336.479975 6.064180 
59336.511757 6.136481 
59336.543539 6.213359 
59336.575321 6.294658 
59336.607103 6.380212 
59336.638885 6.469846 
59336.670667 6.563377 
59336.702449 6.660614 
59336.734231 6.761358 
59336.766013 6.865404 
59336.797795 6.972540 
59336.829577 7.082545 
59336.861359 7.195198 
59336.893141 7.310267 
59336.924923 7.427521 
59336.956705 7.546719 
59336.988487 7.667622 
59337.020269 7.789984 
59337.052051 7.913559 
59337.083833 8.038096 
59337.115615 8.163346 
59337.147397 8.289055 
59337.179179 8.414973 
59337.210961 8.540846 
59337.242743 8.666423 
59337.274525 8.791453 
59337.306307 8.915685 
59337.338089 9.038873 
59337.369871 9.160772 
59337.401653 9.281139 
59337.433435 9.399735 
59337.465217 9.516326 
59337.496999 9.630680 
59337.528781 9.742571 
59337.560563 9.851778 
59337.592345 9.958086 
59337.624127 10.061284 
59337.655909 10.161170 
59337.687691 10.257546 
59337.719473 10.350223 
59337.751255 10.439018 
59337.783037 10.523755 
59337.814819 10.604268 
59337.846601 10.680398 
59337.878383 10.751994 
59337.910165 10.818915 
59337.941947 10.881028 
59337.973729 10.938210 
59338.005511 10.990346 
59338.037293 11.037331 
59338.069075 11.079071 
59338.100857 11.115480 
59338.132639 11.146483 
59338.164421 11.172016 
59338.196203 11.192023 
59338.227985 11.206459 
59338.259767 11.215291 
59338.291549 11.218493 
59338.323331 11.216052 
59338.355113 11.207965 
59338.386895 11.194237 
59338.418677 11.174887 
59338.450459 11.149940 
59338.482241 11.119434 
59338.514023 11.083416 
59338.545805 11.041943 
59338.577587 10.995081 
59338.609369 10.942906 
59338.641151 10.885504 
59338.672933 10.822970 
59338.704715 10.755406 
59338.736497 10.682925 
59338.768278 10.605648 
59338.800060 10.523704 
59338.831842 10.437231 
59338.863624 10.346372 
59338.895406 10.251280 
59338.927188 10.152115 
59338.958970 10.049043 
59338.990752 9.942236 
59339.022534 9.831873 
59339.054316 9.718140 
59339.086098 9.601225 
59339.117880 9.481324 
59339.149662 9.358638 
59339.181444 9.233371 
59339.213226 9.105730 
59339.245008 8.975928 
59339.276790 8.844180 
59339.308572 8.710703 
59339.340354 8.575718 
59339.372136 8.439448 
59339.403918 8.302115 
59339.435700 8.163945 
59339.467482 8.025164 
59339.499264 7.885998 
59339.531046 7.746672 
59339.562828 7.607413 
59339.594610 7.468445 
59339.626392 7.329991 
59339.658174 7.192274 
59339.689956 7.055512 
59339.721738 6.919924 
59339.753520 6.785724 
59339.785302 6.653123 
59339.817084 6.522329 
59339.848866 6.393546 
59339.880648 6.266972 
59339.912430 6.142804 
59339.944212 6.021231 
59339.975994 5.902437 
59340.007776 5.786602 
59340.039558 5.673899 
59340.071340 5.564495 
59340.103122 5.458551 
59340.134904 5.356220 
59340.166686 5.257649 
59340.198468 5.162978 
59340.230250 5.072339 
59340.262032 4.985856 
59340.293814 4.903647 
59340.325596 4.825819 
59340.357378 4.752473 
59340.389160 4.683701 
59340.420942 4.619587 
59340.452724 4.560206 
59340.484506 4.505623 
59340.516288 4.455896 
59340.548070 4.411073 
59340.579852 4.371195 
59340.611634 4.336291 
59340.643416 4.306382 
59340.675198 4.281482 
59340.706980 4.261594 
59340.738762 4.246711 
59340.770544 4.236820 
59340.802326 4.231897 
59340.834108 4.231909 
59340.865890 4.236816 
59340.897672 4.246567 
59340.929454 4.261104 
59340.961236 4.280361 
59340.993018 4.304262 
59341.024800 4.332724 
59341.056582 4.365657 
59341.088364 4.402960 
59341.120146 4.444528 
59341.151928 4.490247 
59341.183710 4.539996 
59341.215492 4.593648 
59341.247274 4.651067 
59341.279056 4.712113 
59341.310838 4.776639 
59341.342620 4.844492 
59341.374402 4.915514 
59341.406184 4.989542 
59341.437965 5.066406 
59341.469747 5.145935 
59341.501529 5.227950 
59341.533311 5.312270 
59341.565093 5.398710 
59341.596875 5.487082 
59341.628657 5.577195 
59341.660439 5.668854 
59341.692221 5.761865 
59341.724003 5.856028 
59341.755785 5.951145 
59341.787567 6.047015 
59341.819349 6.143436 
59341.851131 6.240207 
59341.882913 6.337126 
59341.914695 6.433990 
59341.946477 6.530600 
59341.978259 6.626756 
59342.010041 6.722258 
59342.041823 6.816909 
59342.073605 6.910516 
59342.105387 7.002886 
59342.137169 7.093829 
59342.168951 7.183158 
59342.200733 7.270691 
59342.232515 7.356249 
59342.264297 7.439655 
59342.296079 7.520740 
59342.327861 7.599336 
59342.359643 7.675283 
59342.391425 7.748425 
59342.423207 7.818610 
59342.454989 7.885695 
59342.486771 7.949540 
59342.518553 8.010013 
59342.550335 8.066988 
59342.582117 8.120346 
59342.613899 8.169973 
59342.645681 8.215766 
59342.677463 8.257625 
59342.709245 8.295461 
59342.741027 8.329189 
59342.772809 8.358735 
59342.804591 8.384032 
59342.836373 8.405019 
59342.868155 8.421646 
59342.899937 8.433869 
59342.931719 8.441652 
59342.963501 8.444970 
59342.995283 8.443803 
59343.027065 8.438141 
59343.058847 8.427983 
59343.090629 8.413334 
59343.122411 8.394210 
59343.154193 8.370633 
59343.185975 8.342635 
59343.217757 8.310255 
59343.249539 8.273541 
59343.281321 8.232548 
59343.313103 8.187339 
59343.344885 8.137986 
59343.376667 8.084567 
59343.408449 8.027169 
59343.440231 7.965886 
59343.472013 7.900817 
59343.503795 7.832071 
59343.535577 7.759763 
59343.567359 7.684014 
59343.599141 7.604951 
59343.630923 7.522708 
59343.662705 7.437424 
59343.694487 7.349246 
59343.726269 7.258323 
59343.758051 7.164812 
59343.789833 7.068873 
59343.821615 6.970671 
59343.853397 6.870377 
59343.885179 6.768163 
59343.916961 6.664208 
59343.948743 6.558691 
59343.980525 6.451798 
59344.012307 6.343713 
59344.044089 6.234626 
59344.075871 6.124729 
59344.107653 6.014214 
59344.139434 5.903275 
59344.171216 5.792108 
59344.202998 5.680910 
59344.234780 5.569876 
59344.266562 5.459203 
59344.298344 5.349089 
59344.330126 5.239728 
59344.361908 5.131316 
59344.393690 5.024047 
59344.425472 4.918113 
59344.457254 4.813704 
59344.489036 4.711008 
59344.520818 4.610211 
59344.552600 4.511495 
59344.584382 4.415040 
59344.616164 4.321022 
59344.647946 4.229614 
59344.679728 4.140983 
59344.711510 4.055293 
59344.743292 3.972704 
59344.775074 3.893370 
59344.806856 3.817440 
59344.838638 3.745058 
59344.870420 3.676362 
59344.902202 3.611484 
59344.933984 3.550552 
59344.965766 3.493684 
59344.997548 3.440994 
59345.029330 3.392590 
59345.061112 3.348570 
59345.092894 3.309028 
59345.124676 3.274050 
59345.156458 3.243714 
59345.188240 3.218091 
59345.220022 3.197244 
59345.251804 3.181230 
59345.283586 3.170096 
59345.315368 3.163883 
59345.347150 3.162623 
59345.378932 3.166341 
59345.410714 3.175052 
59345.442496 3.188766 
59345.474278 3.207483 
59345.506060 3.231196 
59345.537842 3.259888 
59345.569624 3.293538 
59345.601406 3.332113 
59345.633188 3.375574 
59345.664970 3.423874 
59345.696752 3.476959 
59345.728534 3.534767 
59345.760316 3.597229 
59345.792098 3.664266 
59345.823880 3.735795 
59345.855662 3.811725 
59345.887444 3.891957 
59345.919226 3.976387 
59345.951008 4.064903 
59345.982790 4.157387 
59346.014572 4.253714 
59346.046354 4.353756 
59346.078136 4.457375 
59346.109918 4.564431 
59346.141700 4.674778 
59346.173482 4.788262 
59346.205264 4.904728 
59346.237046 5.024015 
59346.268828 5.145957 
59346.300610 5.270385 
59346.332392 5.397126 
59346.364174 5.526004 
59346.395956 5.656838 
59346.427738 5.789448 
59346.459520 5.923646 
59346.491302 6.059247 
59346.523084 6.196061 
59346.554866 6.333898 
59346.586648 6.472565 
59346.618430 6.611868 
59346.650212 6.751616 
59346.681994 6.891612 
59346.713776 7.031663 
59346.745558 7.171575 
59346.777340 7.311154 
59346.809122 7.450209 
59346.840903 7.588546 
59346.872685 7.725977 
59346.904467 7.862314 
59346.936249 7.997370 
59346.968031 8.130961 
59346.999813 8.262907 
59347.031595 8.393029 
59347.063377 8.521152 
59347.095159 8.647106 
59347.126941 8.770722 
59347.158723 8.891837 
59347.190505 9.010292 
59347.222287 9.125931 
59347.254069 9.238605 
59347.285851 9.348169 
59347.317633 9.454482 
59347.349415 9.557410 
59347.381197 9.656824 
59347.412979 9.752601 
59347.444761 9.844624 
59347.476543 9.932782 
59347.508325 10.016971 
59347.540107 10.097091 
59347.571889 10.173051 
59347.603671 10.244766 
59347.635453 10.312159 
59347.667235 10.375157 
59347.699017 10.433697 
59347.730799 10.487721 
59347.762581 10.537179 
59347.794363 10.582029 
59347.826145 10.622235 
59347.857927 10.657770 
59347.889709 10.688611 
59347.921491 10.714745 
59347.953273 10.736166 
59347.985055 10.752875 
59348.016837 10.764880 
59348.048619 10.772197 
59348.080401 10.774848 
59348.112183 10.772863 
59348.143965 10.766278 
59348.175747 10.755137 
59348.207529 10.739490 
59348.239311 10.719396 
59348.271093 10.694916 
59348.302875 10.666122 
59348.334657 10.633090 
59348.366439 10.595903 
59348.398221 10.554649 
59348.430003 10.509423 
59348.461785 10.460326 
59348.493567 10.407462 
59348.525349 10.350943 
59348.557131 10.290885 
59348.588913 10.227409 
59348.620695 10.160639 
59348.652477 10.090707 
59348.684259 10.017746 
59348.716041 9.941894 
59348.747823 9.863293 
59348.779605 9.782087 
59348.811387 9.698427 
59348.843169 9.612461 
59348.874951 9.524346 
59348.906733 9.434236 
59348.938515 9.342290 
59348.970297 9.248670 
59349.002079 9.153536 
59349.033861 9.057052 
59349.065643 8.959382 
59349.097425 8.860691 
59349.129207 8.761146 
59349.160989 8.660910 
59349.192771 8.560152 
59349.224553 8.459035 
59349.256335 8.357724 
59349.288117 8.256384 
59349.319899 8.155177 
59349.351681 8.054265 
59349.383463 7.953807 
59349.415245 7.853961 
59349.447027 7.754884 
59349.478809 7.656727 
59349.510591 7.559641 
59349.542372 7.463776 
59349.574154 7.369274 
59349.605936 7.276277 
59349.637718 7.184923 
59349.669500 7.095346 
59349.701282 7.007677 
59349.733064 6.922040 
59349.764846 6.838557 
59349.796628 6.757346 
59349.828410 6.678518 
59349.860192 6.602182 
59349.891974 6.528439 
59349.923756 6.457387 
59349.955538 6.389119 
59349.987320 6.323720 
59350.019102 6.261273 
59350.050884 6.201852 
59350.082666 6.145529 
59350.114448 6.092366 
59350.146230 6.042423 
59350.178012 5.995752 
59350.209794 5.952399 
59350.241576 5.912405 
59350.273358 5.875805 
59350.305140 5.842628 
59350.336922 5.812894 
59350.368704 5.786622 
59350.400486 5.763822 
59350.432268 5.744498 
59350.464050 5.728648 
59350.495832 5.716265 
59350.527614 5.707337 
59350.559396 5.701843 
59350.591178 5.699760 
59350.622960 5.701056 
59350.654742 5.705696 
59350.686524 5.713639 
59350.718306 5.724838 
59350.750088 5.739241 
59350.781870 5.756792 
59350.813652 5.777427 
59350.845434 5.801082 
59350.877216 5.827684 
59350.908998 5.857159 
59350.940780 5.889425 
59350.972562 5.924399 
59351.004344 5.961994 
59351.036126 6.002116 
59351.067908 6.044671 
59351.099690 6.089561 
59351.131472 6.136683 
59351.163254 6.185932 
59351.195036 6.237202 
59351.226818 6.290382 
59351.258600 6.345360 
59351.290382 6.402021 
59351.322164 6.460250 
59351.353946 6.519928 
59351.385728 6.580937 
59351.417510 6.643156 
59351.449292 6.706464 
59351.481074 6.770738 
59351.512856 6.835857 
59351.544638 6.901698 
59351.576420 6.968138 
59351.608202 7.035055 
59351.639984 7.102326 
59351.671766 7.169832 
59351.703548 7.237450 
59351.735330 7.305063 
59351.767112 7.372552 
59351.798894 7.439802 
59351.830676 7.506697 
59351.862458 7.573125 
59351.894240 7.638975 
59351.926022 7.704141 
59351.957804 7.768516 
59351.989586 7.831998 
59352.021368 7.894487 
59352.053150 7.955886 
59352.084932 8.016103 
59352.116714 8.075047 
59352.148496 8.132633 
59352.180278 8.188777 
59352.212060 8.243401 
59352.243841 8.296431 
59352.275623 8.347795 
59352.307405 8.397427 
59352.339187 8.445266 
59352.370969 8.491254 
59352.402751 8.535338 
59352.434533 8.577468 
59352.466315 8.617603 
59352.498097 8.655701 
59352.529879 8.691730 
59352.561661 8.725659 
59352.593443 8.757465 
59352.625225 8.787127 
59352.657007 8.814630 
59352.688789 8.839964 
59352.720571 8.863124 
59352.752353 8.884111 
59352.784135 8.902928 
59352.815917 8.919585 
59352.847699 8.934096 
59352.879481 8.946480 
59352.911263 8.956761 
59352.943045 8.964966 
59352.974827 8.971128 
59353.006609 8.975285 
59353.038391 8.977477 
59353.070173 8.977751 
59353.101955 8.976155 
59353.133737 8.972744 
59353.165519 8.967576 
59353.197301 8.960711 
59353.229083 8.952215 
59353.260865 8.942155 
59353.292647 8.930604 
59353.324429 8.917637 
59353.356211 8.903331 
59353.387993 8.887767 
59353.419775 8.871028 
59353.451557 8.853199 
59353.483339 8.834370 
59353.515121 8.814630 
59353.546903 8.794071 
59353.578685 8.772787 
59353.610467 8.750872 
59353.642249 8.728424 
59353.674031 8.705540 
59353.705813 8.682319 
59353.737595 8.658860 
59353.769377 8.635263 
59353.801159 8.611627 
59353.832941 8.588053 
59353.864723 8.564641 
59353.896505 8.541490 
59353.928287 8.518700 
59353.960069 8.496369 
59353.991851 8.474594 
59354.023633 8.453471 
59354.055415 8.433096 
59354.087197 8.413562 
59354.118979 8.394960 
59354.150761 8.377381 
59354.182543 8.360911 
59354.214325 8.345637 
59354.246107 8.331640 
59354.277889 8.319002 
59354.309671 8.307800 
59354.341453 8.298107 
59354.373235 8.289996 
59354.405017 8.283535 
59354.436799 8.278788 
59354.468581 8.275816 
59354.500363 8.274677 
59354.532145 8.275424 
59354.563927 8.278108 
59354.595709 8.282773 
59354.627491 8.289462 
59354.659273 8.298211 
59354.691055 8.309055 
59354.722837 8.322021 
59354.754619 8.337134 
59354.786401 8.354413 
59354.818183 8.373874 
59354.849965 8.395528 
59354.881747 8.419380 
59354.913529 8.445431 
59354.945310 8.473679 
59354.977092 8.504115 
59355.008874 8.536726 
59355.040656 8.571496 
59355.072438 8.608402 
59355.104220 8.647417 
59355.136002 8.688511 
59355.167784 8.731647 
59355.199566 8.776786 
59355.231348 8.823882 
59355.263130 8.872886 
59355.294912 8.923746 
59355.326694 8.976404 
59355.358476 9.030797 
59355.390258 9.086862 
59355.422040 9.144527 
59355.453822 9.203720 
59355.485604 9.264365 
59355.517386 9.326380 
59355.549168 9.389682 
59355.580950 9.454185 
59355.612732 9.519797 
59355.644514 9.586426 
59355.676296 9.653976 
59355.708078 9.722350 
59355.739860 9.791446 
59355.771642 9.861161 
59355.803424 9.931390 
59355.835206 10.002026 
59355.866988 10.072961 
59355.898770 10.144085 
59355.930552 10.215286 
59355.962334 10.286452 
59355.994116 10.357468 
59356.025898 10.428222 
59356.057680 10.498599 
59356.089462 10.568483 
59356.121244 10.637759 
59356.153026 10.706313 
59356.184808 10.774030 
59356.216590 10.840796 
59356.248372 10.906498 
59356.280154 10.971023 
59356.311936 11.034259 
59356.343718 11.096098 
59356.375500 11.156431 
59356.407282 11.215150 
59356.439064 11.272151 
59356.470846 11.327332 
59356.502628 11.380593 
59356.534410 11.431834 
59356.566192 11.480962 
59356.597974 11.527884 
59356.629756 11.572510 
59356.661538 11.614754 
59356.693320 11.654533 
59356.725102 11.691768 
59356.756884 11.726384 
59356.788666 11.758307 
59356.820448 11.787471 
59356.852230 11.813810 
59356.884012 11.837266 
59356.915794 11.857781 
59356.947576 11.875305 
59356.979358 11.889792 
59357.011140 11.901198 
59357.042922 11.909485 
59357.074704 11.914622 
59357.106486 11.916580 
59357.138268 11.915334 
59357.170050 11.910868 
59357.201832 11.903166 
59357.233614 11.892222 
59357.265396 11.878030 
59357.297178 11.860592 
59357.328960 11.839915 
59357.360742 11.816009 
59357.392524 11.788892 
59357.424306 11.758584 
59357.456088 11.725112 
59357.487870 11.688507 
59357.519652 11.648804 
59357.551434 11.606045 
59357.583216 11.560275 
59357.614997 11.511545 
59357.646779 11.459908 
59357.678561 11.405425 
59357.710343 11.348158 
59357.742125 11.288177 
59357.773907 11.225553 
59357.805689 11.160363 
59357.837471 11.092686 
59357.869253 11.022608 
59357.901035 10.950216 
59357.932817 10.875600 
59357.964599 10.798857 
59357.996381 10.720084 
59358.028163 10.639382 
59358.059945 10.556856 
59358.091727 10.472612 
59358.123509 10.386759 
59358.155291 10.299409 
59358.187073 10.210677 
59358.218855 10.120678 
59358.250637 10.029531 
59358.282419 9.937354 
59358.314201 9.844270 
59358.345983 9.750400 
59358.377765 9.655867 
59358.409547 9.560796 
59358.441329 9.465312 
59358.473111 9.369540 
59358.504893 9.273605 
59358.536675 9.177633 
59358.568457 9.081750 
59358.600239 8.986081 
59358.632021 8.890750 
59358.663803 8.795880 
59358.695585 8.701595 
59358.727367 8.608017 
59358.759149 8.515265 
59358.790931 8.423458 
59358.822713 8.332713 
59358.854495 8.243145 
59358.886277 8.154868 
59358.918059 8.067991 
59358.949841 7.982623 
59358.981623 7.898870 
59359.013405 7.816834 
59359.045187 7.736615 
59359.076969 7.658310 
59359.108751 7.582011 
59359.140533 7.507810 
59359.172315 7.435793 
59359.204097 7.366043 
59359.235879 7.298638 
59359.267661 7.233654 
59359.299443 7.171162 
59359.331225 7.111229 
59359.363007 7.053919 
59359.394789 6.999289 
59359.426571 6.947394 
59359.458353 6.898284 
59359.490135 6.852005 
59359.521917 6.808596 
59359.553699 6.768095 
59359.585481 6.730532 
59359.617263 6.695935 
59359.649045 6.664327 
59359.680827 6.635724 
59359.712609 6.610139 
59359.744391 6.587582 
59359.776173 6.568055 
59359.807955 6.551558 
59359.839737 6.538084 
59359.871519 6.527624 
59359.903301 6.520162 
59359.935083 6.515680 
59359.966865 6.514154 
59359.998647 6.515556 
59360.030429 6.519853 
59360.062211 6.527010 
59360.093993 6.536985 
59360.125775 6.549735 
59360.157557 6.565211 
59360.189339 6.583360 
59360.221121 6.604128 
59360.252903 6.627454 
59360.284685 6.653277 
59360.316466 6.681530 
59360.348248 6.712144 
59360.380030 6.745048 
59360.411812 6.780166 
59360.443594 6.817422 
59360.475376 6.856736 
59360.507158 6.898025 
59360.538940 6.941205 
59360.570722 6.986190 
59360.602504 7.032892 
59360.634286 7.081222 
59360.666068 7.131089 
59360.697850 7.182399 
59360.729632 7.235060 
59360.761414 7.288978 
59360.793196 7.344058 
59360.824978 7.400205 
59360.856760 7.457322 
59360.888542 7.515315 
59360.920324 7.574087 
59360.952106 7.633543 
59360.983888 7.693589 
59361.015670 7.754129 
59361.047452 7.815070 
59361.079234 7.876320 
59361.111016 7.937788 
59361.142798 7.999383 
59361.174580 8.061016 
59361.206362 8.122602 
59361.238144 8.184054 
59361.269926 8.245291 
59361.301708 8.306231 
59361.333490 8.366795 
59361.365272 8.426908 
59361.397054 8.486495 
59361.428836 8.545487 
59361.460618 8.603814 
59361.492400 8.661413 
59361.524182 8.718220 
59361.555964 8.774178 
59361.587746 8.829230 
59361.619528 8.883325 
59361.651310 8.936413 
59361.683092 8.988449 
59361.714874 9.039393 
59361.746656 9.089205 
59361.778438 9.137851 
59361.810220 9.185302 
59361.842002 9.231529 
59361.873784 9.276511 
59361.905566 9.320227 
59361.937348 9.362663 
59361.969130 9.403807 
59362.000912 9.443651 
59362.032694 9.482192 
59362.064476 9.519430 
59362.096258 9.555367 
59362.128040 9.590012 
59362.159822 9.623377 
59362.191604 9.655474 
59362.223386 9.686323 
59362.255168 9.715946 
59362.286950 9.744367 
59362.318732 9.771616 
59362.350514 9.797723 
59362.382296 9.822723 
59362.414078 9.846655 
59362.445860 9.869558 
59362.477642 9.891477 
59362.509424 9.912456 
59362.541206 9.932546 
59362.572988 9.951796 
59362.604770 9.970259 
59362.636552 9.987991 
59362.668334 10.005048 
59362.700116 10.021490 
59362.731898 10.037375 
59362.763680 10.052766 
59362.795462 10.067726 
59362.827244 10.082317 
59362.859026 10.096605 
59362.890808 10.110655 
59362.922590 10.124531 
59362.954372 10.138301 
59362.986154 10.152029 
59363.017935 10.165781 
59363.049717 10.179623 
59363.081499 10.193620 
59363.113281 10.207835 
59363.145063 10.222332 
59363.176845 10.237172 
59363.208627 10.252416 
59363.240409 10.268124 
59363.272191 10.284352 
59363.303973 10.301156 
59363.335755 10.318589 
59363.367537 10.336702 
59363.399319 10.355545 
59363.431101 10.375162 
59363.462883 10.395597 
59363.494665 10.416891 
59363.526447 10.439079 
59363.558229 10.462196 
59363.590011 10.486273 
59363.621793 10.511335 
59363.653575 10.537405 
59363.685357 10.564503 
59363.717139 10.592643 
59363.748921 10.621837 
59363.780703 10.652091 
59363.812485 10.683407 
59363.844267 10.715784 
59363.876049 10.749214 
59363.907831 10.783687 
59363.939613 10.819186 
59363.971395 10.855692 
59364.003177 10.893178 
59364.034959 10.931615 
59364.066741 10.970967 
59364.098523 11.011196 
59364.130305 11.052255 
59364.162087 11.094096 
59364.193869 11.136665 
59364.225651 11.179902 
59364.257433 11.223743 
59364.289215 11.268119 
59364.320997 11.312958 
59364.352779 11.358181 
59364.384561 11.403705 
59364.416343 11.449444 
59364.448125 11.495305 
59364.479907 11.541195 
59364.511689 11.587011 
59364.543471 11.632651 
59364.575253 11.678008 
59364.607035 11.722968 
59364.638817 11.767419 
59364.670599 11.811240 
59364.702381 11.854310 
59364.734163 11.896505 
59364.765945 11.937696 
59364.797727 11.977755 
59364.829509 12.016547 
59364.861291 12.053938 
59364.893073 12.089791 
59364.924855 12.123968 
59364.956637 12.156327 
59364.988419 12.186729 
59365.020201 12.215029 
59365.051983 12.241085 
59365.083765 12.264753 
59365.115547 12.285889 
59365.147329 12.304350 
59365.179111 12.319991 
59365.210893 12.332669 
59365.242675 12.342244 
59365.274457 12.348572 
59365.306239 12.351517 
59365.338021 12.350939 
59365.369803 12.346704 
59365.401585 12.338678 
59365.433367 12.326731 
59365.465149 12.310735 
59365.496931 12.290567 
59365.528713 12.266107 
59365.560495 12.237236 
59365.592277 12.203844 
59365.624059 12.165822 
59365.655841 12.123067 
59365.687623 12.075480 
59365.719404 12.022969 
59365.751186 11.965448 
59365.782968 11.902833 
59365.814750 11.835051 
59365.846532 11.762032 
59365.878314 11.683714 
59365.910096 11.600042 
59365.941878 11.510969 
59365.973660 11.416452 
59366.005442 11.316459 
59366.037224 11.210966 
59366.069006 11.099953 
59366.100788 10.983412 
59366.132570 10.861343 
59366.164352 10.733753 
59366.196134 10.600659 
59366.227916 10.462086 
59366.259698 10.318068 
59366.291480 10.168648 
59366.323262 10.013880 
59366.355044 9.853826 
59366.386826 9.688556 
59366.418608 9.518152 
59366.450390 9.342705 
59366.482172 9.162313 
59366.513954 8.977087 
59366.545736 8.787147 
59366.577518 8.592620 
59366.609300 8.393647 
59366.641082 8.190374 
59366.672864 7.982959 
59366.704646 7.771571 
59366.736428 7.556384 
59366.768210 7.337586 
59366.799992 7.115371 
59366.831774 6.889944 
59366.863556 6.661518 
59366.895338 6.430315 
59366.927120 6.196565 
59366.958902 5.960508 
59366.990684 5.722392 
59367.022466 5.482471 
59367.054248 5.241009 
59367.086030 4.998278 
59367.117812 4.754555 
59367.149594 4.510127 
59367.181376 4.265284 
59367.213158 4.020327 
59367.244940 3.775560 
59367.276722 3.531293 
59367.308504 3.287844 
59367.340286 3.045534 
59367.372068 2.804689 
59367.403850 2.565641 
59367.435632 2.328725 
59367.467414 2.094279 
59367.499196 1.862646 
59367.530978 1.634171 
59367.562760 1.409202 
59367.594542 1.188088 
59367.626324 0.971181 
59367.658106 0.758833 
59367.689888 0.551398 
59367.721670 0.349230 
59367.753452 0.152683 
59367.785234 -0.037891 
59367.817016 -0.222140 
59367.848798 -0.399712 
59367.880580 -0.570260 
59367.912362 -0.733438 
59367.944144 -0.888901 
59367.975926 -1.036311 
59368.007708 -1.175332 
59368.039490 -1.305632 
59368.071272 -1.426884 
59368.103054 -1.538767 
59368.134836 -1.640966 
59368.166618 -1.733171 
59368.198400 -1.815080 
59368.230182 -1.886397 
59368.261964 -1.946835 
59368.293746 -1.996112 
59368.325528 -2.033960 
59368.357310 -2.060114 
59368.389092 -2.074322 
59368.420873 -2.076342 
59368.452655 -2.065939 
59368.484437 -2.042892 
59368.516219 -2.006989 
59368.548001 -1.958031 
59368.579783 -1.895829 
59368.611565 -1.820206 
59368.643347 -1.731000 
59368.675129 -1.628059 
59368.706911 -1.511245 
59368.738693 -1.380433 
59368.770475 -1.235513 
59368.802257 -1.076388 
59368.834039 -0.902975 
59368.865821 -0.715205 
59368.897603 -0.513025 
59368.929385 -0.296395 
59368.961167 -0.065293 
59368.992949 0.180291 
59369.024731 0.440351 
59369.056513 0.714864 
59369.088295 1.003792 
59369.120077 1.307082 
59369.151859 1.624665 
59369.183641 1.956456 
59369.215423 2.302355 
59369.247205 2.662243 
59369.278987 3.035990 
59369.310769 3.423446 
59369.342551 3.824447 
59369.374333 4.238814 
59369.406115 4.666351 
59369.437897 5.106847 
59369.469679 5.560075 
59369.501461 6.025793 
59369.533243 6.503745 
59369.565025 6.993659 
59369.596807 7.495248 
59369.628589 8.008212 
59369.660371 8.532234 
59369.692153 9.066986 
59369.723935 9.612125 
59369.755717 10.167294 
59369.787499 10.732124 
59369.819281 11.306232 
59369.851063 11.889225 
59369.882845 12.480695 
59369.914627 13.080223 
59369.946409 13.687382 
59369.978191 14.301729 
59370.009973 14.922814 
59370.041755 15.550177 
59370.073537 16.183348 
59370.105319 16.821847 
59370.137101 17.465186 
59370.168883 18.112871 
59370.200665 18.764397 
59370.232447 19.419255 
59370.264229 20.076928 
59370.296011 20.736894 
59370.327793 21.398625 
59370.359575 22.061589 
59370.391357 22.725250 
59370.423139 23.389066 
59370.454921 24.052494 
59370.486703 24.714990 
59370.518485 25.376006 
59370.550267 26.034993 
59370.582049 26.691402 
59370.613831 27.344683 
59370.645613 27.994289 
59370.677395 28.639671 
59370.709177 29.280284 
59370.740959 29.915586 
59370.772741 30.545036 
59370.804523 31.168098 
59370.836305 31.784240 
59370.868087 32.392934 
59370.899869 32.993660 
59370.931651 33.585902 
59370.963433 34.169150 
59370.995215 34.742903 
59371.026997 35.306668 
59371.058779 35.859958 
59371.090561 36.402298 
59371.122342 36.933221 
59371.154124 37.452269 
59371.185906 37.958996 
59371.217688 38.452967 
59371.249470 38.933759 
59371.281252 39.400959 
59371.313034 39.854168 
59371.344816 40.293001 
59371.376598 40.717084 
59371.408380 41.126059 
59371.440162 41.519581 
59371.471944 41.897321 
59371.503726 42.258964 
59371.535508 42.604210 
59371.567290 42.932775 
59371.599072 43.244393 
59371.630854 43.538813 
59371.662636 43.815799 
59371.694418 44.075135 
59371.726200 44.316620 
59371.757982 44.540073 
59371.789764 44.745326 
59371.821546 44.932234 
59371.853328 45.100667 
59371.885110 45.250514 
59371.916892 45.381682 
59371.948674 45.494096 
59371.980456 45.587701 
59372.012238 45.662458 
59372.044020 45.718349 
59372.075802 45.755374 
59372.107584 45.773549 
59372.139366 45.772912 
59372.171148 45.753518 
59372.202930 45.715439 
59372.234712 45.658767 
59372.266494 45.583613 
59372.298276 45.490102 
59372.330058 45.378382 
59372.361840 45.248614 
59372.393622 45.100980 
59372.425404 44.935677 
59372.457186 44.752920 
59372.488968 44.552940 
59372.520750 44.335985 
59372.552532 44.102319 
59372.584314 43.852220 
59372.616096 43.585986 
59372.647878 43.303924 
59372.679660 43.006361 
59372.711442 42.693636 
59372.743224 42.366100 
59372.775006 42.024121 
59372.806788 41.668078 
59372.838570 41.298363 
59372.870352 40.915380 
59372.902134 40.519544 
59372.933916 40.111283 
59372.965698 39.691033 
59372.997480 39.259241 
59373.029262 38.816365 
59373.061044 38.362870 
59373.092826 37.899230 
59373.124608 37.425927 
59373.156390 36.943452 
59373.188172 36.452299 
59373.219954 35.952970 
59373.251736 35.445975 
59373.283518 34.931824 
59373.315300 34.411036 
59373.347082 33.884130 
59373.378864 33.351632 
59373.410646 32.814066 
59373.442428 32.271961 
59373.474210 31.725848 
59373.505992 31.176256 
59373.537774 30.623716 
59373.569556 30.068758 
59373.601338 29.511910 
59373.633120 28.953701 
59373.664902 28.394654 
59373.696684 27.835292 
59373.728466 27.276133 
59373.760248 26.717692 
59373.792029 26.160479 
59373.823811 25.604999 
59373.855593 25.051751 
59373.887375 24.501228 
59373.919157 23.953915 
59373.950939 23.410292 
59373.982721 22.870830 
59374.014503 22.335992 
59374.046285 21.806231 
59374.078067 21.281993 
59374.109849 20.763712 
59374.141631 20.251813 
59374.173413 19.746711 
59374.205195 19.248809 
59374.236977 18.758499 
59374.268759 18.276161 
59374.300541 17.802164 
59374.332323 17.336862 
59374.364105 16.880600 
59374.395887 16.433706 
59374.427669 15.996497 
59374.459451 15.569277 
59374.491233 15.152332 
59374.523015 14.745939 
59374.554797 14.350357 
59374.586579 13.965833 
59374.618361 13.592597 
59374.650143 13.230865 
59374.681925 12.880838 
59374.713707 12.542702 
59374.745489 12.216627 
59374.777271 11.902769 
59374.809053 11.601268 
59374.840835 11.312248 
59374.872617 11.035818 
59374.904399 10.772071 
59374.936181 10.521085 
59374.967963 10.282924 
59374.999745 10.057634 
59375.031527 9.845247 
59375.063309 9.645781 
59375.095091 9.459236 
59375.126873 9.285601 
59375.158655 9.124847 
59375.190437 8.976932 
59375.222219 8.841800 
59375.254001 8.719378 
59375.285783 8.609583 
59375.317565 8.512316 
59375.349347 8.427464 
59375.381129 8.354902 
59375.412911 8.294493 
59375.444693 8.246085 
59375.476475 8.209516 
59375.508257 8.184610 
59375.540039 8.171180 
59375.571821 8.169029 
59375.603603 8.177948 
59375.635385 8.197718 
59375.667167 8.228109 
59375.698949 8.268882 
59375.730731 8.319789 
59375.762513 8.380571 
59375.794295 8.450965 
59375.826077 8.530694 
59375.857859 8.619479 
59375.889641 8.717030 
59375.921423 8.823052 
59375.953205 8.937243 
59375.984987 9.059296 
59376.016769 9.188899 
59376.048551 9.325733 
59376.080333 9.469478 
59376.112115 9.619806 
59376.143897 9.776390 
59376.175679 9.938896 
59376.207461 10.106991 
59376.239243 10.280337 
59376.271025 10.458597 
59376.302807 10.641431 
59376.334589 10.828499 
59376.366371 11.019462 
59376.398153 11.213980 
59376.429935 11.411714 
59376.461717 11.612327 
59376.493498 11.815482 
59376.525280 12.020846 
59376.557062 12.228088 
59376.588844 12.436878 
59376.620626 12.646894 
59376.652408 12.857812 
59376.684190 13.069317 
59376.715972 13.281096 
59376.747754 13.492841 
59376.779536 13.704250 
59376.811318 13.915027 
59376.843100 14.124881 
59376.874882 14.333528 
59376.906664 14.540690 
59376.938446 14.746097 
59376.970228 14.949485 
59377.002010 15.150598 
59377.033792 15.349188 
59377.065574 15.545016 
59377.097356 15.737848 
59377.129138 15.927463 
59377.160920 16.113644 
59377.192702 16.296187 
59377.224484 16.474893 
59377.256266 16.649577 
59377.288048 16.820059 
59377.319830 16.986171 
59377.351612 17.147754 
59377.383394 17.304658 
59377.415176 17.456743 
59377.446958 17.603880 
59377.478740 17.745949 
59377.510522 17.882840 
59377.542304 18.014453 
59377.574086 18.140698 
59377.605868 18.261494 
59377.637650 18.376773 
59377.669432 18.486473 
59377.701214 18.590544 
59377.732996 18.688946 
59377.764778 18.781648 
59377.796560 18.868629 
59377.828342 18.949877 
59377.860124 19.025389 
59377.891906 19.095173 
59377.923688 19.159245 
59377.955470 19.217629 
59377.987252 19.270360 
59378.019034 19.317480 
59378.050816 19.359039 
59378.082598 19.395097 
59378.114380 19.425720 
59378.146162 19.450983 
59378.177944 19.470969 
59378.209726 19.485766 
59378.241508 19.495472 
59378.273290 19.500189 
59378.305072 19.500027 
59378.336854 19.495103 
59378.368636 19.485537 
59378.400418 19.471458 
59378.432200 19.452998 
59378.463982 19.430295 
59378.495764 19.403493 
59378.527546 19.372737 
59378.559328 19.338179 
59378.591110 19.299974 
59378.622892 19.258281 
59378.654674 19.213261 
59378.686456 19.165078 
59378.718238 19.113900 
59378.750020 19.059895 
59378.781802 19.003236 
59378.813584 18.944093 
59378.845366 18.882642 
59378.877148 18.819057 
59378.908930 18.753513 
59378.940712 18.686185 
59378.972494 18.617250 
59379.004276 18.546883 
59379.036058 18.475258 
59379.067840 18.402549 
59379.099622 18.328928 
59379.131404 18.254567 
59379.163186 18.179634 
59379.194967 18.104296 
59379.226749 18.028719 
59379.258531 17.953064 
59379.290313 17.877490 
59379.322095 17.802153 
59379.353877 17.727207 
59379.385659 17.652801 
59379.417441 17.579080 
59379.449223 17.506185 
59379.481005 17.434253 
59379.512787 17.363418 
59379.544569 17.293808 
59379.576351 17.225546 
59379.608133 17.158751 
59379.639915 17.093536 
59379.671697 17.030010 
59379.703479 16.968275 
59379.735261 16.908430 
59379.767043 16.850566 
59379.798825 16.794770 
59379.830607 16.741123 
59379.862389 16.689698 
59379.894171 16.640566 
59379.925953 16.593790 
59379.957735 16.549426 
59379.989517 16.507526 
59380.021299 16.468136 
59380.053081 16.431294 
59380.084863 16.397034 
59380.116645 16.365383 
59380.148427 16.336363 
59380.180209 16.309989 
59380.211991 16.286272 
59380.243773 16.265214 
59380.275555 16.246814 
59380.307337 16.231066 
59380.339119 16.217956 
59380.370901 16.207466 
59380.402683 16.199572 
59380.434465 16.194247 
59380.466247 16.191456 
59380.498029 16.191160 
59380.529811 16.193317 
59380.561593 16.197878 
59380.593375 16.204791 
59380.625157 16.213999 
59380.656939 16.225442 
59380.688721 16.239056 
59380.720503 16.254771 
59380.752285 16.272516 
59380.784067 16.292216 
59380.815849 16.313792 
59380.847631 16.337165 
59380.879413 16.362249 
59380.911195 16.388959 
59380.942977 16.417205 
59380.974759 16.446899 
59381.006541 16.477947 
59381.038323 16.510256 
59381.070105 16.543730 
59381.101887 16.578273 
59381.133669 16.613789 
59381.165451 16.650180 
59381.197233 16.687347 
59381.229015 16.725193 
59381.260797 16.763618 
59381.292579 16.802526 
59381.324361 16.841820 
59381.356143 16.881402 
59381.387925 16.921176 
59381.419707 16.961050 
59381.451489 17.000929 
59381.483271 17.040722 
59381.515053 17.080340 
59381.546835 17.119695 
59381.578617 17.158702 
59381.610399 17.197279 
59381.642181 17.235344 
59381.673963 17.272821 
59381.705745 17.309635 
59381.737527 17.345714 
59381.769309 17.380990 
59381.801091 17.415400 
59381.832873 17.448880 
59381.864655 17.481375 
59381.896436 17.512831 
59381.928218 17.543197 
59381.960000 17.572428 
59381.991782 17.600484 
59382.023564 17.627326 
59382.055346 17.652922 
59382.087128 17.677243 
59382.118910 17.700265 
59382.150692 17.721970 
59382.182474 17.742341 
59382.214256 17.761370 
59382.246038 17.779049 
59382.277820 17.795378 
59382.309602 17.810362 
59382.341384 17.824007 
59382.373166 17.836327 
59382.404948 17.847340 
59382.436730 17.857067 
59382.468512 17.865536 
59382.500294 17.872777 
59382.532076 17.878826 
59382.563858 17.883722 
59382.595640 17.887511 
59382.627422 17.890239 
59382.659204 17.891960 
59382.690986 17.892730 
59382.722768 17.892609 
59382.754550 17.891661 
59382.786332 17.889954 
59382.818114 17.887558 
59382.849896 17.884547 
59382.881678 17.881000 
59382.913460 17.876997 
59382.945242 17.872620 
59382.977024 17.867957 
59383.008806 17.863094 
59383.040588 17.858123 
59383.072370 17.853137 
59383.104152 17.848230 
59383.135934 17.843498 
59383.167716 17.839039 
59383.199498 17.834953 
59383.231280 17.831339 
59383.263062 17.828298 
59383.294844 17.825932 
59383.326626 17.824343 
59383.358408 17.823634 
59383.390190 17.823905 
59383.421972 17.825260 
59383.453754 17.827799 
59383.485536 17.831624 
59383.517318 17.836833 
59383.549100 17.843525 
59383.580882 17.851799 
59383.612664 17.861748 
59383.644446 17.873467 
59383.676228 17.887047 
59383.708010 17.902578 
59383.739792 17.920146 
59383.771574 17.939836 
59383.803356 17.961728 
59383.835138 17.985902 
59383.866920 18.012432 
59383.898702 18.041388 
59383.930484 18.072840 
59383.962266 18.106850 
59383.994048 18.143478 
59384.025830 18.182780 
59384.057612 18.224808 
59384.089394 18.269607 
59384.121176 18.317220 
59384.152958 18.367684 
59384.184740 18.421031 
59384.216522 18.477289 
59384.248304 18.536479 
59384.280086 18.598618 
59384.311868 18.663719 
59384.343650 18.731786 
59384.375432 18.802821 
59384.407214 18.876818 
59384.438996 18.953766 
59384.470778 19.033649 
59384.502560 19.116444 
59384.534342 19.202124 
59384.566124 19.290655 
59384.597905 19.381997 
59384.629687 19.476105 
59384.661469 19.572928 
59384.693251 19.672408 
59384.725033 19.774484 
59384.756815 19.879087 
59384.788597 19.986143 
59384.820379 20.095572 
59384.852161 20.207290 
59384.883943 20.321207 
59384.915725 20.437227 
59384.947507 20.555249 
59384.979289 20.675167 
59385.011071 20.796871 
59385.042853 20.920244 
59385.074635 21.045168 
59385.106417 21.171517 
59385.138199 21.299162 
59385.169981 21.427970 
59385.201763 21.557803 
59385.233545 21.688521 
59385.265327 21.819979 
59385.297109 21.952030 
59385.328891 22.084521 
59385.360673 22.217298 
59385.392455 22.350206 
59385.424237 22.483084 
59385.456019 22.615771 
59385.487801 22.748102 
59385.519583 22.879913 
59385.551365 23.011036 
59385.583147 23.141303 
59385.614929 23.270545 
59385.646711 23.398591 
59385.678493 23.525271 
59385.710275 23.650414 
59385.742057 23.773848 
59385.773839 23.895405 
59385.805621 24.014913 
59385.837403 24.132204 
59385.869185 24.247110 
59385.900967 24.359464 
59385.932749 24.469101 
59385.964531 24.575860 
59385.996313 24.679579 
59386.028095 24.780099 
59386.059877 24.877267 
59386.091659 24.970930 
59386.123441 25.060939 
59386.155223 25.147148 
59386.187005 25.229416 
59386.218787 25.307606 
59386.250569 25.381585 
59386.282351 25.451224 
59386.314133 25.516399 
59386.345915 25.576991 
59386.377697 25.632888 
59386.409479 25.683981 
59386.441261 25.730167 
59386.473043 25.771351 
59386.504825 25.807442 
59386.536607 25.838355 
59386.568389 25.864013 
59386.600171 25.884344 
59386.631953 25.899285 
59386.663735 25.908777 
59386.695517 25.912769 
59386.727299 25.911219 
59386.759081 25.904090 
59386.790863 25.891353 
59386.822645 25.872987 
59386.854427 25.848977 
59386.886209 25.819318 
59386.917991 25.784010 
59386.949773 25.743063 
59386.981555 25.696493 
59387.013337 25.644324 
59387.045119 25.586590 
59387.076901 25.523330 
59387.108683 25.454591 
59387.140465 25.380429 
59387.172247 25.300907 
59387.204029 25.216097 
59387.235811 25.126075 
59387.267593 25.030929 
59387.299374 24.930751 
59387.331156 24.825641 
59387.362938 24.715709 
59387.394720 24.601067 
59387.426502 24.481839 
59387.458284 24.358153 
59387.490066 24.230143 
59387.521848 24.097952 
59387.553630 23.961728 
59387.585412 23.821625 
59387.617194 23.677802 
59387.648976 23.530425 
59387.680758 23.379666 
59387.712540 23.225701 
59387.744322 23.068712 
59387.776104 22.908884 
59387.807886 22.746409 
59387.839668 22.581482 
59387.871450 22.414301 
59387.903232 22.245069 
59387.935014 22.073992 
59387.966796 21.901280 
59387.998578 21.727145 
59388.030360 21.551800 
59388.062142 21.375464 
59388.093924 21.198355 
59388.125706 21.020692 
59388.157488 20.842698 
59388.189270 20.664596 
59388.221052 20.486607 
59388.252834 20.308956 
59388.284616 20.131866 
59388.316398 19.955560 
59388.348180 19.780260 
59388.379962 19.606187 
59388.411744 19.433561 
59388.443526 19.262600 
59388.475308 19.093521 
59388.507090 18.926536 
59388.538872 18.761857 
59388.570654 18.599691 
59388.602436 18.440243 
59388.634218 18.283714 
59388.666000 18.130300 
59388.697782 17.980194 
59388.729564 17.833584 
59388.761346 17.690652 
59388.793128 17.551577 
59388.824910 17.416529 
59388.856692 17.285677 
59388.888474 17.159180 
59388.920256 17.037192 
59388.952038 16.919861 
59388.983820 16.807327 
59389.015602 16.699723 
59389.047384 16.597177 
59389.079166 16.499806 
59389.110948 16.407722 
59389.142730 16.321028 
59389.174512 16.239818 
59389.206294 16.164181 
59389.238076 16.094192 
59389.269858 16.029923 
59389.301640 15.971435 
59389.333422 15.918779 
59389.365204 15.871998 
59389.396986 15.831127 
59389.428768 15.796189 
59389.460550 15.767202 
59389.492332 15.744171 
59389.524114 15.727092 
59389.555896 15.715954 
59389.587678 15.710735 
59389.619460 15.711402 
59389.651242 15.717916 
59389.683024 15.730226 
59389.714806 15.748273 
59389.746588 15.771988 
59389.778370 15.801293 
59389.810152 15.836100 
59389.841934 15.876313 
59389.873716 15.921827 
59389.905498 15.972527 
59389.937280 16.028291 
59389.969061 16.088988 
59390.000843 16.154476 
59390.032625 16.224608 
59390.064407 16.299227 
59390.096189 16.378170 
59390.127971 16.461263 
59390.159753 16.548329 
59390.191535 16.639179 
59390.223317 16.733622 
59390.255099 16.831455 
59390.286881 16.932472 
59390.318663 17.036461 
59390.350445 17.143201 
59390.382227 17.252469 
59390.414009 17.364034 
59390.445791 17.477662 
59390.477573 17.593113 
59390.509355 17.710142 
59390.541137 17.828501 
59390.572919 17.947939 
59390.604701 18.068200 
59390.636483 18.189027 
59390.668265 18.310158 
59390.700047 18.431330 
59390.731829 18.552278 
59390.763611 18.672736 
59390.795393 18.792435 
59390.827175 18.911108 
59390.858957 19.028486 
59390.890739 19.144299 
59390.922521 19.258278 
59390.954303 19.370157 
59390.986085 19.479668 
59391.017867 19.586546 
59391.049649 19.690528 
59391.081431 19.791353 
59391.113213 19.888763 
59391.144995 19.982501 
59391.176777 20.072317 
59391.208559 20.157962 
59391.240341 20.239192 
59391.272123 20.315767 
59391.303905 20.387453 
59391.335687 20.454021 
59391.367469 20.515246 
59391.399251 20.570911 
59391.431033 20.620804 
59391.462815 20.664719 
59391.494597 20.702459 
59391.526379 20.733831 
59391.558161 20.758652 
59391.589943 20.776746 
59391.621725 20.787945 
59391.653507 20.792089 
59391.685289 20.789027 
59391.717071 20.778616 
59391.748853 20.760722 
59391.780635 20.735222 
59391.812417 20.701999 
59391.844199 20.660950 
59391.875981 20.611978 
59391.907763 20.554998 
59391.939545 20.489935 
59391.971327 20.416722 
59392.003109 20.335306 
59392.034891 20.245641 
59392.066673 20.147695 
59392.098455 20.041443 
59392.130237 19.926874 
59392.162019 19.803986 
59392.193801 19.672787 
59392.225583 19.533299 
59392.257365 19.385552 
59392.289147 19.229588 
59392.320929 19.065459 
59392.352711 18.893229 
59392.384493 18.712972 
59392.416275 18.524773 
59392.448057 18.328727 
59392.479839 18.124941 
59392.511621 17.913530 
59392.543403 17.694621 
59392.575185 17.468351 
59392.606967 17.234867 
59392.638749 16.994325 
59392.670530 16.746891 
59392.702312 16.492742 
59392.734094 16.232062 
59392.765876 15.965045 
59392.797658 15.691894 
59392.829440 15.412819 
59392.861222 15.128042 
59392.893004 14.837788 
59392.924786 14.542295 
59392.956568 14.241804 
59392.988350 13.936565 
59393.020132 13.626836 
59393.051914 13.312880 
59393.083696 12.994967 
59393.115478 12.673371 
59393.147260 12.348375 
59393.179042 12.020264 
59393.210824 11.689330 
59393.242606 11.355868 
59393.274388 11.020178 
59393.306170 10.682563 
59393.337952 10.343329 
59393.369734 10.002788 
59393.401516 9.661250 
59393.433298 9.319030 
59393.465080 8.976444 
59393.496862 8.633810 
59393.528644 8.291447 
59393.560426 7.949673 
59393.592208 7.608808 
59393.623990 7.269170 
59393.655772 6.931078 
59393.687554 6.594849 
59393.719336 6.260800 
59393.751118 5.929244 
59393.782900 5.600492 
59393.814682 5.274855 
59393.846464 4.952638 
59393.878246 4.634144 
59393.910028 4.319672 
59393.941810 4.009516 
59393.973592 3.703968 
59394.005374 3.403312 
59394.037156 3.107828 
59394.068938 2.817791 
59394.100720 2.533471 
59394.132502 2.255128 
59394.164284 1.983019 
59394.196066 1.717394 
59394.227848 1.458492 
59394.259630 1.206549 
59394.291412 0.961792 
59394.323194 0.724438 
59394.354976 0.494698 
59394.386758 0.272772 
59394.418540 0.058855 
59394.450322 -0.146871 
59394.482104 -0.344232 
59394.513886 -0.533061 
59394.545668 -0.713204 
59394.577450 -0.884516 
59394.609232 -1.046860 
59394.641014 -1.200111 
59394.672796 -1.344155 
59394.704578 -1.478885 
59394.736360 -1.604209 
59394.768142 -1.720042 
59394.799924 -1.826310 
59394.831706 -1.922953 
59394.863488 -2.009917 
59394.895270 -2.087163 
59394.927052 -2.154660 
59394.958834 -2.212389 
59394.990616 -2.260342 
59395.022398 -2.298521 
59395.054180 -2.326939 
59395.085962 -2.345621 
59395.117744 -2.354600 
59395.149526 -2.353922 
59395.181308 -2.343643 
59395.213090 -2.323829 
59395.244872 -2.294555 
59395.276654 -2.255908 
59395.308436 -2.207985 
59395.340218 -2.150891 
59395.371999 -2.084743 
59395.403781 -2.009664 
59395.435563 -1.925791 
59395.467345 -1.833266 
59395.499127 -1.732241 
59395.530909 -1.622878 
59395.562691 -1.505345 
59395.594473 -1.379821 
59395.626255 -1.246490 
59395.658037 -1.105545 
59395.689819 -0.957186 
59395.721601 -0.801620 
59395.753383 -0.639061 
59395.785165 -0.469729 
59395.816947 -0.293850 
59395.848729 -0.111657 
59395.880511 0.076613 
59395.912293 0.270717 
59395.944075 0.470409 
59395.975857 0.675436 
59396.007639 0.885542 
59396.039421 1.100467 
59396.071203 1.319949 
59396.102985 1.543722 
59396.134767 1.771515 
59396.166549 2.003060 
59396.198331 2.238081 
59396.230113 2.476305 
59396.261895 2.717455 
59396.293677 2.961255 
59396.325459 3.207428 
59396.357241 3.455695 
59396.389023 3.705780 
59396.420805 3.957406 
59396.452587 4.210296 
59396.484369 4.464177 
59396.516151 4.718775 
59396.547933 4.973820 
59396.579715 5.229042 
59396.611497 5.484175 
59396.643279 5.738956 
59396.675061 5.993126 
59396.706843 6.246427 
59396.738625 6.498607 
59396.770407 6.749419 
59396.802189 6.998617 
59396.833971 7.245964 
59396.865753 7.491224 
59396.897535 7.734169 
59396.929317 7.974577 
59396.961099 8.212228 
59396.992881 8.446913 
59397.024663 8.678426 
59397.056445 8.906568 
59397.088227 9.131147 
59397.120009 9.351979 
59397.151791 9.568885 
59397.183573 9.781695 
59397.215355 9.990246 
59397.247137 10.194380 
59397.278919 10.393952 
59397.310701 10.588820 
59397.342483 10.778852 
59397.374265 10.963924 
59397.406047 11.143920 
59397.437829 11.318732 
59397.469611 11.488260 
59397.501393 11.652414 
59397.533175 11.811110 
59397.564957 11.964275 
59397.596739 12.111841 
59397.628521 12.253752 
59397.660303 12.389958 
59397.692085 12.520419 
59397.723867 12.645102 
59397.755649 12.763984 
59397.787431 12.877048 
59397.819213 12.984287 
59397.850995 13.085701 
59397.882777 13.181300 
59397.914559 13.271100 
59397.946341 13.355126 
59397.978123 13.433409 
59398.009905 13.505989 
59398.041687 13.572913 
59398.073468 13.634237 
59398.105250 13.690021 
59398.137032 13.740334 
59398.168814 13.785251 
59398.200596 13.824855 
59398.232378 13.859233 
59398.264160 13.888480 
59398.295942 13.912697 
59398.327724 13.931990 
59398.359506 13.946470 
59398.391288 13.956255 
59398.423070 13.961467 
59398.454852 13.962232 
59398.486634 13.958683 
59398.518416 13.950956 
59398.550198 13.939189 
59398.581980 13.923528 
59398.613762 13.904119 
59398.645544 13.881113 
59398.677326 13.854663 
59398.709108 13.824927 
59398.740890 13.792063 
59398.772672 13.756231 
59398.804454 13.717595 
59398.836236 13.676320 
59398.868018 13.632571 
59398.899800 13.586516 
59398.931582 13.538321 
59398.963364 13.488157 
59398.995146 13.436191 
59399.026928 13.382592 
59399.058710 13.327529 
59399.090492 13.271170 
59399.122274 13.213681 
59399.154056 13.155230 
59399.185838 13.095979 
59399.217620 13.036094 
59399.249402 12.975736 
59399.281184 12.915063 
59399.312966 12.854234 
59399.344748 12.793403 
59399.376530 12.732722 
59399.408312 12.672341 
59399.440094 12.612404 
59399.471876 12.553057 
59399.503658 12.494436 
59399.535440 12.436679 
59399.567222 12.379916 
59399.599004 12.324276 
59399.630786 12.269881 
59399.662568 12.216852 
59399.694350 12.165302 
59399.726132 12.115341 
59399.757914 12.067076 
59399.789696 12.020606 
59399.821478 11.976027 
59399.853260 11.933428 
59399.885042 11.892896 
59399.916824 11.854510 
59399.948606 11.818344 
59399.980388 11.784469 
59400.012170 11.752947 
59400.043952 11.723837 
59400.075734 11.697192 
59400.107516 11.673060 
59400.139298 11.651481 
59400.171080 11.632493 
59400.202862 11.616125 
59400.234644 11.602404 
59400.266426 11.591348 
59400.298208 11.582973 
59400.329990 11.577286 
59400.361772 11.574291 
59400.393554 11.573987 
59400.425336 11.576366 
59400.457118 11.581416 
59400.488900 11.589119 
59400.520682 11.599454 
59400.552464 11.612392 
59400.584246 11.627902 
59400.616028 11.645947 
59400.647810 11.666486 
59400.679592 11.689473 
59400.711374 11.714858 
59400.743156 11.742587 
59400.774937 11.772602 
59400.806719 11.804841 
59400.838501 11.839237 
59400.870283 11.875723 
59400.902065 11.914225 
59400.933847 11.954667 
59400.965629 11.996970 
59400.997411 12.041054 
59401.029193 12.086833 
59401.060975 12.134220 
59401.092757 12.183127 
59401.124539 12.233463 
59401.156321 12.285133 
59401.188103 12.338044 
59401.219885 12.392099 
59401.251667 12.447199 
59401.283449 12.503247 
59401.315231 12.560142 
59401.347013 12.617783 
59401.378795 12.676070 
59401.410577 12.734901 
59401.442359 12.794174 
59401.474141 12.853787 
59401.505923 12.913639 
59401.537705 12.973629 
59401.569487 13.033655 
59401.601269 13.093620 
59401.633051 13.153422 
59401.664833 13.212966 
59401.696615 13.272153 
59401.728397 13.330890 
59401.760179 13.389082 
59401.791961 13.446638 
59401.823743 13.503468 
59401.855525 13.559484 
59401.887307 13.614601 
59401.919089 13.668736 
59401.950871 13.721808 
59401.982653 13.773738 
59402.014435 13.824452 
59402.046217 13.873877 
59402.077999 13.921944 
59402.109781 13.968585 
59402.141563 14.013738 
59402.173345 14.057342 
59402.205127 14.099340 
59402.236909 14.139680 
59402.268691 14.178311 
59402.300473 14.215186 
59402.332255 14.250264 
59402.364037 14.283504 
59402.395819 14.314871 
59402.427601 14.344333 
59402.459383 14.371862 
59402.491165 14.397434 
59402.522947 14.421029 
59402.554729 14.442628 
59402.586511 14.462220 
59402.618293 14.479795 
59402.650075 14.495347 
59402.681857 14.508875 
59402.713639 14.520379 
59402.745421 14.529867 
59402.777203 14.537347 
59402.808985 14.542831 
59402.840767 14.546336 
59402.872549 14.547881 
59402.904331 14.547490 
59402.936113 14.545188 
59402.967895 14.541006 
59402.999677 14.534976 
59403.031459 14.527134 
59403.063241 14.517519 
59403.095023 14.506172 
59403.126805 14.493138 
59403.158587 14.478464 
59403.190369 14.462199 
59403.222151 14.444397 
59403.253933 14.425111 
59403.285715 14.404398 
59403.317497 14.382317 
59403.349279 14.358929 
59403.381061 14.334296 
59403.412843 14.308483 
59403.444624 14.281556 
59403.476406 14.253582 
59403.508188 14.224631 
59403.539970 14.194771 
59403.571752 14.164075 
59403.603534 14.132613 
59403.635316 14.100460 
59403.667098 14.067687 
59403.698880 14.034370 
59403.730662 14.000582 
59403.762444 13.966399 
59403.794226 13.931894 
59403.826008 13.897143 
59403.857790 13.862219 
59403.889572 13.827198 
59403.921354 13.792153 
59403.953136 13.757158 
59403.984918 13.722286 
59404.016700 13.687608 
59404.048482 13.653196 
59404.080264 13.619119 
59404.112046 13.585448 
59404.143828 13.552250 
59404.175610 13.519592 
59404.207392 13.487538 
59404.239174 13.456154 
59404.270956 13.425502 
59404.302738 13.395641 
59404.334520 13.366632 
59404.366302 13.338531 
59404.398084 13.311394 
59404.429866 13.285275 
59404.461648 13.260224 
59404.493430 13.236292 
59404.525212 13.213525 
59404.556994 13.191971 
59404.588776 13.171670 
59404.620558 13.152666 
59404.652340 13.134995 
59404.684122 13.118697 
59404.715904 13.103803 
59404.747686 13.090348 
59404.779468 13.078360 
59404.811250 13.067868 
59404.843032 13.058897 
59404.874814 13.051469 
59404.906596 13.045607 
59404.938378 13.041329 
59404.970160 13.038652 
59405.001942 13.037589 
59405.033724 13.038154 
59405.065506 13.040357 
59405.097288 13.044206 
59405.129070 13.049707 
59405.160852 13.056865 
59405.192634 13.065682 
59405.224416 13.076160 
59405.256198 13.088296 
59405.287980 13.102088 
59405.319762 13.117532 
59405.351544 13.134623 
59405.383326 13.153351 
59405.415108 13.173709 
59405.446890 13.195687 
59405.478672 13.219274 
59405.510454 13.244456 
59405.542236 13.271220 
59405.574018 13.299552 
59405.605800 13.329436 
59405.637582 13.360855 
59405.669364 13.393794 
59405.701146 13.428234 
59405.732928 13.464157 
59405.764710 13.501544 
59405.796492 13.540376 
59405.828274 13.580634 
59405.860056 13.622298 
59405.891838 13.665349 
59405.923620 13.709767 
59405.955402 13.755531 
59405.987184 13.802623 
59406.018966 13.851024 
59406.050748 13.900713 
59406.082530 13.951672 
59406.114312 14.003883 
59406.146093 14.057328 
59406.177875 14.111989 
59406.209657 14.167849 
59406.241439 14.224893 
59406.273221 14.283105 
59406.305003 14.342469 
59406.336785 14.402973 
59406.368567 14.464603 
59406.400349 14.527346 
59406.432131 14.591191 
59406.463913 14.656129 
59406.495695 14.722148 
59406.527477 14.789241 
59406.559259 14.857400 
59406.591041 14.926618 
59406.622823 14.996889 
59406.654605 15.068209 
59406.686387 15.140573 
59406.718169 15.213979 
59406.749951 15.288425 
59406.781733 15.363909 
59406.813515 15.440432 
59406.845297 15.517993 
59406.877079 15.596594 
59406.908861 15.676236 
59406.940643 15.756923 
59406.972425 15.838657 
59407.004207 15.921442 
59407.035989 16.005283 
59407.067771 16.090183 
59407.099553 16.176147 
59407.131335 16.263182 
59407.163117 16.351290 
59407.194899 16.440479 
59407.226681 16.530752 
59407.258463 16.622116 
59407.290245 16.714574 
59407.322027 16.808130 
59407.353809 16.902789 
59407.385591 16.998554 
59407.417373 17.095426 
59407.449155 17.193408 
59407.480937 17.292501 
59407.512719 17.392703 
59407.544501 17.494012 
59407.576283 17.596426 
59407.608065 17.699940 
59407.639847 17.804548 
59407.671629 17.910240 
59407.703411 18.017009 
59407.735193 18.124840 
59407.766975 18.233721 
59407.798757 18.343634 
59407.830539 18.454561 
59407.862321 18.566479 
59407.894103 18.679365 
59407.925885 18.793192 
59407.957667 18.907928 
59407.989449 19.023542 
59408.021231 19.139996 
59408.053013 19.257251 
59408.084795 19.375263 
59408.116577 19.493985 
59408.148359 19.613368 
59408.180141 19.733356 
59408.211923 19.853891 
59408.243705 19.974911 
59408.275487 20.096350 
59408.307269 20.218138 
59408.339051 20.340198 
59408.370833 20.462454 
59408.402615 20.584820 
59408.434397 20.707210 
59408.466179 20.829530 
59408.497961 20.951684 
59408.529743 21.073571 
59408.561525 21.195084 
59408.593307 21.316113 
59408.625089 21.436541 
59408.656871 21.556250 
59408.688653 21.675115 
59408.720435 21.793006 
59408.752217 21.909789 
59408.783999 22.025326 
59408.815781 22.139474 
59408.847562 22.252085 
59408.879344 22.363008 
59408.911126 22.472085 
59408.942908 22.579156 
59408.974690 22.684057 
59409.006472 22.786619 
59409.038254 22.886667 
59409.070036 22.984027 
59409.101818 23.078516 
59409.133600 23.169950 
59409.165382 23.258143 
59409.197164 23.342901 
59409.228946 23.424033 
59409.260728 23.501339 
59409.292510 23.574620 
59409.324292 23.643673 
59409.356074 23.708293 
59409.387856 23.768272 
59409.419638 23.823401 
59409.451420 23.873468 
59409.483202 23.918262 
59409.514984 23.957567 
59409.546766 23.991169 
59409.578548 24.018852 
59409.610330 24.040398 
59409.642112 24.055592 
59409.673894 24.064216 
59409.705676 24.066054 
59409.737458 24.060891 
59409.769240 24.048510 
59409.801022 24.028698 
59409.832804 24.001242 
59409.864586 23.965932 
59409.896368 23.922560 
59409.928150 23.870918 
59409.959932 23.810804 
59409.991714 23.742016 
59410.023496 23.664359 
59410.055278 23.577638 
59410.087060 23.481664 
59410.118842 23.376252 
59410.150624 23.261221 
59410.182406 23.136396 
59410.214188 23.001607 
59410.245970 22.856689 
59410.277752 22.701483 
59410.309534 22.535838 
59410.341316 22.359607 
59410.373098 22.172651 
59410.404880 21.974839 
59410.436662 21.766047 
59410.468444 21.546158 
59410.500226 21.315064 
59410.532008 21.072665 
59410.563790 20.818870 
59410.595572 20.553596 
59410.627354 20.276770 
59410.659136 19.988328 
59410.690918 19.688217 
59410.722700 19.376393 
59410.754482 19.052821 
59410.786264 18.717478 
59410.818046 18.370351 
59410.849828 18.011438 
59410.881610 17.640749 
59410.913392 17.258302 
59410.945174 16.864131 
59410.976956 16.458276 
59411.008738 16.040794 
59411.040520 15.611750 
59411.072302 15.171223 
59411.104084 14.719303 
59411.135866 14.256091 
59411.167648 13.781703 
59411.199430 13.296264 
59411.231212 12.799914 
59411.262994 12.292804 
59411.294776 11.775096 
59411.326558 11.246967 
59411.358340 10.708604 
59411.390122 10.160207 
59411.421904 9.601988 
59411.453686 9.034172 
59411.485468 8.456995 
59411.517250 7.870704 
59411.549031 7.275560 
59411.580813 6.671834 
59411.612595 6.059809 
59411.644377 5.439781 
59411.676159 4.812054 
59411.707941 4.176945 
59411.739723 3.534781 
59411.771505 2.885900 
59411.803287 2.230651 
59411.835069 1.569392 
59411.866851 0.902490 
59411.898633 0.230324 
59411.930415 -0.446721 
59411.962197 -1.128249 
59411.993979 -1.813855 
59412.025761 -2.503128 
59412.057543 -3.195648 
59412.089325 -3.890987 
59412.121107 -4.588710 
59412.152889 -5.288376 
59412.184671 -5.989539 
59412.216453 -6.691743 
59412.248235 -7.394531 
59412.280017 -8.097439 
59412.311799 -8.799999 
59412.343581 -9.501737 
59412.375363 -10.202179 
59412.407145 -10.900844 
59412.438927 -11.597252 
59412.470709 -12.290917 
59412.502491 -12.981355 
59412.534273 -13.668078 
59412.566055 -14.350600 
59412.597837 -15.028431 
59412.629619 -15.701086 
59412.661401 -16.368077 
59412.693183 -17.028919 
59412.724965 -17.683130 
59412.756747 -18.330228 
59412.788529 -18.969736 
59412.820311 -19.601180 
59412.852093 -20.224088 
59412.883875 -20.837996 
59412.915657 -21.442443 
59412.947439 -22.036973 
59412.979221 -22.621138 
59413.011003 -23.194495 
59413.042785 -23.756608 
59413.074567 -24.307050 
59413.106349 -24.845400 
59413.138131 -25.371248 
59413.169913 -25.884191 
59413.201695 -26.383837 
59413.233477 -26.869802 
59413.265259 -27.341714 
59413.297041 -27.799211 
59413.328823 -28.241944 
59413.360605 -28.669573 
59413.392387 -29.081771 
59413.424169 -29.478225 
59413.455951 -29.858633 
59413.487733 -30.222706 
59413.519515 -30.570170 
59413.551297 -30.900764 
59413.583079 -31.214241 
59413.614861 -31.510370 
59413.646643 -31.788931 
59413.678425 -32.049724 
59413.710207 -32.292561 
59413.741989 -32.517270 
59413.773771 -32.723695 
59413.805553 -32.911696 
59413.837335 -33.081149 
59413.869117 -33.231946 
59413.900899 -33.363996 
59413.932681 -33.477224 
59413.964463 -33.571572 
59413.996245 -33.646998 
59414.028027 -33.703476 
59414.059809 -33.741000 
59414.091591 -33.759577 
59414.123373 -33.759233 
59414.155155 -33.740010 
59414.186937 -33.701967 
59414.218719 -33.645180 
59414.250500 -33.569741 
59414.282282 -33.475758 
59414.314064 -33.363356 
59414.345846 -33.232676 
59414.377628 -33.083876 
59414.409410 -32.917129 
59414.441192 -32.732624 
59414.472974 -32.530563 
59414.504756 -32.311168 
59414.536538 -32.074671 
59414.568320 -31.821323 
59414.600102 -31.551386 
59414.631884 -31.265137 
59414.663666 -30.962869 
59414.695448 -30.644884 
59414.727230 -30.311501 
59414.759012 -29.963049 
59414.790794 -29.599872 
59414.822576 -29.222322 
59414.854358 -28.830766 
59414.886140 -28.425581 
59414.917922 -28.007152 
59414.949704 -27.575879 
59414.981486 -27.132166 
59415.013268 -26.676430 
59415.045050 -26.209096 
59415.076832 -25.730596 
59415.108614 -25.241370 
59415.140396 -24.741865 
59415.172178 -24.232536 
59415.203960 -23.713842 
59415.235742 -23.186248 
59415.267524 -22.650224 
59415.299306 -22.106246 
59415.331088 -21.554791 
59415.362870 -20.996341 
59415.394652 -20.431381 
59415.426434 -19.860396 
59415.458216 -19.283875 
59415.489998 -18.702307 
59415.521780 -18.116182 
59415.553562 -17.525988 
59415.585344 -16.932214 
59415.617126 -16.335348 
59415.648908 -15.735875 
59415.680690 -15.134278 
59415.712472 -14.531038 
59415.744254 -13.926632 
59415.776036 -13.321532 
59415.807818 -12.716207 
59415.839600 -12.111120 
59415.871382 -11.506729 
59415.903164 -10.903486 
59415.934946 -10.301837 
59415.966728 -9.702220 
59415.998510 -9.105066 
59416.030292 -8.510797 
59416.062074 -7.919830 
59416.093856 -7.332569 
59416.125638 -6.749412 
59416.157420 -6.170746 
59416.189202 -5.596948 
59416.220984 -5.028385 
59416.252766 -4.465414 
59416.284548 -3.908380 
59416.316330 -3.357616 
59416.348112 -2.813447 
59416.379894 -2.276181 
59416.411676 -1.746117 
59416.443458 -1.223542 
59416.475240 -0.708728 
59416.507022 -0.201936 
59416.538804 0.296586 
59416.570586 0.786606 
59416.602368 1.267901 
59416.634150 1.740264 
59416.665932 2.203503 
59416.697714 2.657436 
59416.729496 3.101899 
59416.761278 3.536737 
59416.793060 3.961814 
59416.824842 4.377003 
59416.856624 4.782196 
59416.888406 5.177294 
59416.920188 5.562214 
59416.951969 5.936889 
59416.983751 6.301260 
59417.015533 6.655288 
59417.047315 6.998942 
59417.079097 7.332208 
59417.110879 7.655083 
59417.142661 7.967579 
59417.174443 8.269717 
59417.206225 8.561536 
59417.238007 8.843082 
59417.269789 9.114417 
59417.301571 9.375612 
59417.333353 9.626752 
59417.365135 9.867931 
59417.396917 10.099257 
59417.428699 10.320844 
59417.460481 10.532821 
59417.492263 10.735325 
59417.524045 10.928501 
59417.555827 11.112507 
59417.587609 11.287506 
59417.619391 11.453672 
59417.651173 11.611186 
59417.682955 11.760238 
59417.714737 11.901023 
59417.746519 12.033744 
59417.778301 12.158612 
59417.810083 12.275841 
59417.841865 12.385653 
59417.873647 12.488273 
59417.905429 12.583934 
59417.937211 12.672869 
59417.968993 12.755318 
59418.000775 12.831523 
59418.032557 12.901729 
59418.064339 12.966183 
59418.096121 13.025134 
59418.127903 13.078833 
59418.159685 13.127533 
59418.191467 13.171485 
59418.223249 13.210943 
59418.255031 13.246158 
59418.286813 13.277382 
59418.318595 13.304867 
59418.350377 13.328859 
59418.382159 13.349608 
59418.413941 13.367356 
59418.445723 13.382346 
59418.477505 13.394817 
59418.509287 13.405003 
59418.541069 13.413135 
59418.572851 13.419442 
59418.604633 13.424143 
59418.636415 13.427458 
59418.668197 13.429597 
59418.699979 13.430768 
59418.731761 13.431170 
59418.763543 13.430999 
59418.795325 13.430441 
59418.827107 13.429678 
59418.858889 13.428885 
59418.890671 13.428228 
59418.922453 13.427868 
59418.954235 13.427956 
59418.986017 13.428636 
59419.017799 13.430046 
59419.049581 13.432315 
59419.081363 13.435561 
59419.113145 13.439899 
59419.144927 13.445430 
59419.176709 13.452251 
59419.208491 13.460449 
59419.240273 13.470102 
59419.272055 13.481280 
59419.303837 13.494043 
59419.335619 13.508445 
59419.367401 13.524531 
59419.399183 13.542334 
59419.430965 13.561884 
59419.462747 13.583199 
59419.494529 13.606289 
59419.526311 13.631157 
59419.558093 13.657799 
59419.589875 13.686200 
59419.621656 13.716339 
59419.653438 13.748189 
59419.685220 13.781713 
59419.717002 13.816868 
59419.748784 13.853605 
59419.780566 13.891867 
59419.812348 13.931591 
59419.844130 13.972707 
59419.875912 14.015140 
59419.907694 14.058809 
59419.939476 14.103628 
59419.971258 14.149506 
59420.003040 14.196346 
59420.034822 14.244047 
59420.066604 14.292504 
59420.098386 14.341610 
59420.130168 14.391251 
59420.161950 14.441311 
59420.193732 14.491674 
59420.225514 14.542217 
59420.257296 14.592819 
59420.289078 14.643354 
59420.320860 14.693697 
59420.352642 14.743720 
59420.384424 14.793296 
59420.416206 14.842296 
59420.447988 14.890594 
59420.479770 14.938060 
59420.511552 14.984569 
59420.543334 15.029995 
59420.575116 15.074213 
59420.606898 15.117102 
59420.638680 15.158541 
59420.670462 15.198413 
59420.702244 15.236603 
59420.734026 15.273000 
59420.765808 15.307496 
59420.797590 15.339986 
59420.829372 15.370372 
59420.861154 15.398557 
59420.892936 15.424451 
59420.924718 15.447969 
59420.956500 15.469029 
59420.988282 15.487558 
59421.020064 15.503485 
59421.051846 15.516750 
59421.083628 15.527293 
59421.115410 15.535067 
59421.147192 15.540026 
59421.178974 15.542134 
59421.210756 15.541362 
59421.242538 15.537687 
59421.274320 15.531093 
59421.306102 15.521573 
59421.337884 15.509126 
59421.369666 15.493760 
59421.401448 15.475489 
59421.433230 15.454337 
59421.465012 15.430333 
59421.496794 15.403515 
59421.528576 15.373930 
59421.560358 15.341631 
59421.592140 15.306680 
59421.623922 15.269145 
59421.655704 15.229104 
59421.687486 15.186640 
59421.719268 15.141846 
59421.751050 15.094821 
59421.782832 15.045671 
59421.814614 14.994509 
59421.846396 14.941456 
59421.878178 14.886638 
59421.909960 14.830189 
59421.941742 14.772250 
59421.973524 14.712965 
59422.005306 14.652487 
59422.037088 14.590974 
59422.068870 14.528587 
59422.100652 14.465495 
59422.132434 14.401869 
59422.164216 14.337889 
59422.195998 14.273733 
59422.227780 14.209588 
59422.259562 14.145641 
59422.291344 14.082085 
59422.323125 14.019113 
59422.354907 13.956922 
59422.386689 13.895711 
59422.418471 13.835680 
59422.450253 13.777032 
59422.482035 13.719967 
59422.513817 13.664689 
59422.545599 13.611400 
59422.577381 13.560304 
59422.609163 13.511602 
59422.640945 13.465494 
59422.672727 13.422180 
59422.704509 13.381855 
59422.736291 13.344713 
59422.768073 13.310948 
59422.799855 13.280745 
59422.831637 13.254290 
59422.863419 13.231763 
59422.895201 13.213339 
59422.926983 13.199188 
59422.958765 13.189476 
59422.990547 13.184362 
59423.022329 13.184000 
59423.054111 13.188535 
59423.085893 13.198108 
59423.117675 13.212851 
59423.149457 13.232889 
59423.181239 13.258339 
59423.213021 13.289308 
59423.244803 13.325898 
59423.276585 13.368198 
59423.308367 13.416291 
59423.340149 13.470248 
59423.371931 13.530132 
59423.403713 13.595995 
59423.435495 13.667879 
59423.467277 13.745816 
59423.499059 13.829826 
59423.530841 13.919919 
59423.562623 14.016094 
59423.594405 14.118339 
59423.626187 14.226629 
59423.657969 14.340930 
59423.689751 14.461195 
59423.721533 14.587365 
59423.753315 14.719371 
59423.785097 14.857130 
59423.816879 15.000549 
59423.848661 15.149523 
59423.880443 15.303934 
59423.912225 15.463655 
59423.944007 15.628544 
59423.975789 15.798450 
59424.007571 15.973211 
59424.039353 16.152651 
59424.071135 16.336585 
59424.102917 16.524817 
59424.134699 16.717140 
59424.166481 16.913335 
59424.198263 17.113175 
59424.230045 17.316422 
59424.261827 17.522828 
59424.293609 17.732136 
59424.325391 17.944079 
59424.357173 18.158381 
59424.388955 18.374760 
59424.420737 18.592923 
59424.452519 18.812570 
59424.484301 19.033395 
59424.516083 19.255084 
59424.547865 19.477315 
59424.579647 19.699763 
59424.611429 19.922096 
59424.643211 20.143976 
59424.674993 20.365061 
59424.706775 20.585006 
59424.738557 20.803461 
59424.770339 21.020074 
59424.802121 21.234489 
59424.833903 21.446349 
59424.865685 21.655296 
59424.897467 21.860970 
59424.929249 22.063012 
59424.961031 22.261061 
59424.992813 22.454758 
59425.024594 22.643748 
59425.056376 22.827674 
59425.088158 23.006183 
59425.119940 23.178926 
59425.151722 23.345557 
59425.183504 23.505734 
59425.215286 23.659121 
59425.247068 23.805387 
59425.278850 23.944207 
59425.310632 24.075262 
59425.342414 24.198241 
59425.374196 24.312841 
59425.405978 24.418767 
59425.437760 24.515734 
59425.469542 24.603464 
59425.501324 24.681690 
59425.533106 24.750158 
59425.564888 24.808621 
59425.596670 24.856846 
59425.628452 24.894611 
59425.660234 24.921707 
59425.692016 24.937938 
59425.723798 24.943121 
59425.755580 24.937086 
59425.787362 24.919678 
59425.819144 24.890757 
59425.850926 24.850197 
59425.882708 24.797886 
59425.914490 24.733730 
59425.946272 24.657650 
59425.978054 24.569582 
59426.009836 24.469479 
59426.041618 24.357311 
59426.073400 24.233065 
59426.105182 24.096743 
59426.136964 23.948366 
59426.168746 23.787972 
59426.200528 23.615616 
59426.232310 23.431370 
59426.264092 23.235323 
59426.295874 23.027584 
59426.327656 22.808276 
59426.359438 22.577542 
59426.391220 22.335541 
59426.423002 22.082451 
59426.454784 21.818465 
59426.486566 21.543793 
59426.518348 21.258665 
59426.550130 20.963324 
59426.581912 20.658032 
59426.613694 20.343065 
59426.645476 20.018718 
59426.677258 19.685297 
59426.709040 19.343128 
59426.740822 18.992549 
59426.772604 18.633914 
59426.804386 18.267591 
59426.836168 17.893961 
59426.867950 17.513417 
59426.899732 17.126369 
59426.931514 16.733235 
59426.963296 16.334447 
59426.995078 15.930447 
59427.026860 15.521689 
59427.058642 15.108636 
59427.090424 14.691761 
59427.122206 14.271545 
59427.153988 13.848478 
59427.185770 13.423058 
59427.217552 12.995787 
59427.249334 12.567177 
59427.281116 12.137743 
59427.312898 11.708006 
59427.344680 11.278489 
59427.376462 10.849720 
59427.408244 10.422229 
59427.440026 9.996548 
59427.471808 9.573209 
59427.503590 9.152745 
59427.535372 8.735688 
59427.567154 8.322569 
59427.598936 7.913916 
59427.630718 7.510254 
59427.662500 7.112105 
59427.694282 6.719986 
59427.726063 6.334408 
59427.757845 5.955877 
59427.789627 5.584890 
59427.821409 5.221939 
59427.853191 4.867504 
59427.884973 4.522059 
59427.916755 4.186065 
59427.948537 3.859974 
59427.980319 3.544226 
59428.012101 3.239248 
59428.043883 2.945455 
59428.075665 2.663247 
59428.107447 2.393010 
59428.139229 2.135114 
59428.171011 1.889916 
59428.202793 1.657753 
59428.234575 1.438947 
59428.266357 1.233802 
59428.298139 1.042603 
59428.329921 0.865617 
59428.361703 0.703092 
59428.393485 0.555254 
59428.425267 0.422311 
59428.457049 0.304450 
59428.488831 0.201836 
59428.520613 0.114612 
59428.552395 0.042900 
59428.584177 -0.013201 
59428.615959 -0.053614 
59428.647741 -0.078286 
59428.679523 -0.087185 
59428.711305 -0.080305 
59428.743087 -0.057661 
59428.774869 -0.019295 
59428.806651 0.034731 
59428.838433 0.104328 
59428.870215 0.189384 
59428.901997 0.289765 
59428.933779 0.405310 
59428.965561 0.535835 
59428.997343 0.681134 
59429.029125 0.840975 
59429.060907 1.015103 
59429.092689 1.203241 
59429.124471 1.405087 
59429.156253 1.620318 
59429.188035 1.848586 
59429.219817 2.089523 
59429.251599 2.342738 
59429.283381 2.607820 
59429.315163 2.884334 
59429.346945 3.171828 
59429.378727 3.469826 
59429.410509 3.777836 
59429.442291 4.095345 
59429.474073 4.421822 
59429.505855 4.756718 
59429.537637 5.099467 
59429.569419 5.449487 
59429.601201 5.806179 
59429.632983 6.168930 
59429.664765 6.537113 
59429.696547 6.910086 
59429.728329 7.287194 
59429.760111 7.667772 
59429.791893 8.051144 
59429.823675 8.436620 
59429.855457 8.823506 
59429.887239 9.211095 
59429.919021 9.598676 
59429.950803 9.985528 
59429.982585 10.370927 
59430.014367 10.754143 
59430.046149 11.134442 
59430.077931 11.511090 
59430.109713 11.883347 
59430.141495 12.250476 
59430.173277 12.611737 
59430.205059 12.966394 
59430.236841 13.313712 
59430.268623 13.652959 
59430.300405 13.983408 
59430.332187 14.304337 
59430.363969 14.615031 
59430.395751 14.914780 
59430.427532 15.202886 
59430.459314 15.478657 
59430.491096 15.741414 
59430.522878 15.990487 
59430.554660 16.225219 
59430.586442 16.444968 
59430.618224 16.649103 
59430.650006 16.837012 
59430.681788 17.008095 
59430.713570 17.161772 
59430.745352 17.297478 
59430.777134 17.414671 
59430.808916 17.512823 
59430.840698 17.591431 
59430.872480 17.650010 
59430.904262 17.688098 
59430.936044 17.705257 
59430.967826 17.701070 
59430.999608 17.675145 
59431.031390 17.627114 
59431.063172 17.556636 
59431.094954 17.463394 
59431.126736 17.347098 
59431.158518 17.207486 
59431.190300 17.044322 
59431.222082 16.857397 
59431.253864 16.646534 
59431.285646 16.411581 
59431.317428 16.152417 
59431.349210 15.868949 
59431.380992 15.561115 
59431.412774 15.228882 
59431.444556 14.872248 
59431.476338 14.491240 
59431.508120 14.085915 
59431.539902 13.656363 
59431.571684 13.202701 
59431.603466 12.725079 
59431.635248 12.223677 
59431.667030 11.698703 
59431.698812 11.150399 
59431.730594 10.579034 
59431.762376 9.984907 
59431.794158 9.368349 
59431.825940 8.729717 
59431.857722 8.069399 
59431.889504 7.387812 
59431.921286 6.685399 
59431.953068 5.962632 
59431.984850 5.220012 
59432.016632 4.458063 
59432.048414 3.677338 
59432.080196 2.878415 
59432.111978 2.061896 
59432.143760 1.228409 
59432.175542 0.378604 
59432.207324 -0.486846 
59432.239106 -1.367244 
59432.270888 -2.261874 
59432.302670 -3.169998 
59432.334452 -4.090859 
59432.366234 -5.023681 
59432.398016 -5.967669 
59432.429798 -6.922013 
59432.461580 -7.885887 
59432.493362 -8.858446 
59432.525144 -9.838837 
59432.556926 -10.826189 
59432.588708 -0.219573 
