# time Tc_folded Tref_folded value value_err offset model full_model val_compare val_compare_err residuals residuals_err jitter jitter_flag offset_flag subset_flag 
59334.700184 0.000000 0.000000 -54.716667 0.950000 -50.300406 -1.083266 -51.383671 -4.416261 0.950000 -3.332996 0.950000 1.792002  -1   2  -1 
59334.703954 0.000000 0.000000 -53.866667 0.950000 -50.300406 -1.084385 -51.384791 -3.566261 0.950000 -2.481876 0.950000 1.792002  -1   2  -1 
59334.711459 0.000000 0.000000 -54.216667 0.950000 -50.300406 -1.086606 -51.387012 -3.916261 0.950000 -2.829655 0.950000 1.792002  -1   2  -1 
59334.934601 0.000000 0.000000 -59.983333 0.950000 -57.858854 -1.147355 -59.006210 -2.124479 0.950000 -0.977123 0.950000 1.792002  -1   3  -1 
59334.935678 0.000000 0.000000 -60.633333 0.950000 -57.858854 -1.147623 -59.006477 -2.774479 0.950000 -1.626856 0.950000 1.792002  -1   3  -1 
59334.936754 0.000000 0.000000 -59.216667 0.950000 -57.858854 -1.147889 -59.006744 -1.357813 0.950000 -0.209923 0.950000 1.792002  -1   3  -1 
59336.069824 0.000000 0.000000 -61.100000 0.950000 -57.858854 -1.262700 -59.121555 -3.241146 0.950000 -1.978445 0.950000 1.792002  -1   3  -1 
59336.071983 0.000000 0.000000 -60.883333 0.950000 -57.858854 -1.262582 -59.121436 -3.024479 0.950000 -1.761897 0.950000 1.792002  -1   3  -1 
59336.073065 0.000000 0.000000 -56.733333 0.950000 -57.858854 -1.262522 -59.121376 1.125521 0.950000 2.388043 0.950000 1.792002  -1   3  -1 
59336.087932 0.000000 0.000000 -73.800000 0.950000 -73.136809 -1.261665 -74.398474 -0.663191 0.950000 0.598474 0.950000 1.792002  -1   0  -1 
59336.113567 0.000000 0.000000 -74.433333 0.950000 -73.136809 -1.260045 -74.396854 -1.296524 0.950000 -0.036479 0.950000 1.792002  -1   0  -1 
59336.116529 0.000000 0.000000 -72.733333 0.950000 -73.136809 -1.259847 -74.396655 0.403476 0.950000 1.663322 0.950000 1.792002  -1   0  -1 
59337.794690 0.000000 0.000000 -49.966667 0.950000 -50.300406 -0.856911 -51.157316 0.333739 0.950000 1.190649 0.950000 1.792002  -1   2  -1 
59337.802213 0.000000 0.000000 -50.250000 0.950000 -50.300406 -0.854414 -51.154820 0.050406 0.950000 0.904820 0.950000 1.792002  -1   2  -1 
59337.805964 0.000000 0.000000 -52.816667 0.950000 -50.300406 -0.853169 -51.153575 -2.516261 0.950000 -1.663092 0.950000 1.792002  -1   2  -1 
59338.101617 0.000000 0.000000 -73.116667 0.950000 -73.136809 -0.756486 -73.893294 0.020142 0.950000 0.776627 0.950000 1.792002  -1   0  -1 
59338.106766 0.000000 0.000000 -76.166667 0.950000 -73.136809 -0.754844 -73.891653 -3.029858 0.950000 -2.275014 0.950000 1.792002  -1   0  -1 
59338.111894 0.000000 0.000000 -72.666667 0.950000 -73.136809 -0.753212 -73.890020 0.470142 0.950000 1.223353 0.950000 1.792002  -1   0  -1 
59340.098120 0.000000 0.000000 -60.116667 0.950000 -57.858854 -0.491546 -58.350400 -2.257813 0.950000 -1.766267 0.950000 1.792002  -1   3  -1 
59340.099194 0.000000 0.000000 -59.983333 0.950000 -57.858854 -0.491669 -58.350524 -2.124479 0.950000 -1.632809 0.950000 1.792002  -1   3  -1 
59340.101354 0.000000 0.000000 -60.550000 0.950000 -57.858854 -0.491919 -58.350773 -2.691146 0.950000 -2.199227 0.950000 1.792002  -1   3  -1 
59340.125153 0.000000 0.000000 -70.300000 0.950000 -73.136809 -0.494742 -73.631551 2.836809 0.950000 3.331551 0.950000 1.792002  -1   0  -1 
59340.134329 0.000000 0.000000 -72.866667 0.950000 -73.136809 -0.495869 -73.632678 0.270142 0.950000 0.766011 0.950000 1.792002  -1   0  -1 
59340.148161 0.000000 0.000000 -68.533333 0.950000 -73.136809 -0.497607 -73.634415 4.603476 0.950000 5.101082 0.950000 1.792002  -1   0  -1 
59341.954385 0.000000 0.000000 -59.533333 0.950000 -57.858854 -0.974010 -58.832864 -1.674479 0.950000 -0.700469 0.950000 1.792002  -1   3  -1 
59341.957620 0.000000 0.000000 -59.716667 0.950000 -57.858854 -0.974950 -58.833804 -1.857813 0.950000 -0.882863 0.950000 1.792002  -1   3  -1 
59341.958695 0.000000 0.000000 -55.016667 0.950000 -57.858854 -0.975262 -58.834117 2.842187 0.950000 3.817450 0.950000 1.792002  -1   3  -1 
59341.996746 0.000000 0.000000 -71.316667 0.950000 -73.136809 -0.986236 -74.123045 1.820142 0.950000 2.806378 0.950000 1.792002  -1   0  -1 
59342.000684 0.000000 0.000000 -72.216667 0.950000 -73.136809 -0.987363 -74.124171 0.920142 0.950000 1.907504 0.950000 1.792002  -1   0  -1 
59343.674792 0.000000 0.000000 -53.333333 0.950000 -50.300406 -1.189657 -51.490063 -3.032927 0.950000 -1.843270 0.950000 1.792002  -1   2  -1 
59343.682301 0.000000 0.000000 -51.850000 0.950000 -50.300406 -1.189015 -51.489420 -1.549594 0.950000 -0.360580 0.950000 1.792002  -1   2  -1 
59343.689815 0.000000 0.000000 -50.800000 0.950000 -50.300406 -1.188358 -51.488763 -0.499594 0.950000 0.688763 0.950000 1.792002  -1   2  -1 
59344.038460 0.000000 0.000000 -77.833333 0.950000 -73.136809 -1.142989 -74.279798 -4.696524 0.950000 -3.553535 0.950000 1.792002  -1   0  -1 
59344.047124 0.000000 0.000000 -75.633333 0.950000 -73.136809 -1.141510 -74.278319 -2.496524 0.950000 -1.355014 0.950000 1.792002  -1   0  -1 
59344.054785 0.000000 0.000000 -73.050000 0.950000 -73.136809 -1.140190 -74.276998 0.086809 0.950000 1.226998 0.950000 1.792002  -1   0  -1 
59344.090520 0.000000 0.000000 -59.566667 0.950000 -57.858854 -1.133866 -58.992720 -1.707813 0.950000 -0.573947 0.950000 1.792002  -1   3  -1 
59344.093753 0.000000 0.000000 -57.016667 0.950000 -57.858854 -1.133281 -58.992135 0.842187 0.950000 1.975468 0.950000 1.792002  -1   3  -1 
59344.094826 0.000000 0.000000 -55.883333 0.950000 -57.858854 -1.133086 -58.991940 1.975521 0.950000 3.108607 0.950000 1.792002  -1   3  -1 
59345.052239 0.000000 0.000000 -71.833333 0.950000 -73.136809 -0.890736 -74.027544 1.303476 0.950000 2.194211 0.950000 1.792002  -1   0  -1 
59345.054836 0.000000 0.000000 -71.700000 0.950000 -73.136809 -0.889972 -74.026780 1.436809 0.950000 2.326780 0.950000 1.792002  -1   0  -1 
59345.062635 0.000000 0.000000 -71.133333 0.950000 -73.136809 -0.887678 -74.024487 2.003476 0.950000 2.891154 0.950000 1.792002  -1   0  -1 
59348.691508 0.000000 0.000000 -48.633333 0.950000 -50.300406 -0.900427 -51.200833 1.667073 0.950000 2.567500 0.950000 1.792002  -1   2  -1 
59348.699020 0.000000 0.000000 -49.933333 0.950000 -50.300406 -0.902778 -51.203184 0.367073 0.950000 1.269851 0.950000 1.792002  -1   2  -1 
59348.702790 0.000000 0.000000 -55.850000 0.950000 -50.300406 -0.903958 -51.204364 -5.549594 0.950000 -4.645636 0.950000 1.792002  -1   2  -1 
59349.021951 0.000000 0.000000 -74.950000 0.950000 -73.136809 -1.002221 -74.139030 -1.813191 0.950000 -0.810970 0.950000 1.792002  -1   0  -1 
59349.026999 0.000000 0.000000 -73.216667 0.950000 -73.136809 -1.003727 -74.140536 -0.079858 0.950000 0.923869 0.950000 1.792002  -1   0  -1 
59349.032064 0.000000 0.000000 -72.666667 0.950000 -73.136809 -1.005237 -74.142045 0.470142 0.950000 1.475378 0.950000 1.792002  -1   0  -1 
59350.089948 0.000000 0.000000 -72.450000 0.950000 -73.136809 -1.228372 -74.365181 0.686809 0.950000 1.915181 0.950000 1.792002  -1   0  -1 
59350.092419 0.000000 0.000000 -71.983333 0.950000 -73.136809 -1.228591 -74.365399 1.153476 0.950000 2.382066 0.950000 1.792002  -1   0  -1 
59350.106715 0.000000 0.000000 -74.616667 0.950000 -73.136809 -1.229822 -74.366631 -1.479858 0.950000 -0.250036 0.950000 1.792002  -1   0  -1 
59350.920251 0.000000 0.000000 -71.933333 0.950000 -73.136809 -1.198706 -74.335515 1.203476 0.950000 2.402182 0.950000 1.792002  -1   0  -1 
59351.708087 0.000000 0.000000 -55.500000 0.950000 -50.300406 -0.988595 -51.289000 -5.199594 0.950000 -4.211000 0.950000 1.792002  -1   2  -1 
59351.715613 0.000000 0.000000 -55.816667 0.950000 -50.300406 -0.985915 -51.286321 -5.516261 0.950000 -4.530346 0.950000 1.792002  -1   2  -1 
59351.726880 0.000000 0.000000 -51.000000 0.950000 -50.300406 -0.981886 -51.282292 -0.699594 0.950000 0.282292 0.950000 1.792002  -1   2  -1 
59352.098517 0.000000 0.000000 -71.966667 0.950000 -73.136809 -0.838807 -73.975616 1.170142 0.950000 2.008949 0.950000 1.792002  -1   0  -1 
59352.108322 0.000000 0.000000 -72.800000 0.950000 -73.136809 -0.834825 -73.971633 0.336809 0.950000 1.171633 0.950000 1.792002  -1   0  -1 
59352.122068 0.000000 0.000000 -72.483333 0.950000 -73.136809 -0.829229 -73.966038 0.653476 0.950000 1.482705 0.950000 1.792002  -1   0  -1 
59353.715347 0.000000 0.000000 -52.500000 0.950000 -50.300406 -0.265420 -50.565826 -2.199594 0.950000 -1.934174 0.950000 1.792002  -1   2  -1 
59353.719104 0.000000 0.000000 -51.050000 0.950000 -50.300406 -0.264688 -50.565093 -0.749594 0.950000 -0.484907 0.950000 1.792002  -1   2  -1 
59353.722869 0.000000 0.000000 -48.066667 0.950000 -50.300406 -0.263958 -50.564364 2.233739 0.950000 2.497697 0.950000 1.792002  -1   2  -1 
59354.076145 0.000000 0.000000 -71.883333 0.950000 -73.136809 -0.215908 -73.352717 1.253476 0.950000 1.469384 0.950000 1.792002  -1   0  -1 
59354.101312 0.000000 0.000000 -72.616667 0.950000 -73.136809 -0.214091 -73.350900 0.520142 0.950000 0.734233 0.950000 1.792002  -1   0  -1 
59354.104255 0.000000 0.000000 -73.250000 0.950000 -73.136809 -0.213893 -73.350702 -0.113191 0.950000 0.100702 0.950000 1.792002  -1   0  -1 
59356.710684 0.000000 0.000000 -49.516667 0.950000 -50.300406 -1.012446 -51.312852 0.783739 0.950000 1.796185 0.950000 1.792002  -1   2  -1 
59356.721985 0.000000 0.000000 -52.666667 0.950000 -50.300406 -1.017853 -51.318259 -2.366261 0.950000 -1.348408 0.950000 1.792002  -1   2  -1 
59356.725745 0.000000 0.000000 -51.733333 0.950000 -50.300406 -1.019650 -51.320056 -1.432927 0.950000 -0.413277 0.950000 1.792002  -1   2  -1 
59357.087914 0.000000 0.000000 -60.000000 0.950000 -57.858854 -1.185735 -59.044589 -2.141146 0.950000 -0.955411 0.950000 1.792002  -1   3  -1 
59357.090082 0.000000 0.000000 -60.383333 0.950000 -57.858854 -1.186677 -59.045531 -2.524479 0.950000 -1.337802 0.950000 1.792002  -1   3  -1 
59357.092248 0.000000 0.000000 -62.016667 0.950000 -57.858854 -1.187617 -59.046471 -4.157813 0.950000 -2.970196 0.950000 1.792002  -1   3  -1 
59358.923301 0.000000 0.000000 -73.616667 0.950000 -73.136809 -1.591144 -74.727953 -0.479858 0.950000 1.111286 0.950000 1.792002  -1   0  -1 
59358.931249 0.000000 0.000000 -73.250000 0.950000 -73.136809 -1.591034 -74.727843 -0.113191 0.950000 1.477843 0.950000 1.792002  -1   0  -1 
59358.937426 0.000000 0.000000 -73.483333 0.950000 -73.136809 -1.590938 -74.727747 -0.346524 0.950000 1.244414 0.950000 1.792002  -1   0  -1 
59358.952972 0.000000 0.000000 -62.200000 0.950000 -57.858854 -1.590660 -59.449515 -4.341146 0.950000 -2.750485 0.950000 1.792002  -1   3  -1 
59358.954053 0.000000 0.000000 -59.366667 0.950000 -57.858854 -1.590639 -59.449493 -1.507813 0.950000 0.082826 0.950000 1.792002  -1   3  -1 
59358.956208 0.000000 0.000000 -59.716667 0.950000 -57.858854 -1.590596 -59.449450 -1.857813 0.950000 -0.267217 0.950000 1.792002  -1   3  -1 
59361.683491 0.000000 0.000000 -50.250000 0.950000 -50.300406 -1.287349 -51.587755 0.050406 0.950000 1.337755 0.950000 1.792002  -1   2  -1 
59361.687248 0.000000 0.000000 -56.883333 0.950000 -50.300406 -1.287281 -51.587687 -6.582927 0.950000 -5.295646 0.950000 1.792002  -1   2  -1 
59361.691012 0.000000 0.000000 -50.800000 0.950000 -50.300406 -1.287215 -51.587621 -0.499594 0.950000 0.787621 0.950000 1.792002  -1   2  -1 
59361.944566 0.000000 0.000000 -79.083333 0.950000 -73.136809 -1.287229 -74.424037 -5.946524 0.950000 -4.659296 0.950000 1.792002  -1   0  -1 
59361.947357 0.000000 0.000000 -74.766667 0.950000 -73.136809 -1.287276 -74.424085 -1.629858 0.950000 -0.342582 0.950000 1.792002  -1   0  -1 
59361.957166 0.000000 0.000000 -74.333333 0.950000 -73.136809 -1.287452 -74.424260 -1.196524 0.950000 0.090927 0.950000 1.792002  -1   0  -1 
59362.136140 0.000000 0.000000 -60.316667 0.950000 -57.858854 -1.292718 -59.151573 -2.457813 0.950000 -1.165094 0.950000 1.792002  -1   3  -1 
59362.137220 0.000000 0.000000 -59.983333 0.950000 -57.858854 -1.292761 -59.151616 -2.124479 0.950000 -0.831717 0.950000 1.792002  -1   3  -1 
59362.138308 0.000000 0.000000 -59.283333 0.950000 -57.858854 -1.292805 -59.151659 -1.424479 0.950000 -0.131674 0.950000 1.792002  -1   3  -1 
59364.917885 0.000000 0.000000 -60.483333 0.950000 -57.858854 -1.314051 -59.172905 -2.624479 0.950000 -1.310428 0.950000 1.792002  -1   3  -1 
59364.918966 0.000000 0.000000 -64.483333 0.950000 -57.858854 -1.313834 -59.172689 -6.624479 0.950000 -5.310644 0.950000 1.792002  -1   3  -1 
59364.921142 0.000000 0.000000 -61.950000 0.950000 -57.858854 -1.313398 -59.172253 -4.091146 0.950000 -2.777747 0.950000 1.792002  -1   3  -1 
59365.067320 0.000000 0.000000 -76.000000 0.950000 -73.136809 -1.281810 -74.418618 -2.863191 0.950000 -1.581382 0.950000 1.792002  -1   0  -1 
59365.069993 0.000000 0.000000 -75.566667 0.950000 -73.136809 -1.281191 -74.417999 -2.429858 0.950000 -1.148668 0.950000 1.792002  -1   0  -1 
59365.075398 0.000000 0.000000 -73.750000 0.950000 -73.136809 -1.279935 -74.416743 -0.613191 0.950000 0.666743 0.950000 1.792002  -1   0  -1 
59365.648355 0.000000 0.000000 -53.250000 0.950000 -50.300406 -1.116376 -51.416782 -2.949594 0.950000 -1.833218 0.950000 1.792002  -1   2  -1 
59365.652118 0.000000 0.000000 -49.583333 0.950000 -50.300406 -1.115131 -51.415536 0.717073 0.950000 1.832203 0.950000 1.792002  -1   2  -1 
59365.659667 0.000000 0.000000 -50.516667 0.950000 -50.300406 -1.112627 -51.413033 -0.216261 0.950000 0.896366 0.950000 1.792002  -1   2  -1 
59365.941188 0.000000 0.000000 -72.800000 0.950000 -73.136809 -1.014914 -74.151723 0.336809 0.950000 1.351723 0.950000 1.792002  -1   0  -1 
59365.959824 0.000000 0.000000 -71.450000 0.950000 -73.136809 -1.008208 -74.145016 1.686809 0.950000 2.695016 0.950000 1.792002  -1   0  -1 
59369.761210 0.000000 0.000000 -51.666667 0.950000 -50.300406 -1.273064 -51.573469 -1.366261 0.950000 -0.093198 0.950000 1.792002  -1   2  -1 
59369.768738 0.000000 0.000000 -48.800000 0.950000 -50.300406 -1.278733 -51.579139 1.500406 0.950000 2.779139 0.950000 1.792002  -1   2  -1 
59369.776263 0.000000 0.000000 -49.616667 0.950000 -50.300406 -1.284414 -51.584819 0.683739 0.950000 1.968152 0.950000 1.792002  -1   2  -1 
59369.910940 0.000000 0.000000 -58.650000 0.950000 -57.858854 -1.388219 -59.247073 -0.791146 0.950000 0.597073 0.950000 1.792002  -1   3  -1 
59369.912028 0.000000 0.000000 -61.266667 0.950000 -57.858854 -1.389073 -59.247927 -3.407813 0.950000 -2.018740 0.950000 1.792002  -1   3  -1 
59369.913108 0.000000 0.000000 -60.633333 0.950000 -57.858854 -1.389921 -59.248775 -2.774479 0.950000 -1.384558 0.950000 1.792002  -1   3  -1 
59370.023276 0.000000 0.000000 -73.100000 0.950000 -73.136809 -1.477526 -74.614335 0.036809 0.950000 1.514335 0.950000 1.792002  -1   0  -1 
59370.025654 0.000000 0.000000 -72.283333 0.950000 -73.136809 -1.479440 -74.616249 0.853476 0.950000 2.332916 0.950000 1.792002  -1   0  -1 
59370.030553 0.000000 0.000000 -75.700000 0.950000 -73.136809 -1.483385 -74.620194 -2.563191 0.950000 -1.079806 0.950000 1.792002  -1   0  -1 
59374.802541 0.000000 0.000000 -55.016667 0.950000 -50.300406 -2.624238 -52.924644 -4.716261 0.950000 -2.092023 0.950000 1.792002  -1   2  -1 
59374.806302 0.000000 0.000000 -54.700000 0.950000 -50.300406 -2.622673 -52.923078 -4.399594 0.950000 -1.776922 0.950000 1.792002  -1   2  -1 
59374.810063 0.000000 0.000000 -54.816667 0.950000 -50.300406 -2.621108 -52.921513 -4.516261 0.950000 -1.895154 0.950000 1.792002  -1   2  -1 
59376.787767 0.000000 0.000000 -50.866667 0.950000 -50.300406 -2.174022 -52.474427 -0.566261 0.950000 1.607760 0.950000 1.792002  -1   2  -1 
59376.791518 0.000000 0.000000 -51.600000 0.950000 -50.300406 -2.174175 -52.474581 -1.299594 0.950000 0.874581 0.950000 1.792002  -1   2  -1 
59376.799035 0.000000 0.000000 -52.550000 0.950000 -50.300406 -2.174495 -52.474901 -2.249594 0.950000 -0.075099 0.950000 1.792002  -1   2  -1 
59376.948922 0.000000 0.000000 -56.850000 0.950000 -57.858854 -2.183998 -60.042852 1.008854 0.950000 3.192852 0.950000 1.792002  -1   3  -1 
59376.951075 0.000000 0.000000 -63.950000 0.950000 -57.858854 -2.184176 -60.043031 -6.091146 0.950000 -3.906969 0.950000 1.792002  -1   3  -1 
59376.952157 0.000000 0.000000 -58.733333 0.950000 -57.858854 -2.184267 -60.043121 -0.874479 0.950000 1.309788 0.950000 1.792002  -1   3  -1 
59377.106321 0.000000 0.000000 -73.850000 0.950000 -73.136809 -2.200045 -75.336854 -0.713191 0.950000 1.486854 0.950000 1.792002  -1   0  -1 
59377.108935 0.000000 0.000000 -73.916667 0.950000 -73.136809 -2.200361 -75.337170 -0.779858 0.950000 1.420503 0.950000 1.792002  -1   0  -1 
59377.116326 0.000000 0.000000 -76.050000 0.950000 -73.136809 -2.201262 -75.338071 -2.913191 0.950000 -0.711929 0.950000 1.792002  -1   0  -1 
59377.628949 0.000000 0.000000 -49.950000 0.950000 -50.300406 -2.289499 -52.589905 0.350406 0.950000 2.639905 0.950000 1.792002  -1   2  -1 
59377.636479 0.000000 0.000000 -49.500000 0.950000 -50.300406 -2.291102 -52.591508 0.800406 0.950000 3.091508 0.950000 1.792002  -1   2  -1 
59377.640253 0.000000 0.000000 -53.566667 0.950000 -50.300406 -2.291908 -52.592313 -3.266261 0.950000 -0.974354 0.950000 1.792002  -1   2  -1 
59378.026109 0.000000 0.000000 -79.550000 0.950000 -73.136809 -2.380732 -75.517541 -6.413191 0.950000 -4.032459 0.950000 1.792002  -1   0  -1 
59378.031599 0.000000 0.000000 -79.350000 0.950000 -73.136809 -2.382053 -75.518862 -6.213191 0.950000 -3.831138 0.950000 1.792002  -1   0  -1 
59378.035635 0.000000 0.000000 -79.200000 0.950000 -73.136809 -2.383025 -75.519834 -6.063191 0.950000 -3.680166 0.950000 1.792002  -1   0  -1 
59379.024886 0.000000 0.000000 -78.300000 0.950000 -73.136809 -2.592837 -75.729646 -5.163191 0.950000 -2.570354 0.950000 1.792002  -1   0  -1 
59379.027585 0.000000 0.000000 -77.933333 0.950000 -73.136809 -2.593236 -75.730045 -4.796524 0.950000 -2.203288 0.950000 1.792002  -1   0  -1 
59379.734125 0.000000 0.000000 -57.433333 0.950000 -50.300406 -2.643140 -52.943545 -7.132927 0.950000 -4.489788 0.950000 1.792002  -1   2  -1 
59379.737891 0.000000 0.000000 -56.033333 0.950000 -50.300406 -2.643089 -52.943495 -5.732927 0.950000 -3.089838 0.950000 1.792002  -1   2  -1 
59379.749170 0.000000 0.000000 -57.450000 0.950000 -50.300406 -2.642916 -52.943321 -7.149594 0.950000 -4.506679 0.950000 1.792002  -1   2  -1 
59379.927944 0.000000 0.000000 -75.900000 0.950000 -73.136809 -2.635985 -75.772794 -2.763191 0.950000 -0.127206 0.950000 1.792002  -1   0  -1 
59379.940910 0.000000 0.000000 -73.533333 0.950000 -73.136809 -2.635178 -75.771987 -0.396524 0.950000 2.238654 0.950000 1.792002  -1   0  -1 
59379.943737 0.000000 0.000000 -79.350000 0.950000 -73.136809 -2.634997 -75.771805 -6.213191 0.950000 -3.578195 0.950000 1.792002  -1   0  -1 
59380.041449 0.000000 0.000000 -59.933333 0.950000 -57.858854 -2.627542 -60.486396 -2.074479 0.950000 0.553063 0.950000 1.792002  -1   3  -1 
59380.044695 0.000000 0.000000 -58.583333 0.950000 -57.858854 -2.627255 -60.486110 -0.724479 0.950000 1.902777 0.950000 1.792002  -1   3  -1 
59380.045775 0.000000 0.000000 -59.016667 0.950000 -57.858854 -2.627159 -60.486014 -1.157813 0.950000 1.469347 0.950000 1.792002  -1   3  -1 
59381.742082 0.000000 0.000000 -50.483333 0.950000 -50.300406 -2.249370 -52.549776 -0.182927 0.950000 2.066443 0.950000 1.792002  -1   2  -1 
59381.745840 0.000000 0.000000 -49.400000 0.950000 -50.300406 -2.248390 -52.548796 0.900406 0.950000 3.148796 0.950000 1.792002  -1   2  -1 
59381.749613 0.000000 0.000000 -52.583333 0.950000 -50.300406 -2.247407 -52.547813 -2.282927 0.950000 -0.035520 0.950000 1.792002  -1   2  -1 
59381.964035 0.000000 0.000000 -74.200000 0.950000 -73.136809 -2.194024 -75.330832 -1.063191 0.950000 1.130832 0.950000 1.792002  -1   0  -1 
59381.966642 0.000000 0.000000 -73.750000 0.950000 -73.136809 -2.193410 -75.330218 -0.613191 0.950000 1.580218 0.950000 1.792002  -1   0  -1 
59381.969218 0.000000 0.000000 -70.400000 0.950000 -73.136809 -2.192804 -75.329612 2.736809 0.950000 4.929612 0.950000 1.792002  -1   0  -1 
59382.115350 0.000000 0.000000 -62.633333 0.950000 -57.858854 -2.160083 -60.018937 -4.774479 0.950000 -2.614396 0.950000 1.792002  -1   3  -1 
59382.116432 0.000000 0.000000 -61.450000 0.950000 -57.858854 -2.159854 -60.018708 -3.591146 0.950000 -1.431292 0.950000 1.792002  -1   3  -1 
59382.117507 0.000000 0.000000 -61.900000 0.950000 -57.858854 -2.159626 -60.018480 -4.041146 0.950000 -1.881520 0.950000 1.792002  -1   3  -1 
59383.644277 0.000000 0.000000 -51.500000 0.950000 -50.300406 -2.132227 -52.432633 -1.199594 0.950000 0.932633 0.950000 1.792002  -1   2  -1 
59383.648053 0.000000 0.000000 -54.066667 0.950000 -50.300406 -2.133018 -52.433424 -3.766261 0.950000 -1.633243 0.950000 1.792002  -1   2  -1 
59383.655584 0.000000 0.000000 -51.733333 0.950000 -50.300406 -2.134609 -52.435014 -1.432927 0.950000 0.701681 0.950000 1.792002  -1   2  -1 
59383.978595 0.000000 0.000000 -60.683333 0.950000 -57.858854 -2.218274 -60.077128 -2.824479 0.950000 -0.606205 0.950000 1.792002  -1   3  -1 
59383.979676 0.000000 0.000000 -59.300000 0.950000 -57.858854 -2.218603 -60.077457 -1.441146 0.950000 0.777457 0.950000 1.792002  -1   3  -1 
59383.981846 0.000000 0.000000 -60.383333 0.950000 -57.858854 -2.219263 -60.078117 -2.524479 0.950000 -0.305216 0.950000 1.792002  -1   3  -1 
59383.992473 0.000000 0.000000 -72.050000 0.950000 -73.136809 -2.222515 -75.359323 1.086809 0.950000 3.309323 0.950000 1.792002  -1   0  -1 
59384.002278 0.000000 0.000000 -76.266667 0.950000 -73.136809 -2.225541 -75.362350 -3.129858 0.950000 -0.904317 0.950000 1.792002  -1   0  -1 
59384.007238 0.000000 0.000000 -75.783333 0.950000 -73.136809 -2.227082 -75.363890 -2.646524 0.950000 -0.419443 0.950000 1.792002  -1   0  -1 
59384.628010 0.000000 0.000000 -53.200000 0.950000 -50.300406 -2.463110 -52.763516 -2.899594 0.950000 -0.436484 0.950000 1.792002  -1   2  -1 
59384.631782 0.000000 0.000000 -51.700000 0.950000 -50.300406 -2.464757 -52.765163 -1.399594 0.950000 1.065163 0.950000 1.792002  -1   2  -1 
59384.635541 0.000000 0.000000 -53.383333 0.950000 -50.300406 -2.466400 -52.766806 -3.082927 0.950000 -0.616527 0.950000 1.792002  -1   2  -1 
59385.055212 0.000000 0.000000 -75.566667 0.950000 -73.136809 -2.658615 -75.795424 -2.429858 0.950000 0.228757 0.950000 1.792002  -1   0  -1 
59385.061472 0.000000 0.000000 -74.666667 0.950000 -73.136809 -2.661565 -75.798374 -1.529858 0.950000 1.131707 0.950000 1.792002  -1   0  -1 
59385.063906 0.000000 0.000000 -72.983333 0.950000 -73.136809 -2.662712 -75.799521 0.153476 0.950000 2.816188 0.950000 1.792002  -1   0  -1 
59387.920967 0.000000 0.000000 -79.733333 0.950000 -73.136809 -3.297769 -76.434578 -6.596524 0.950000 -3.298755 0.950000 1.792002  -1   0  -1 
59387.926477 0.000000 0.000000 -76.583333 0.950000 -73.136809 -3.296854 -76.433663 -3.446524 0.950000 -0.149670 0.950000 1.792002  -1   0  -1 
59387.929412 0.000000 0.000000 -74.383333 0.950000 -73.136809 -3.296364 -76.433173 -1.246524 0.950000 2.049840 0.950000 1.792002  -1   0  -1 
59388.644350 0.000000 0.000000 -52.116667 0.950000 -50.300406 -3.125983 -53.426388 -1.816261 0.950000 1.309721 0.950000 1.792002  -1   2  -1 
59388.659397 0.000000 0.000000 -52.433333 0.950000 -50.300406 -3.121570 -53.421976 -2.132927 0.950000 0.988643 0.950000 1.792002  -1   2  -1 
59388.663148 0.000000 0.000000 -54.700000 0.950000 -50.300406 -3.120466 -53.420872 -4.399594 0.950000 -1.279128 0.950000 1.792002  -1   2  -1 
59388.965674 0.000000 0.000000 -75.300000 0.950000 -73.136809 -3.027927 -76.164736 -2.163191 0.950000 0.864736 0.950000 1.792002  -1   0  -1 
59388.967365 0.000000 0.000000 -59.800000 0.950000 -57.858854 -3.027396 -60.886250 -1.941146 0.950000 1.086250 0.950000 1.792002  -1   3  -1 
59388.968252 0.000000 0.000000 -77.066667 0.950000 -73.136809 -3.027117 -76.163926 -3.929858 0.950000 -0.902741 0.950000 1.792002  -1   0  -1 
59388.968449 0.000000 0.000000 -59.683333 0.950000 -57.858854 -3.027055 -60.885910 -1.824479 0.950000 1.202577 0.950000 1.792002  -1   3  -1 
59388.969524 0.000000 0.000000 -58.966667 0.950000 -57.858854 -3.026718 -60.885572 -1.107813 0.950000 1.918905 0.950000 1.792002  -1   3  -1 
59388.970854 0.000000 0.000000 -78.350000 0.950000 -73.136809 -3.026300 -76.163108 -5.213191 0.950000 -2.186892 0.950000 1.792002  -1   0  -1 
59389.809335 0.000000 0.000000 -51.683333 0.950000 -50.300406 -2.771067 -53.071472 -1.382927 0.950000 1.388139 0.950000 1.792002  -1   2  -1 
59389.828264 0.000000 0.000000 -48.516667 0.950000 -50.300406 -2.765905 -53.066311 1.783739 0.950000 4.549644 0.950000 1.792002  -1   2  -1 
59389.832028 0.000000 0.000000 -53.383333 0.950000 -50.300406 -2.764884 -53.065290 -3.082927 0.950000 -0.318043 0.950000 1.792002  -1   2  -1 
59389.926150 0.000000 0.000000 -61.300000 0.950000 -57.858854 -2.739905 -60.598760 -3.441146 0.950000 -0.701240 0.950000 1.792002  -1   3  -1 
59389.928313 0.000000 0.000000 -57.466667 0.950000 -57.858854 -2.739344 -60.598199 0.392187 0.950000 3.131532 0.950000 1.792002  -1   3  -1 
59389.929388 0.000000 0.000000 -61.800000 0.950000 -57.858854 -2.739066 -60.597920 -3.941146 0.950000 -1.202080 0.950000 1.792002  -1   3  -1 
59389.952568 0.000000 0.000000 -75.333333 0.950000 -73.136809 -2.733095 -75.869904 -2.196524 0.950000 0.536571 0.950000 1.792002  -1   0  -1 
59389.957794 0.000000 0.000000 -76.033333 0.950000 -73.136809 -2.731759 -75.868568 -2.896524 0.950000 -0.164765 0.950000 1.792002  -1   0  -1 
59389.966851 0.000000 0.000000 -75.283333 0.950000 -73.136809 -2.729452 -75.866260 -2.146524 0.950000 0.582927 0.950000 1.792002  -1   0  -1 
59392.835547 0.000000 0.000000 -50.666667 0.950000 -50.300406 -2.433332 -52.733738 -0.366261 0.950000 2.067071 0.950000 1.792002  -1   2  -1 
59392.843066 0.000000 0.000000 -55.566667 0.950000 -50.300406 -2.432391 -52.732797 -5.266261 0.950000 -2.833870 0.950000 1.792002  -1   2  -1 
59392.846825 0.000000 0.000000 -50.666667 0.950000 -50.300406 -2.431917 -52.732322 -0.366261 0.950000 2.065655 0.950000 1.792002  -1   2  -1 
59393.111566 0.000000 0.000000 -75.316667 0.950000 -73.136809 -2.391659 -75.528467 -2.179858 0.950000 0.211800 0.950000 1.792002  -1   0  -1 
59393.114447 0.000000 0.000000 -75.133333 0.950000 -73.136809 -2.391141 -75.527950 -1.996524 0.950000 0.394617 0.950000 1.792002  -1   0  -1 
59393.123097 0.000000 0.000000 -73.050000 0.950000 -73.136809 -2.389578 -75.526387 0.086809 0.950000 2.476387 0.950000 1.792002  -1   0  -1 
59397.703574 0.000000 0.000000 -50.333333 0.950000 -50.300406 -0.815282 -51.115688 -0.032927 0.950000 0.782355 0.950000 1.792002  -1   2  -1 
59397.714844 0.000000 0.000000 -51.400000 0.950000 -50.300406 -0.817737 -51.118143 -1.099594 0.950000 -0.281857 0.950000 1.792002  -1   2  -1 
59397.718600 0.000000 0.000000 -50.700000 0.950000 -50.300406 -0.818569 -51.118975 -0.399594 0.950000 0.418975 0.950000 1.792002  -1   2  -1 
59397.891478 0.000000 0.000000 -71.750000 0.950000 -73.136809 -0.864141 -74.000949 1.386809 0.950000 2.250949 0.950000 1.792002  -1   0  -1 
59397.896665 0.000000 0.000000 -68.800000 0.950000 -73.136809 -0.865726 -74.002535 4.336809 0.950000 5.202535 0.950000 1.792002  -1   0  -1 
59397.899199 0.000000 0.000000 -72.683333 0.950000 -73.136809 -0.866505 -74.003314 0.453476 0.950000 1.319981 0.950000 1.792002  -1   0  -1 
59398.093478 0.000000 0.000000 -58.283333 0.950000 -57.858854 -0.934981 -58.793835 -0.424479 0.950000 0.510502 0.950000 1.792002  -1   3  -1 
59398.094558 0.000000 0.000000 -60.966667 0.950000 -57.858854 -0.935408 -58.794263 -3.107813 0.950000 -2.172404 0.950000 1.792002  -1   3  -1 
59398.096718 0.000000 0.000000 -58.016667 0.950000 -57.858854 -0.936266 -58.795120 -0.157813 0.950000 0.778453 0.950000 1.792002  -1   3  -1 
59401.792180 0.000000 0.000000 -54.366667 0.950000 -50.300406 -2.885896 -53.186302 -4.066261 0.950000 -1.180365 0.950000 1.792002  -1   2  -1 
59401.795940 0.000000 0.000000 -52.266667 0.950000 -50.300406 -2.885850 -53.186256 -1.966261 0.950000 0.919589 0.950000 1.792002  -1   2  -1 
59401.799701 0.000000 0.000000 -52.916667 0.950000 -50.300406 -2.885798 -53.186203 -2.616261 0.950000 0.269536 0.950000 1.792002  -1   2  -1 
59401.885991 0.000000 0.000000 -73.916667 0.950000 -73.136809 -2.882690 -76.019499 -0.779858 0.950000 2.102832 0.950000 1.792002  -1   0  -1 
59401.888644 0.000000 0.000000 -75.066667 0.950000 -73.136809 -2.882537 -76.019346 -1.929858 0.950000 0.952679 0.950000 1.792002  -1   0  -1 
59401.892602 0.000000 0.000000 -74.466667 0.950000 -73.136809 -2.882303 -76.019112 -1.329858 0.950000 1.552445 0.950000 1.792002  -1   0  -1 
59401.927059 0.000000 0.000000 -47.833333 0.950000 -41.294898 -2.879944 -44.174842 -6.538435 0.950000 -3.658491 0.950000 1.792002  -1   1  -1 
59401.927765 0.000000 0.000000 -44.100000 0.950000 -41.294898 -2.879890 -44.174788 -2.805102 0.950000 0.074788 0.950000 1.792002  -1   1  -1 
59401.929177 0.000000 0.000000 -45.033333 0.950000 -41.294898 -2.879781 -44.174678 -3.738435 0.950000 -0.858655 0.950000 1.792002  -1   1  -1 
59401.992049 0.000000 0.000000 -59.000000 0.950000 -57.858854 -2.873950 -60.732805 -1.141146 0.950000 1.732805 0.950000 1.792002  -1   3  -1 
59401.994207 0.000000 0.000000 -58.350000 0.950000 -57.858854 -2.873717 -60.732571 -0.491146 0.950000 2.382571 0.950000 1.792002  -1   3  -1 
59401.995280 0.000000 0.000000 -59.700000 0.950000 -57.858854 -2.873600 -60.732454 -1.841146 0.950000 1.032454 0.950000 1.792002  -1   3  -1 
59402.794210 0.000000 0.000000 -54.100000 0.950000 -50.300406 -2.649967 -52.950373 -3.799594 0.950000 -1.149627 0.950000 1.792002  -1   2  -1 
59402.797974 0.000000 0.000000 -54.250000 0.950000 -50.300406 -2.648353 -52.948759 -3.949594 0.950000 -1.301241 0.950000 1.792002  -1   2  -1 
59402.801729 0.000000 0.000000 -55.116667 0.950000 -50.300406 -2.646739 -52.947144 -4.816261 0.950000 -2.169523 0.950000 1.792002  -1   2  -1 
59402.966503 0.000000 0.000000 -43.950000 0.950000 -41.294898 -2.571922 -43.866820 -2.655102 0.950000 -0.083180 0.950000 1.792002  -1   1  -1 
59402.968621 0.000000 0.000000 -46.066667 0.950000 -41.294898 -2.570913 -43.865810 -4.771769 0.950000 -2.200857 0.950000 1.792002  -1   1  -1 
59402.969327 0.000000 0.000000 -46.750000 0.950000 -41.294898 -2.570576 -43.865474 -5.455102 0.950000 -2.884526 0.950000 1.792002  -1   1  -1 
59402.970612 0.000000 0.000000 -56.050000 0.950000 -57.858854 -2.569963 -60.428817 1.808854 0.950000 4.378817 0.950000 1.792002  -1   3  -1 
59402.971692 0.000000 0.000000 -59.216667 0.950000 -57.858854 -2.569447 -60.428301 -1.357813 0.950000 1.211634 0.950000 1.792002  -1   3  -1 
59402.972765 0.000000 0.000000 -57.500000 0.950000 -57.858854 -2.568934 -60.427789 0.358854 0.950000 2.927789 0.950000 1.792002  -1   3  -1 
59403.889282 0.000000 0.000000 -42.350000 0.950000 -41.294898 -2.066459 -43.361357 -1.055102 0.950000 1.011357 0.950000 1.792002  -1   1  -1 
59403.890693 0.000000 0.000000 -40.566667 0.950000 -41.294898 -2.065651 -43.360549 0.728231 0.950000 2.793882 0.950000 1.792002  -1   1  -1 
59403.891398 0.000000 0.000000 -46.333333 0.950000 -41.294898 -2.065247 -43.360145 -5.038435 0.950000 -2.973188 0.950000 1.792002  -1   1  -1 
59403.992215 0.000000 0.000000 -76.600000 0.950000 -73.136809 -2.007791 -75.144600 -3.463191 0.950000 -1.455400 0.950000 1.792002  -1   0  -1 
59404.001960 0.000000 0.000000 -77.133333 0.950000 -73.136809 -2.002274 -75.139083 -3.996524 0.950000 -1.994250 0.950000 1.792002  -1   0  -1 
59404.004362 0.000000 0.000000 -75.083333 0.950000 -73.136809 -2.000915 -75.137724 -1.946524 0.950000 0.054391 0.950000 1.792002  -1   0  -1 
59404.084675 0.000000 0.000000 -58.583333 0.950000 -57.858854 -1.955777 -59.814631 -0.724479 0.950000 1.231298 0.950000 1.792002  -1   3  -1 
59404.085749 0.000000 0.000000 -62.383333 0.950000 -57.858854 -1.955177 -59.814032 -4.524479 0.950000 -2.569301 0.950000 1.792002  -1   3  -1 
59404.086835 0.000000 0.000000 -63.116667 0.950000 -57.858854 -1.954571 -59.813426 -5.257813 0.950000 -3.303241 0.950000 1.792002  -1   3  -1 
59405.737353 0.000000 0.000000 -50.933333 0.950000 -50.300406 -1.341263 -51.641669 -0.632927 0.950000 0.708336 0.950000 1.792002  -1   2  -1 
59405.748644 0.000000 0.000000 -51.200000 0.950000 -50.300406 -1.339890 -51.640296 -0.899594 0.950000 0.440296 0.950000 1.792002  -1   2  -1 
59405.756176 0.000000 0.000000 -50.850000 0.950000 -50.300406 -1.338997 -51.639403 -0.549594 0.950000 0.789403 0.950000 1.792002  -1   2  -1 
59405.855588 0.000000 0.000000 -41.950000 0.950000 -41.294898 -1.328928 -42.623826 -0.655102 0.950000 0.673826 0.950000 1.792002  -1   1  -1 
59405.857000 0.000000 0.000000 -42.366667 0.950000 -41.294898 -1.328808 -42.623706 -1.071769 0.950000 0.257039 0.950000 1.792002  -1   1  -1 
59405.857706 0.000000 0.000000 -42.366667 0.950000 -41.294898 -1.328748 -42.623646 -1.071769 0.950000 0.256979 0.950000 1.792002  -1   1  -1 
59406.106963 0.000000 0.000000 -62.100000 0.950000 -57.858854 -1.317312 -59.176167 -4.241146 0.950000 -2.923833 0.950000 1.792002  -1   3  -1 
59406.108044 0.000000 0.000000 -59.283333 0.950000 -57.858854 -1.317304 -59.176158 -1.424479 0.950000 -0.107175 0.950000 1.792002  -1   3  -1 
59406.109128 0.000000 0.000000 -62.150000 0.950000 -57.858854 -1.317295 -59.176150 -4.291146 0.950000 -2.973850 0.950000 1.792002  -1   3  -1 
59407.864238 0.000000 0.000000 -41.416667 0.950000 -41.294898 -1.602704 -42.897602 -0.121769 0.950000 1.480935 0.950000 1.792002  -1   1  -1 
59407.866356 0.000000 0.000000 -41.233333 0.950000 -41.294898 -1.603193 -42.898090 0.061565 0.950000 1.664757 0.950000 1.792002  -1   1  -1 
59407.867063 0.000000 0.000000 -42.033333 0.950000 -41.294898 -1.603356 -42.898254 -0.738435 0.950000 0.864921 0.950000 1.792002  -1   1  -1 
59408.161045 0.000000 0.000000 -74.566667 0.950000 -73.136809 -1.668785 -74.805593 -1.429858 0.950000 0.238926 0.950000 1.792002  -1   0  -1 
59408.163430 0.000000 0.000000 -75.000000 0.950000 -73.136809 -1.669291 -74.806099 -1.863191 0.950000 -0.193901 0.950000 1.792002  -1   0  -1 
59408.165807 0.000000 0.000000 -75.500000 0.950000 -73.136809 -1.669794 -74.806603 -2.363191 0.950000 -0.693397 0.950000 1.792002  -1   0  -1 
59411.082909 0.000000 0.000000 -61.283333 0.950000 -57.858854 -1.824574 -59.683428 -3.424479 0.950000 -1.599905 0.950000 1.792002  -1   3  -1 
59411.083984 0.000000 0.000000 -62.950000 0.950000 -57.858854 -1.824572 -59.683426 -5.091146 0.950000 -3.266574 0.950000 1.792002  -1   3  -1 
59411.085060 0.000000 0.000000 -58.866667 0.950000 -57.858854 -1.824570 -59.683424 -1.007813 0.950000 0.816757 0.950000 1.792002  -1   3  -1 
59411.109436 0.000000 0.000000 -75.433333 0.950000 -73.136809 -1.824551 -74.961360 -2.296524 0.950000 -0.471973 0.950000 1.792002  -1   0  -1 
59411.114634 0.000000 0.000000 -73.466667 0.950000 -73.136809 -1.824555 -74.961363 -0.329858 0.950000 1.494696 0.950000 1.792002  -1   0  -1 
59411.121738 0.000000 0.000000 -75.900000 0.950000 -73.136809 -1.824563 -74.961372 -2.763191 0.950000 -0.938628 0.950000 1.792002  -1   0  -1 
59418.956092 0.000000 0.000000 -71.200000 0.950000 -73.136809 -2.174885 -75.311694 1.936809 0.950000 4.111694 0.950000 1.792002  -1   0  -1 
59418.958787 0.000000 0.000000 -74.966667 0.950000 -73.136809 -2.174635 -75.311443 -1.829858 0.950000 0.344776 0.950000 1.792002  -1   0  -1 
59418.965560 0.000000 0.000000 -73.500000 0.950000 -73.136809 -2.174011 -75.310820 -0.363191 0.950000 1.810820 0.950000 1.792002  -1   0  -1 
59418.981323 0.000000 0.000000 -59.316667 0.950000 -57.858854 -2.172593 -60.031448 -1.457813 0.950000 0.714781 0.950000 1.792002  -1   3  -1 
59418.982407 0.000000 0.000000 -60.583333 0.950000 -57.858854 -2.172498 -60.031352 -2.724479 0.950000 -0.551981 0.950000 1.792002  -1   3  -1 
59418.983485 0.000000 0.000000 -58.850000 0.950000 -57.858854 -2.172403 -60.031257 -0.991146 0.950000 1.181257 0.950000 1.792002  -1   3  -1 
59419.756507 0.000000 0.000000 -47.250000 0.950000 -50.300406 -2.160607 -52.461013 3.050406 0.950000 5.211013 0.950000 1.792002  -1   2  -1 
59419.775306 0.000000 0.000000 -51.166667 0.950000 -50.300406 -2.161644 -52.462050 -0.866261 0.950000 1.295383 0.950000 1.792002  -1   2  -1 
59419.779068 0.000000 0.000000 -48.016667 0.950000 -50.300406 -2.161859 -52.462264 2.283739 0.950000 4.445597 0.950000 1.792002  -1   2  -1 
59419.947893 0.000000 0.000000 -76.383333 0.950000 -73.136809 -2.173665 -75.310474 -3.246524 0.950000 -1.072859 0.950000 1.792002  -1   0  -1 
59419.986504 0.000000 0.000000 -75.650000 0.950000 -73.136809 -2.176933 -75.313742 -2.513191 0.950000 -0.336258 0.950000 1.792002  -1   0  -1 
59419.990052 0.000000 0.000000 -75.816667 0.950000 -73.136809 -2.177243 -75.314052 -2.679858 0.950000 -0.502615 0.950000 1.792002  -1   0  -1 
59420.037408 0.000000 0.000000 -55.450000 0.950000 -57.858854 -2.181538 -60.040392 2.408854 0.950000 4.590392 0.950000 1.792002  -1   3  -1 
59420.038492 0.000000 0.000000 -55.883333 0.950000 -57.858854 -2.181639 -60.040494 1.975521 0.950000 4.157161 0.950000 1.792002  -1   3  -1 
59420.040662 0.000000 0.000000 -57.750000 0.950000 -57.858854 -2.181843 -60.040698 0.108854 0.950000 2.290698 0.950000 1.792002  -1   3  -1 
59420.700637 0.000000 0.000000 -54.666667 0.950000 -50.300406 -2.262461 -52.562866 -4.366261 0.950000 -2.103801 0.950000 1.792002  -1   2  -1 
59420.708153 0.000000 0.000000 -50.533333 0.950000 -50.300406 -2.263487 -52.563893 -0.232927 0.950000 2.030560 0.950000 1.792002  -1   2  -1 
59420.715676 0.000000 0.000000 -53.483333 0.950000 -50.300406 -2.264514 -52.564920 -3.182927 0.950000 -0.918413 0.950000 1.792002  -1   2  -1 
59420.873617 0.000000 0.000000 -42.016667 0.950000 -41.294898 -2.285884 -43.580782 -0.721769 0.950000 1.564115 0.950000 1.792002  -1   1  -1 
59420.874323 0.000000 0.000000 -43.250000 0.950000 -41.294898 -2.285978 -43.580876 -1.955102 0.950000 0.330876 0.950000 1.792002  -1   1  -1 
59420.875735 0.000000 0.000000 -45.050000 0.950000 -41.294898 -2.286166 -43.581064 -3.755102 0.950000 -1.468936 0.950000 1.792002  -1   1  -1 
59420.988150 0.000000 0.000000 -59.450000 0.950000 -57.858854 -2.300827 -60.159681 -1.591146 0.950000 0.709681 0.950000 1.792002  -1   3  -1 
59420.990293 0.000000 0.000000 -57.933333 0.950000 -57.858854 -2.301099 -60.159954 -0.074479 0.950000 2.226621 0.950000 1.792002  -1   3  -1 
59420.991383 0.000000 0.000000 -59.983333 0.950000 -57.858854 -2.301238 -60.160092 -2.124479 0.950000 0.176759 0.950000 1.792002  -1   3  -1 
59421.112099 0.000000 0.000000 -74.666667 0.950000 -73.136809 -2.316043 -75.452852 -1.529858 0.950000 0.786185 0.950000 1.792002  -1   0  -1 
59421.130285 0.000000 0.000000 -73.016667 0.950000 -73.136809 -2.318168 -75.454976 0.120142 0.950000 2.438309 0.950000 1.792002  -1   0  -1 
59421.136709 0.000000 0.000000 -72.583333 0.950000 -73.136809 -2.318911 -75.455719 0.553476 0.950000 2.872386 0.950000 1.792002  -1   0  -1 
59422.687448 0.000000 0.000000 -48.050000 0.950000 -50.300406 -2.263688 -52.564094 2.250406 0.950000 4.514094 0.950000 1.792002  -1   2  -1 
59422.694983 0.000000 0.000000 -51.216667 0.950000 -50.300406 -2.261844 -52.562250 -0.916261 0.950000 1.345583 0.950000 1.792002  -1   2  -1 
59422.702516 0.000000 0.000000 -50.683333 0.950000 -50.300406 -2.259984 -52.560389 -0.382927 0.950000 1.877056 0.950000 1.792002  -1   2  -1 
59422.871553 0.000000 0.000000 -43.083333 0.950000 -41.294898 -2.213613 -43.508510 -1.788435 0.950000 0.425177 0.950000 1.792002  -1   1  -1 
59422.873670 0.000000 0.000000 -45.716667 0.950000 -41.294898 -2.212976 -43.507874 -4.421769 0.950000 -2.208793 0.950000 1.792002  -1   1  -1 
59422.874376 0.000000 0.000000 -42.216667 0.950000 -41.294898 -2.212764 -43.507661 -0.921769 0.950000 1.290994 0.950000 1.792002  -1   1  -1 
59423.678423 0.000000 0.000000 -50.516667 0.950000 -50.300406 -1.878170 -52.178575 -0.216261 0.950000 1.661908 0.950000 1.792002  -1   2  -1 
59423.685999 0.000000 0.000000 -47.600000 0.950000 -50.300406 -1.874237 -52.174643 2.700406 0.950000 4.574643 0.950000 1.792002  -1   2  -1 
59423.689751 0.000000 0.000000 -47.383333 0.950000 -50.300406 -1.872285 -52.172691 2.917073 0.950000 4.789358 0.950000 1.792002  -1   2  -1 
