# time model 
59325.801227 1.779891 
59325.833009 1.776502 
59325.864791 1.772817 
59325.896573 1.768839 
59325.928355 1.764569 
59325.960137 1.760010 
59325.991919 1.755164 
59326.023701 1.750033 
59326.055483 1.744621 
59326.087265 1.738930 
59326.119047 1.732964 
59326.150829 1.726725 
59326.182611 1.720217 
59326.214393 1.713443 
59326.246175 1.706407 
59326.277957 1.699113 
59326.309739 1.691563 
59326.341521 1.683763 
59326.373303 1.675717 
59326.405085 1.667427 
59326.436867 1.658900 
59326.468649 1.650139 
59326.500431 1.641148 
59326.532213 1.631933 
59326.563995 1.622497 
59326.595777 1.612846 
59326.627559 1.602985 
59326.659341 1.592918 
59326.691123 1.582651 
59326.722905 1.572189 
59326.754687 1.561536 
59326.786469 1.550699 
59326.818251 1.539682 
59326.850033 1.528491 
59326.881815 1.517131 
59326.913597 1.505608 
59326.945379 1.493928 
59326.977161 1.482095 
59327.008943 1.470116 
59327.040725 1.457996 
59327.072507 1.445741 
59327.104289 1.433357 
59327.136071 1.420849 
59327.167853 1.408224 
59327.199635 1.395486 
59327.231417 1.382642 
59327.263199 1.369698 
59327.294981 1.356659 
59327.326763 1.343531 
59327.358545 1.330320 
59327.390327 1.317032 
59327.422109 1.303673 
59327.453891 1.290247 
59327.485673 1.276762 
59327.517455 1.263222 
59327.549237 1.249634 
59327.581019 1.236002 
59327.612801 1.222333 
59327.644583 1.208632 
59327.676365 1.194905 
59327.708147 1.181157 
59327.739929 1.167393 
59327.771711 1.153618 
59327.803493 1.139839 
59327.835275 1.126060 
59327.867057 1.112286 
59327.898839 1.098523 
59327.930621 1.084775 
59327.962402 1.071047 
59327.994184 1.057344 
59328.025966 1.043671 
59328.057748 1.030032 
59328.089530 1.016432 
59328.121312 1.002876 
59328.153094 0.989367 
59328.184876 0.975910 
59328.216658 0.962509 
59328.248440 0.949168 
59328.280222 0.935892 
59328.312004 0.922683 
59328.343786 0.909545 
59328.375568 0.896483 
59328.407350 0.883499 
59328.439132 0.870597 
59328.470914 0.857780 
59328.502696 0.845052 
59328.534478 0.832414 
59328.566260 0.819870 
59328.598042 0.807423 
59328.629824 0.795075 
59328.661606 0.782829 
59328.693388 0.770687 
59328.725170 0.758651 
59328.756952 0.746722 
59328.788734 0.734904 
59328.820516 0.723198 
59328.852298 0.711605 
59328.884080 0.700127 
59328.915862 0.688765 
59328.947644 0.677521 
59328.979426 0.666394 
59329.011208 0.655388 
59329.042990 0.644501 
59329.074772 0.633736 
59329.106554 0.623091 
59329.138336 0.612568 
59329.170118 0.602167 
59329.201900 0.591888 
59329.233682 0.581732 
59329.265464 0.571696 
59329.297246 0.561782 
59329.329028 0.551990 
59329.360810 0.542317 
59329.392592 0.532765 
59329.424374 0.523331 
59329.456156 0.514015 
59329.487938 0.504815 
59329.519720 0.495732 
59329.551502 0.486762 
59329.583284 0.477906 
59329.615066 0.469160 
59329.646848 0.460524 
59329.678630 0.451995 
59329.710412 0.443573 
59329.742194 0.435254 
59329.773976 0.427036 
59329.805758 0.418918 
59329.837540 0.410897 
59329.869322 0.402970 
59329.901104 0.395135 
59329.932886 0.387390 
59329.964668 0.379731 
59329.996450 0.372156 
59330.028232 0.364661 
59330.060014 0.357245 
59330.091796 0.349903 
59330.123578 0.342633 
59330.155360 0.335432 
59330.187142 0.328296 
59330.218924 0.321222 
59330.250706 0.314206 
59330.282488 0.307245 
59330.314270 0.300336 
59330.346052 0.293475 
59330.377834 0.286658 
59330.409616 0.279882 
59330.441398 0.273143 
59330.473180 0.266437 
59330.504962 0.259761 
59330.536744 0.253111 
59330.568526 0.246483 
59330.600308 0.239873 
59330.632090 0.233278 
59330.663871 0.226693 
59330.695653 0.220115 
59330.727435 0.213539 
59330.759217 0.206963 
59330.790999 0.200382 
59330.822781 0.193793 
59330.854563 0.187191 
59330.886345 0.180572 
59330.918127 0.173934 
59330.949909 0.167272 
59330.981691 0.160583 
59331.013473 0.153862 
59331.045255 0.147107 
59331.077037 0.140313 
59331.108819 0.133477 
59331.140601 0.126596 
59331.172383 0.119666 
59331.204165 0.112683 
59331.235947 0.105645 
59331.267729 0.098547 
59331.299511 0.091387 
59331.331293 0.084162 
59331.363075 0.076869 
59331.394857 0.069503 
59331.426639 0.062064 
59331.458421 0.054547 
59331.490203 0.046950 
59331.521985 0.039271 
59331.553767 0.031506 
59331.585549 0.023653 
59331.617331 0.015710 
59331.649113 0.007675 
59331.680895 -0.000454 
59331.712677 -0.008681 
59331.744459 -0.017006 
59331.776241 -0.025432 
59331.808023 -0.033959 
59331.839805 -0.042591 
59331.871587 -0.051328 
59331.903369 -0.060172 
59331.935151 -0.069124 
59331.966933 -0.078185 
59331.998715 -0.087356 
59332.030497 -0.096638 
59332.062279 -0.106032 
59332.094061 -0.115538 
59332.125843 -0.125158 
59332.157625 -0.134891 
59332.189407 -0.144737 
59332.221189 -0.154697 
59332.252971 -0.164771 
59332.284753 -0.174958 
59332.316535 -0.185259 
59332.348317 -0.195672 
59332.380099 -0.206198 
59332.411881 -0.216834 
59332.443663 -0.227582 
59332.475445 -0.238439 
59332.507227 -0.249404 
59332.539009 -0.260477 
59332.570791 -0.271656 
59332.602573 -0.282938 
59332.634355 -0.294324 
59332.666137 -0.305810 
59332.697919 -0.317395 
59332.729701 -0.329077 
59332.761483 -0.340853 
59332.793265 -0.352722 
59332.825047 -0.364680 
59332.856829 -0.376725 
59332.888611 -0.388855 
59332.920393 -0.401066 
59332.952175 -0.413356 
59332.983957 -0.425721 
59333.015739 -0.438158 
59333.047521 -0.450664 
59333.079303 -0.463236 
59333.111085 -0.475869 
59333.142867 -0.488561 
59333.174649 -0.501306 
59333.206431 -0.514103 
59333.238213 -0.526945 
59333.269995 -0.539830 
59333.301777 -0.552753 
59333.333559 -0.565709 
59333.365340 -0.578695 
59333.397122 -0.591706 
59333.428904 -0.604737 
59333.460686 -0.617784 
59333.492468 -0.630842 
59333.524250 -0.643905 
59333.556032 -0.656970 
59333.587814 -0.670031 
59333.619596 -0.683083 
59333.651378 -0.696121 
59333.683160 -0.709140 
59333.714942 -0.722135 
59333.746724 -0.735100 
59333.778506 -0.748031 
59333.810288 -0.760921 
59333.842070 -0.773765 
59333.873852 -0.786559 
59333.905634 -0.799296 
59333.937416 -0.811970 
59333.969198 -0.824578 
59334.000980 -0.837112 
59334.032762 -0.849568 
59334.064544 -0.861940 
59334.096326 -0.874222 
59334.128108 -0.886409 
59334.159890 -0.898496 
59334.191672 -0.910475 
59334.223454 -0.922343 
59334.255236 -0.934094 
59334.287018 -0.945722 
59334.318800 -0.957222 
59334.350582 -0.968587 
59334.382364 -0.979814 
59334.414146 -0.990896 
59334.445928 -1.001828 
59334.477710 -1.012605 
59334.509492 -1.023221 
59334.541274 -1.033672 
59334.573056 -1.043952 
59334.604838 -1.054057 
59334.636620 -1.063980 
59334.668402 -1.073718 
59334.700184 -1.083266 
59334.731966 -1.092618 
59334.763748 -1.101770 
59334.795530 -1.110718 
59334.827312 -1.119457 
59334.859094 -1.127982 
59334.890876 -1.136290 
59334.922658 -1.144375 
59334.954440 -1.152235 
59334.986222 -1.159865 
59335.018004 -1.167260 
59335.049786 -1.174418 
59335.081568 -1.181335 
59335.113350 -1.188008 
59335.145132 -1.194432 
59335.176914 -1.200605 
59335.208696 -1.206523 
59335.240478 -1.212184 
59335.272260 -1.217585 
59335.304042 -1.222722 
59335.335824 -1.227595 
59335.367606 -1.232199 
59335.399388 -1.236533 
59335.431170 -1.240595 
59335.462952 -1.244383 
59335.494734 -1.247895 
59335.526516 -1.251129 
59335.558298 -1.254084 
59335.590080 -1.256759 
59335.621862 -1.259152 
59335.653644 -1.261263 
59335.685426 -1.263090 
59335.717208 -1.264634 
59335.748990 -1.265893 
59335.780772 -1.266868 
59335.812554 -1.267558 
59335.844336 -1.267963 
59335.876118 -1.268083 
59335.907900 -1.267919 
59335.939682 -1.267472 
59335.971464 -1.266742 
59336.003246 -1.265730 
59336.035028 -1.264437 
59336.066809 -1.262864 
59336.098591 -1.261013 
59336.130373 -1.258886 
59336.162155 -1.256484 
59336.193937 -1.253809 
59336.225719 -1.250864 
59336.257501 -1.247650 
59336.289283 -1.244171 
59336.321065 -1.240428 
59336.352847 -1.236425 
59336.384629 -1.232164 
59336.416411 -1.227649 
59336.448193 -1.222883 
59336.479975 -1.217869 
59336.511757 -1.212612 
59336.543539 -1.207115 
59336.575321 -1.201381 
59336.607103 -1.195415 
59336.638885 -1.189222 
59336.670667 -1.182805 
59336.702449 -1.176169 
59336.734231 -1.169319 
59336.766013 -1.162259 
59336.797795 -1.154995 
59336.829577 -1.147532 
59336.861359 -1.139875 
59336.893141 -1.132029 
59336.924923 -1.124000 
59336.956705 -1.115793 
59336.988487 -1.107415 
59337.020269 -1.098870 
59337.052051 -1.090165 
59337.083833 -1.081307 
59337.115615 -1.072300 
59337.147397 -1.063152 
59337.179179 -1.053868 
59337.210961 -1.044456 
59337.242743 -1.034921 
59337.274525 -1.025270 
59337.306307 -1.015511 
59337.338089 -1.005649 
59337.369871 -0.995693 
59337.401653 -0.985647 
59337.433435 -0.975520 
59337.465217 -0.965319 
59337.496999 -0.955050 
59337.528781 -0.944720 
59337.560563 -0.934338 
59337.592345 -0.923910 
59337.624127 -0.913442 
59337.655909 -0.902944 
59337.687691 -0.892421 
59337.719473 -0.881881 
59337.751255 -0.871331 
59337.783037 -0.860779 
59337.814819 -0.850232 
59337.846601 -0.839697 
59337.878383 -0.829182 
59337.910165 -0.818693 
59337.941947 -0.808238 
59337.973729 -0.797825 
59338.005511 -0.787460 
59338.037293 -0.777151 
59338.069075 -0.766905 
59338.100857 -0.756728 
59338.132639 -0.746629 
59338.164421 -0.736613 
59338.196203 -0.726688 
59338.227985 -0.716861 
59338.259767 -0.707138 
59338.291549 -0.697527 
59338.323331 -0.688033 
59338.355113 -0.678664 
59338.386895 -0.669425 
59338.418677 -0.660324 
59338.450459 -0.651367 
59338.482241 -0.642559 
59338.514023 -0.633907 
59338.545805 -0.625417 
59338.577587 -0.617094 
59338.609369 -0.608945 
59338.641151 -0.600975 
59338.672933 -0.593189 
59338.704715 -0.585593 
59338.736497 -0.578192 
59338.768278 -0.570991 
59338.800060 -0.563996 
59338.831842 -0.557210 
59338.863624 -0.550639 
59338.895406 -0.544287 
59338.927188 -0.538158 
59338.958970 -0.532257 
59338.990752 -0.526587 
59339.022534 -0.521153 
59339.054316 -0.515958 
59339.086098 -0.511005 
59339.117880 -0.506299 
59339.149662 -0.501842 
59339.181444 -0.497637 
59339.213226 -0.493687 
59339.245008 -0.489995 
59339.276790 -0.486563 
59339.308572 -0.483393 
59339.340354 -0.480488 
59339.372136 -0.477849 
59339.403918 -0.475478 
59339.435700 -0.473377 
59339.467482 -0.471546 
59339.499264 -0.469988 
59339.531046 -0.468702 
59339.562828 -0.467690 
59339.594610 -0.466953 
59339.626392 -0.466489 
59339.658174 -0.466301 
59339.689956 -0.466387 
59339.721738 -0.466748 
59339.753520 -0.467383 
59339.785302 -0.468291 
59339.817084 -0.469471 
59339.848866 -0.470923 
59339.880648 -0.472645 
59339.912430 -0.474636 
59339.944212 -0.476894 
59339.975994 -0.479418 
59340.007776 -0.482205 
59340.039558 -0.485253 
59340.071340 -0.488560 
59340.103122 -0.492123 
59340.134904 -0.495940 
59340.166686 -0.500008 
59340.198468 -0.504323 
59340.230250 -0.508882 
59340.262032 -0.513682 
59340.293814 -0.518719 
59340.325596 -0.523990 
59340.357378 -0.529490 
59340.389160 -0.535215 
59340.420942 -0.541161 
59340.452724 -0.547323 
59340.484506 -0.553698 
59340.516288 -0.560279 
59340.548070 -0.567063 
59340.579852 -0.574044 
59340.611634 -0.581217 
59340.643416 -0.588576 
59340.675198 -0.596117 
59340.706980 -0.603833 
59340.738762 -0.611718 
59340.770544 -0.619768 
59340.802326 -0.627976 
59340.834108 -0.636335 
59340.865890 -0.644840 
59340.897672 -0.653485 
59340.929454 -0.662263 
59340.961236 -0.671167 
59340.993018 -0.680191 
59341.024800 -0.689328 
59341.056582 -0.698571 
59341.088364 -0.707915 
59341.120146 -0.717351 
59341.151928 -0.726873 
59341.183710 -0.736473 
59341.215492 -0.746146 
59341.247274 -0.755883 
59341.279056 -0.765677 
59341.310838 -0.775521 
59341.342620 -0.785409 
59341.374402 -0.795332 
59341.406184 -0.805283 
59341.437965 -0.815256 
59341.469747 -0.825242 
59341.501529 -0.835234 
59341.533311 -0.845225 
59341.565093 -0.855208 
59341.596875 -0.865176 
59341.628657 -0.875120 
59341.660439 -0.885034 
59341.692221 -0.894910 
59341.724003 -0.904742 
59341.755785 -0.914521 
59341.787567 -0.924241 
59341.819349 -0.933895 
59341.851131 -0.943476 
59341.882913 -0.952976 
59341.914695 -0.962388 
59341.946477 -0.971707 
59341.978259 -0.980924 
59342.010041 -0.990033 
59342.041823 -0.999028 
59342.073605 -1.007902 
59342.105387 -1.016648 
59342.137169 -1.025260 
59342.168951 -1.033732 
59342.200733 -1.042058 
59342.232515 -1.050231 
59342.264297 -1.058245 
59342.296079 -1.066096 
59342.327861 -1.073776 
59342.359643 -1.081281 
59342.391425 -1.088605 
59342.423207 -1.095743 
59342.454989 -1.102689 
59342.486771 -1.109439 
59342.518553 -1.115988 
59342.550335 -1.122330 
59342.582117 -1.128462 
59342.613899 -1.134379 
59342.645681 -1.140076 
59342.677463 -1.145550 
59342.709245 -1.150797 
59342.741027 -1.155813 
59342.772809 -1.160594 
59342.804591 -1.165138 
59342.836373 -1.169440 
59342.868155 -1.173498 
59342.899937 -1.177309 
59342.931719 -1.180870 
59342.963501 -1.184179 
59342.995283 -1.187233 
59343.027065 -1.190031 
59343.058847 -1.192571 
59343.090629 -1.194850 
59343.122411 -1.196868 
59343.154193 -1.198623 
59343.185975 -1.200114 
59343.217757 -1.201340 
59343.249539 -1.202301 
59343.281321 -1.202995 
59343.313103 -1.203423 
59343.344885 -1.203584 
59343.376667 -1.203479 
59343.408449 -1.203108 
59343.440231 -1.202471 
59343.472013 -1.201570 
59343.503795 -1.200404 
59343.535577 -1.198975 
59343.567359 -1.197285 
59343.599141 -1.195335 
59343.630923 -1.193126 
59343.662705 -1.190661 
59343.694487 -1.187942 
59343.726269 -1.184971 
59343.758051 -1.181750 
59343.789833 -1.178282 
59343.821615 -1.174570 
59343.853397 -1.170617 
59343.885179 -1.166426 
59343.916961 -1.162001 
59343.948743 -1.157345 
59343.980525 -1.152461 
59344.012307 -1.147355 
59344.044089 -1.142030 
59344.075871 -1.136490 
59344.107653 -1.130740 
59344.139434 -1.124785 
59344.171216 -1.118628 
59344.202998 -1.112275 
59344.234780 -1.105732 
59344.266562 -1.099002 
59344.298344 -1.092092 
59344.330126 -1.085008 
59344.361908 -1.077754 
59344.393690 -1.070336 
59344.425472 -1.062761 
59344.457254 -1.055035 
59344.489036 -1.047162 
59344.520818 -1.039151 
59344.552600 -1.031006 
59344.584382 -1.022735 
59344.616164 -1.014344 
59344.647946 -1.005840 
59344.679728 -0.997229 
59344.711510 -0.988518 
59344.743292 -0.979715 
59344.775074 -0.970825 
59344.806856 -0.961856 
59344.838638 -0.952816 
59344.870420 -0.943711 
59344.902202 -0.934548 
59344.933984 -0.925335 
59344.965766 -0.916079 
59344.997548 -0.906787 
59345.029330 -0.897467 
59345.061112 -0.888126 
59345.092894 -0.878771 
59345.124676 -0.869411 
59345.156458 -0.860051 
59345.188240 -0.850700 
59345.220022 -0.841365 
59345.251804 -0.832054 
59345.283586 -0.822773 
59345.315368 -0.813530 
59345.347150 -0.804334 
59345.378932 -0.795189 
59345.410714 -0.786105 
59345.442496 -0.777089 
59345.474278 -0.768146 
59345.506060 -0.759286 
59345.537842 -0.750514 
59345.569624 -0.741837 
59345.601406 -0.733263 
59345.633188 -0.724799 
59345.664970 -0.716451 
59345.696752 -0.708225 
59345.728534 -0.700129 
59345.760316 -0.692169 
59345.792098 -0.684351 
59345.823880 -0.676682 
59345.855662 -0.669168 
59345.887444 -0.661814 
59345.919226 -0.654628 
59345.951008 -0.647613 
59345.982790 -0.640777 
59346.014572 -0.634125 
59346.046354 -0.627662 
59346.078136 -0.621394 
59346.109918 -0.615325 
59346.141700 -0.609460 
59346.173482 -0.603805 
59346.205264 -0.598364 
59346.237046 -0.593141 
59346.268828 -0.588141 
59346.300610 -0.583368 
59346.332392 -0.578826 
59346.364174 -0.574518 
59346.395956 -0.570449 
59346.427738 -0.566622 
59346.459520 -0.563039 
59346.491302 -0.559705 
59346.523084 -0.556622 
59346.554866 -0.553792 
59346.586648 -0.551218 
59346.618430 -0.548903 
59346.650212 -0.546848 
59346.681994 -0.545055 
59346.713776 -0.543527 
59346.745558 -0.542264 
59346.777340 -0.541268 
59346.809122 -0.540540 
59346.840903 -0.540080 
59346.872685 -0.539890 
59346.904467 -0.539970 
59346.936249 -0.540320 
59346.968031 -0.540940 
59346.999813 -0.541830 
59347.031595 -0.542989 
59347.063377 -0.544417 
59347.095159 -0.546113 
59347.126941 -0.548077 
59347.158723 -0.550306 
59347.190505 -0.552800 
59347.222287 -0.555556 
59347.254069 -0.558573 
59347.285851 -0.561849 
59347.317633 -0.565382 
59347.349415 -0.569168 
59347.381197 -0.573206 
59347.412979 -0.577492 
59347.444761 -0.582024 
59347.476543 -0.586798 
59347.508325 -0.591811 
59347.540107 -0.597059 
59347.571889 -0.602538 
59347.603671 -0.608244 
59347.635453 -0.614173 
59347.667235 -0.620320 
59347.699017 -0.626682 
59347.730799 -0.633253 
59347.762581 -0.640028 
59347.794363 -0.647003 
59347.826145 -0.654171 
59347.857927 -0.661529 
59347.889709 -0.669069 
59347.921491 -0.676787 
59347.953273 -0.684676 
59347.985055 -0.692730 
59348.016837 -0.700944 
59348.048619 -0.709312 
59348.080401 -0.717826 
59348.112183 -0.726480 
59348.143965 -0.735267 
59348.175747 -0.744182 
59348.207529 -0.753216 
59348.239311 -0.762363 
59348.271093 -0.771616 
59348.302875 -0.780967 
59348.334657 -0.790410 
59348.366439 -0.799937 
59348.398221 -0.809541 
59348.430003 -0.819213 
59348.461785 -0.828947 
59348.493567 -0.838735 
59348.525349 -0.848569 
59348.557131 -0.858441 
59348.588913 -0.868344 
59348.620695 -0.878270 
59348.652477 -0.888210 
59348.684259 -0.898158 
59348.716041 -0.908105 
59348.747823 -0.918042 
59348.779605 -0.927963 
59348.811387 -0.937859 
59348.843169 -0.947723 
59348.874951 -0.957545 
59348.906733 -0.967320 
59348.938515 -0.977037 
59348.970297 -0.986690 
59349.002079 -0.996271 
59349.033861 -1.005771 
59349.065643 -1.015184 
59349.097425 -1.024501 
59349.129207 -1.033715 
59349.160989 -1.042817 
59349.192771 -1.051802 
59349.224553 -1.060660 
59349.256335 -1.069385 
59349.288117 -1.077969 
59349.319899 -1.086405 
59349.351681 -1.094686 
59349.383463 -1.102804 
59349.415245 -1.110754 
59349.447027 -1.118528 
59349.478809 -1.126119 
59349.510591 -1.133521 
59349.542372 -1.140727 
59349.574154 -1.147731 
59349.605936 -1.154527 
59349.637718 -1.161108 
59349.669500 -1.167469 
59349.701282 -1.173604 
59349.733064 -1.179508 
59349.764846 -1.185174 
59349.796628 -1.190598 
59349.828410 -1.195775 
59349.860192 -1.200699 
59349.891974 -1.205365 
59349.923756 -1.209770 
59349.955538 -1.213909 
59349.987320 -1.217776 
59350.019102 -1.221370 
59350.050884 -1.224684 
59350.082666 -1.227717 
59350.114448 -1.230464 
59350.146230 -1.232922 
59350.178012 -1.235089 
59350.209794 -1.236960 
59350.241576 -1.238534 
59350.273358 -1.239809 
59350.305140 -1.240781 
59350.336922 -1.241449 
59350.368704 -1.241811 
59350.400486 -1.241866 
59350.432268 -1.241612 
59350.464050 -1.241048 
59350.495832 -1.240173 
59350.527614 -1.238986 
59350.559396 -1.237488 
59350.591178 -1.235678 
59350.622960 -1.233555 
59350.654742 -1.231120 
59350.686524 -1.228374 
59350.718306 -1.225317 
59350.750088 -1.221949 
59350.781870 -1.218273 
59350.813652 -1.214290 
59350.845434 -1.210001 
59350.877216 -1.205407 
59350.908998 -1.200511 
59350.940780 -1.195316 
59350.972562 -1.189823 
59351.004344 -1.184035 
59351.036126 -1.177956 
59351.067908 -1.171588 
59351.099690 -1.164934 
59351.131472 -1.157999 
59351.163254 -1.150785 
59351.195036 -1.143298 
59351.226818 -1.135540 
59351.258600 -1.127517 
59351.290382 -1.119233 
59351.322164 -1.110692 
59351.353946 -1.101901 
59351.385728 -1.092863 
59351.417510 -1.083584 
59351.449292 -1.074070 
59351.481074 -1.064326 
59351.512856 -1.054359 
59351.544638 -1.044174 
59351.576420 -1.033777 
59351.608202 -1.023176 
59351.639984 -1.012375 
59351.671766 -1.001383 
59351.703548 -0.990206 
59351.735330 -0.978850 
59351.767112 -0.967324 
59351.798894 -0.955634 
59351.830676 -0.943787 
59351.862458 -0.931792 
59351.894240 -0.919655 
59351.926022 -0.907385 
59351.957804 -0.894990 
59351.989586 -0.882477 
59352.021368 -0.869854 
59352.053150 -0.857130 
59352.084932 -0.844313 
59352.116714 -0.831410 
59352.148496 -0.818432 
59352.180278 -0.805385 
59352.212060 -0.792279 
59352.243841 -0.779123 
59352.275623 -0.765924 
59352.307405 -0.752691 
59352.339187 -0.739434 
59352.370969 -0.726161 
59352.402751 -0.712881 
59352.434533 -0.699602 
59352.466315 -0.686334 
59352.498097 -0.673085 
59352.529879 -0.659864 
59352.561661 -0.646681 
59352.593443 -0.633543 
59352.625225 -0.620460 
59352.657007 -0.607441 
59352.688789 -0.594493 
59352.720571 -0.581627 
59352.752353 -0.568851 
59352.784135 -0.556173 
59352.815917 -0.543602 
59352.847699 -0.531147 
59352.879481 -0.518816 
59352.911263 -0.506618 
59352.943045 -0.494560 
59352.974827 -0.482652 
59353.006609 -0.470900 
59353.038391 -0.459315 
59353.070173 -0.447902 
59353.101955 -0.436671 
59353.133737 -0.425630 
59353.165519 -0.414784 
59353.197301 -0.404144 
59353.229083 -0.393715 
59353.260865 -0.383505 
59353.292647 -0.373521 
59353.324429 -0.363770 
59353.356211 -0.354260 
59353.387993 -0.344996 
59353.419775 -0.335986 
59353.451557 -0.327235 
59353.483339 -0.318751 
59353.515121 -0.310539 
59353.546903 -0.302604 
59353.578685 -0.294954 
59353.610467 -0.287593 
59353.642249 -0.280526 
59353.674031 -0.273760 
59353.705813 -0.267298 
59353.737595 -0.261146 
59353.769377 -0.255309 
59353.801159 -0.249790 
59353.832941 -0.244594 
59353.864723 -0.239724 
59353.896505 -0.235186 
59353.928287 -0.230981 
59353.960069 -0.227115 
59353.991851 -0.223589 
59354.023633 -0.220406 
59354.055415 -0.217570 
59354.087197 -0.215083 
59354.118979 -0.212947 
59354.150761 -0.211164 
59354.182543 -0.209736 
59354.214325 -0.208665 
59354.246107 -0.207951 
59354.277889 -0.207596 
59354.309671 -0.207602 
59354.341453 -0.207967 
59354.373235 -0.208694 
59354.405017 -0.209782 
59354.436799 -0.211231 
59354.468581 -0.213041 
59354.500363 -0.215211 
59354.532145 -0.217741 
59354.563927 -0.220630 
59354.595709 -0.223876 
59354.627491 -0.227479 
59354.659273 -0.231436 
59354.691055 -0.235745 
59354.722837 -0.240405 
59354.754619 -0.245414 
59354.786401 -0.250768 
59354.818183 -0.256465 
59354.849965 -0.262503 
59354.881747 -0.268877 
59354.913529 -0.275585 
59354.945310 -0.282623 
59354.977092 -0.289987 
59355.008874 -0.297673 
59355.040656 -0.305677 
59355.072438 -0.313995 
59355.104220 -0.322622 
59355.136002 -0.331553 
59355.167784 -0.340784 
59355.199566 -0.350308 
59355.231348 -0.360122 
59355.263130 -0.370219 
59355.294912 -0.380594 
59355.326694 -0.391241 
59355.358476 -0.402153 
59355.390258 -0.413326 
59355.422040 -0.424752 
59355.453822 -0.436425 
59355.485604 -0.448339 
59355.517386 -0.460486 
59355.549168 -0.472860 
59355.580950 -0.485454 
59355.612732 -0.498261 
59355.644514 -0.511274 
59355.676296 -0.524484 
59355.708078 -0.537886 
59355.739860 -0.551470 
59355.771642 -0.565231 
59355.803424 -0.579159 
59355.835206 -0.593247 
59355.866988 -0.607487 
59355.898770 -0.621871 
59355.930552 -0.636391 
59355.962334 -0.651040 
59355.994116 -0.665808 
59356.025898 -0.680687 
59356.057680 -0.695670 
59356.089462 -0.710748 
59356.121244 -0.725912 
59356.153026 -0.741154 
59356.184808 -0.756467 
59356.216590 -0.771841 
59356.248372 -0.787267 
59356.280154 -0.802739 
59356.311936 -0.818246 
59356.343718 -0.833782 
59356.375500 -0.849336 
59356.407282 -0.864902 
59356.439064 -0.880470 
59356.470846 -0.896033 
59356.502628 -0.911581 
59356.534410 -0.927107 
59356.566192 -0.942603 
59356.597974 -0.958061 
59356.629756 -0.973471 
59356.661538 -0.988827 
59356.693320 -1.004120 
59356.725102 -1.019343 
59356.756884 -1.034487 
59356.788666 -1.049546 
59356.820448 -1.064511 
59356.852230 -1.079374 
59356.884012 -1.094129 
59356.915794 -1.108769 
59356.947576 -1.123285 
59356.979358 -1.137671 
59357.011140 -1.151920 
59357.042922 -1.166026 
59357.074704 -1.179980 
59357.106486 -1.193778 
59357.138268 -1.207412 
59357.170050 -1.220876 
59357.201832 -1.234165 
59357.233614 -1.247271 
59357.265396 -1.260190 
59357.297178 -1.272915 
59357.328960 -1.285441 
59357.360742 -1.297763 
59357.392524 -1.309876 
59357.424306 -1.321774 
59357.456088 -1.333453 
59357.487870 -1.344908 
59357.519652 -1.356135 
59357.551434 -1.367129 
59357.583216 -1.377887 
59357.614997 -1.388404 
59357.646779 -1.398676 
59357.678561 -1.408701 
59357.710343 -1.418475 
59357.742125 -1.427994 
59357.773907 -1.437257 
59357.805689 -1.446259 
59357.837471 -1.454999 
59357.869253 -1.463474 
59357.901035 -1.471682 
59357.932817 -1.479621 
59357.964599 -1.487290 
59357.996381 -1.494687 
59358.028163 -1.501810 
59358.059945 -1.508658 
59358.091727 -1.515232 
59358.123509 -1.521529 
59358.155291 -1.527549 
59358.187073 -1.533293 
59358.218855 -1.538760 
59358.250637 -1.543949 
59358.282419 -1.548862 
59358.314201 -1.553499 
59358.345983 -1.557861 
59358.377765 -1.561948 
59358.409547 -1.565761 
59358.441329 -1.569303 
59358.473111 -1.572573 
59358.504893 -1.575575 
59358.536675 -1.578310 
59358.568457 -1.580780 
59358.600239 -1.582986 
59358.632021 -1.584933 
59358.663803 -1.586621 
59358.695585 -1.588054 
59358.727367 -1.589235 
59358.759149 -1.590167 
59358.790931 -1.590853 
59358.822713 -1.591297 
59358.854495 -1.591502 
59358.886277 -1.591471 
59358.918059 -1.591210 
59358.949841 -1.590721 
59358.981623 -1.590009 
59359.013405 -1.589078 
59359.045187 -1.587933 
59359.076969 -1.586578 
59359.108751 -1.585018 
59359.140533 -1.583257 
59359.172315 -1.581302 
59359.204097 -1.579156 
59359.235879 -1.576825 
59359.267661 -1.574314 
59359.299443 -1.571628 
59359.331225 -1.568774 
59359.363007 -1.565756 
59359.394789 -1.562580 
59359.426571 -1.559252 
59359.458353 -1.555777 
59359.490135 -1.552162 
59359.521917 -1.548411 
59359.553699 -1.544533 
59359.585481 -1.540531 
59359.617263 -1.536412 
59359.649045 -1.532183 
59359.680827 -1.527850 
59359.712609 -1.523418 
59359.744391 -1.518894 
59359.776173 -1.514283 
59359.807955 -1.509593 
59359.839737 -1.504830 
59359.871519 -1.499999 
59359.903301 -1.495107 
59359.935083 -1.490160 
59359.966865 -1.485165 
59359.998647 -1.480127 
59360.030429 -1.475052 
59360.062211 -1.469948 
59360.093993 -1.464819 
59360.125775 -1.459672 
59360.157557 -1.454513 
59360.189339 -1.449348 
59360.221121 -1.444183 
59360.252903 -1.439023 
59360.284685 -1.433875 
59360.316466 -1.428744 
59360.348248 -1.423635 
59360.380030 -1.418555 
59360.411812 -1.413509 
59360.443594 -1.408502 
59360.475376 -1.403539 
59360.507158 -1.398626 
59360.538940 -1.393767 
59360.570722 -1.388969 
59360.602504 -1.384234 
59360.634286 -1.379569 
59360.666068 -1.374978 
59360.697850 -1.370466 
59360.729632 -1.366036 
59360.761414 -1.361693 
59360.793196 -1.357442 
59360.824978 -1.353285 
59360.856760 -1.349228 
59360.888542 -1.345273 
59360.920324 -1.341425 
59360.952106 -1.337686 
59360.983888 -1.334060 
59361.015670 -1.330550 
59361.047452 -1.327159 
59361.079234 -1.323890 
59361.111016 -1.320745 
59361.142798 -1.317726 
59361.174580 -1.314837 
59361.206362 -1.312079 
59361.238144 -1.309454 
59361.269926 -1.306964 
59361.301708 -1.304611 
59361.333490 -1.302395 
59361.365272 -1.300318 
59361.397054 -1.298382 
59361.428836 -1.296587 
59361.460618 -1.294934 
59361.492400 -1.293423 
59361.524182 -1.292055 
59361.555964 -1.290829 
59361.587746 -1.289747 
59361.619528 -1.288808 
59361.651310 -1.288011 
59361.683092 -1.287356 
59361.714874 -1.286843 
59361.746656 -1.286470 
59361.778438 -1.286236 
59361.810220 -1.286141 
59361.842002 -1.286182 
59361.873784 -1.286359 
59361.905566 -1.286669 
59361.937348 -1.287110 
59361.969130 -1.287682 
59362.000912 -1.288380 
59362.032694 -1.289204 
59362.064476 -1.290150 
59362.096258 -1.291216 
59362.128040 -1.292398 
59362.159822 -1.293695 
59362.191604 -1.295103 
59362.223386 -1.296617 
59362.255168 -1.298236 
59362.286950 -1.299956 
59362.318732 -1.301772 
59362.350514 -1.303681 
59362.382296 -1.305679 
59362.414078 -1.307762 
59362.445860 -1.309926 
59362.477642 -1.312166 
59362.509424 -1.314478 
59362.541206 -1.316857 
59362.572988 -1.319300 
59362.604770 -1.321800 
59362.636552 -1.324353 
59362.668334 -1.326954 
59362.700116 -1.329599 
59362.731898 -1.332282 
59362.763680 -1.334997 
59362.795462 -1.337740 
59362.827244 -1.340506 
59362.859026 -1.343289 
59362.890808 -1.346083 
59362.922590 -1.348883 
59362.954372 -1.351683 
59362.986154 -1.354479 
59363.017935 -1.357264 
59363.049717 -1.360033 
59363.081499 -1.362779 
59363.113281 -1.365498 
59363.145063 -1.368184 
59363.176845 -1.370831 
59363.208627 -1.373433 
59363.240409 -1.375984 
59363.272191 -1.378479 
59363.303973 -1.380913 
59363.335755 -1.383279 
59363.367537 -1.385572 
59363.399319 -1.387786 
59363.431101 -1.389916 
59363.462883 -1.391956 
59363.494665 -1.393901 
59363.526447 -1.395745 
59363.558229 -1.397483 
59363.590011 -1.399110 
59363.621793 -1.400620 
59363.653575 -1.402008 
59363.685357 -1.403269 
59363.717139 -1.404398 
59363.748921 -1.405391 
59363.780703 -1.406241 
59363.812485 -1.406946 
59363.844267 -1.407499 
59363.876049 -1.407897 
59363.907831 -1.408135 
59363.939613 -1.408209 
59363.971395 -1.408115 
59364.003177 -1.407848 
59364.034959 -1.407406 
59364.066741 -1.406783 
59364.098523 -1.405976 
59364.130305 -1.404983 
59364.162087 -1.403799 
59364.193869 -1.402422 
59364.225651 -1.400848 
59364.257433 -1.399075 
59364.289215 -1.397100 
59364.320997 -1.394921 
59364.352779 -1.392534 
59364.384561 -1.389939 
59364.416343 -1.387133 
59364.448125 -1.384114 
59364.479907 -1.380880 
59364.511689 -1.377431 
59364.543471 -1.373764 
59364.575253 -1.369880 
59364.607035 -1.365776 
59364.638817 -1.361453 
59364.670599 -1.356910 
59364.702381 -1.352146 
59364.734163 -1.347162 
59364.765945 -1.341958 
59364.797727 -1.336533 
59364.829509 -1.330890 
59364.861291 -1.325028 
59364.893073 -1.318948 
59364.924855 -1.312651 
59364.956637 -1.306140 
59364.988419 -1.299415 
59365.020201 -1.292479 
59365.051983 -1.285333 
59365.083765 -1.277979 
59365.115547 -1.270420 
59365.147329 -1.262659 
59365.179111 -1.254698 
59365.210893 -1.246541 
59365.242675 -1.238191 
59365.274457 -1.229651 
59365.306239 -1.220925 
59365.338021 -1.212016 
59365.369803 -1.202929 
59365.401585 -1.193669 
59365.433367 -1.184238 
59365.465149 -1.174644 
59365.496931 -1.164889 
59365.528713 -1.154979 
59365.560495 -1.144919 
59365.592277 -1.134715 
59365.624059 -1.124373 
59365.655841 -1.113897 
59365.687623 -1.103294 
59365.719404 -1.092571 
59365.751186 -1.081732 
59365.782968 -1.070786 
59365.814750 -1.059738 
59365.846532 -1.048595 
59365.878314 -1.037364 
59365.910096 -1.026052 
59365.941878 -1.014666 
59365.973660 -1.003214 
59366.005442 -0.991703 
59366.037224 -0.980141 
59366.069006 -0.968535 
59366.100788 -0.956894 
59366.132570 -0.945224 
59366.164352 -0.933535 
59366.196134 -0.921835 
59366.227916 -0.910131 
59366.259698 -0.898432 
59366.291480 -0.886746 
59366.323262 -0.875083 
59366.355044 -0.863450 
59366.386826 -0.851857 
59366.418608 -0.840311 
59366.450390 -0.828823 
59366.482172 -0.817400 
59366.513954 -0.806052 
59366.545736 -0.794787 
59366.577518 -0.783615 
59366.609300 -0.772544 
59366.641082 -0.761584 
59366.672864 -0.750743 
59366.704646 -0.740031 
59366.736428 -0.729456 
59366.768210 -0.719028 
59366.799992 -0.708755 
59366.831774 -0.698648 
59366.863556 -0.688713 
59366.895338 -0.678962 
59366.927120 -0.669402 
59366.958902 -0.660042 
59366.990684 -0.650891 
59367.022466 -0.641958 
59367.054248 -0.633252 
59367.086030 -0.624781 
59367.117812 -0.616553 
59367.149594 -0.608578 
59367.181376 -0.600863 
59367.213158 -0.593417 
59367.244940 -0.586248 
59367.276722 -0.579364 
59367.308504 -0.572774 
59367.340286 -0.566484 
59367.372068 -0.560502 
59367.403850 -0.554836 
59367.435632 -0.549494 
59367.467414 -0.544483 
59367.499196 -0.539810 
59367.530978 -0.535481 
59367.562760 -0.531504 
59367.594542 -0.527886 
59367.626324 -0.524632 
59367.658106 -0.521750 
59367.689888 -0.519244 
59367.721670 -0.517122 
59367.753452 -0.515388 
59367.785234 -0.514049 
59367.817016 -0.513109 
59367.848798 -0.512574 
59367.880580 -0.512449 
59367.912362 -0.512738 
59367.944144 -0.513446 
59367.975926 -0.514577 
59368.007708 -0.516135 
59368.039490 -0.518124 
59368.071272 -0.520548 
59368.103054 -0.523409 
59368.134836 -0.526711 
59368.166618 -0.530456 
59368.198400 -0.534648 
59368.230182 -0.539288 
59368.261964 -0.544379 
59368.293746 -0.549922 
59368.325528 -0.555918 
59368.357310 -0.562371 
59368.389092 -0.569279 
59368.420873 -0.576644 
59368.452655 -0.584467 
59368.484437 -0.592747 
59368.516219 -0.601485 
59368.548001 -0.610680 
59368.579783 -0.620333 
59368.611565 -0.630441 
59368.643347 -0.641004 
59368.675129 -0.652020 
59368.706911 -0.663488 
59368.738693 -0.675405 
59368.770475 -0.687771 
59368.802257 -0.700581 
59368.834039 -0.713834 
59368.865821 -0.727526 
59368.897603 -0.741654 
59368.929385 -0.756215 
59368.961167 -0.771205 
59368.992949 -0.786619 
59369.024731 -0.802453 
59369.056513 -0.818703 
59369.088295 -0.835363 
59369.120077 -0.852430 
59369.151859 -0.869896 
59369.183641 -0.887758 
59369.215423 -0.906008 
59369.247205 -0.924641 
59369.278987 -0.943650 
59369.310769 -0.963029 
59369.342551 -0.982771 
59369.374333 -1.002869 
59369.406115 -1.023315 
59369.437897 -1.044103 
59369.469679 -1.065223 
59369.501461 -1.086670 
59369.533243 -1.108433 
59369.565025 -1.130505 
59369.596807 -1.152878 
59369.628589 -1.175543 
59369.660371 -1.198490 
59369.692153 -1.221711 
59369.723935 -1.245196 
59369.755717 -1.268935 
59369.787499 -1.292920 
59369.819281 -1.317141 
59369.851063 -1.341587 
59369.882845 -1.366248 
59369.914627 -1.391114 
59369.946409 -1.416175 
59369.978191 -1.441420 
59370.009973 -1.466838 
59370.041755 -1.492419 
59370.073537 -1.518152 
59370.105319 -1.544026 
59370.137101 -1.570030 
59370.168883 -1.596153 
59370.200665 -1.622382 
59370.232447 -1.648708 
59370.264229 -1.675119 
59370.296011 -1.701603 
59370.327793 -1.728148 
59370.359575 -1.754744 
59370.391357 -1.781378 
59370.423139 -1.808039 
59370.454921 -1.834715 
59370.486703 -1.861394 
59370.518485 -1.888066 
59370.550267 -1.914717 
59370.582049 -1.941337 
59370.613831 -1.967914 
59370.645613 -1.994436 
59370.677395 -2.020890 
59370.709177 -2.047267 
59370.740959 -2.073554 
59370.772741 -2.099740 
59370.804523 -2.125812 
59370.836305 -2.151761 
59370.868087 -2.177573 
59370.899869 -2.203239 
59370.931651 -2.228747 
59370.963433 -2.254085 
59370.995215 -2.279244 
59371.026997 -2.304211 
59371.058779 -2.328976 
59371.090561 -2.353529 
59371.122342 -2.377859 
59371.154124 -2.401955 
59371.185906 -2.425807 
59371.217688 -2.449405 
59371.249470 -2.472740 
59371.281252 -2.495801 
59371.313034 -2.518578 
59371.344816 -2.541062 
59371.376598 -2.563244 
59371.408380 -2.585115 
59371.440162 -2.606666 
59371.471944 -2.627887 
59371.503726 -2.648771 
59371.535508 -2.669309 
59371.567290 -2.689493 
59371.599072 -2.709314 
59371.630854 -2.728766 
59371.662636 -2.747841 
59371.694418 -2.766531 
59371.726200 -2.784830 
59371.757982 -2.802730 
59371.789764 -2.820226 
59371.821546 -2.837310 
59371.853328 -2.853977 
59371.885110 -2.870221 
59371.916892 -2.886036 
59371.948674 -2.901418 
59371.980456 -2.916360 
59372.012238 -2.930859 
59372.044020 -2.944910 
59372.075802 -2.958508 
59372.107584 -2.971650 
59372.139366 -2.984332 
59372.171148 -2.996551 
59372.202930 -3.008303 
59372.234712 -3.019585 
59372.266494 -3.030396 
59372.298276 -3.040733 
59372.330058 -3.050593 
59372.361840 -3.059976 
59372.393622 -3.068879 
59372.425404 -3.077302 
59372.457186 -3.085244 
59372.488968 -3.092703 
59372.520750 -3.099681 
59372.552532 -3.106177 
59372.584314 -3.112191 
59372.616096 -3.117724 
59372.647878 -3.122776 
59372.679660 -3.127350 
59372.711442 -3.131445 
59372.743224 -3.135065 
59372.775006 -3.138211 
59372.806788 -3.140885 
59372.838570 -3.143090 
59372.870352 -3.144829 
59372.902134 -3.146105 
59372.933916 -3.146921 
59372.965698 -3.147280 
59372.997480 -3.147188 
59373.029262 -3.146647 
59373.061044 -3.145662 
59373.092826 -3.144239 
59373.124608 -3.142381 
59373.156390 -3.140094 
59373.188172 -3.137383 
59373.219954 -3.134255 
59373.251736 -3.130714 
59373.283518 -3.126767 
59373.315300 -3.122421 
59373.347082 -3.117681 
59373.378864 -3.112555 
59373.410646 -3.107049 
59373.442428 -3.101171 
59373.474210 -3.094928 
59373.505992 -3.088328 
59373.537774 -3.081377 
59373.569556 -3.074085 
59373.601338 -3.066459 
59373.633120 -3.058508 
59373.664902 -3.050239 
59373.696684 -3.041663 
59373.728466 -3.032786 
59373.760248 -3.023618 
59373.792029 -3.014169 
59373.823811 -3.004447 
59373.855593 -2.994461 
59373.887375 -2.984221 
59373.919157 -2.973737 
59373.950939 -2.963018 
59373.982721 -2.952073 
59374.014503 -2.940913 
59374.046285 -2.929547 
59374.078067 -2.917986 
59374.109849 -2.906239 
59374.141631 -2.894316 
59374.173413 -2.882228 
59374.205195 -2.869985 
59374.236977 -2.857597 
59374.268759 -2.845074 
59374.300541 -2.832426 
59374.332323 -2.819665 
59374.364105 -2.806799 
59374.395887 -2.793840 
59374.427669 -2.780798 
59374.459451 -2.767683 
59374.491233 -2.754506 
59374.523015 -2.741276 
59374.554797 -2.728004 
59374.586579 -2.714700 
59374.618361 -2.701375 
59374.650143 -2.688038 
59374.681925 -2.674699 
59374.713707 -2.661369 
59374.745489 -2.648057 
59374.777271 -2.634774 
59374.809053 -2.621528 
59374.840835 -2.608330 
59374.872617 -2.595189 
59374.904399 -2.582115 
59374.936181 -2.569117 
59374.967963 -2.556204 
59374.999745 -2.543385 
59375.031527 -2.530669 
59375.063309 -2.518065 
59375.095091 -2.505583 
59375.126873 -2.493229 
59375.158655 -2.481013 
59375.190437 -2.468943 
59375.222219 -2.457027 
59375.254001 -2.445272 
59375.285783 -2.433688 
59375.317565 -2.422280 
59375.349347 -2.411057 
59375.381129 -2.400025 
59375.412911 -2.389192 
59375.444693 -2.378565 
59375.476475 -2.368149 
59375.508257 -2.357951 
59375.540039 -2.347978 
59375.571821 -2.338236 
59375.603603 -2.328729 
59375.635385 -2.319464 
59375.667167 -2.310446 
59375.698949 -2.301680 
59375.730731 -2.293171 
59375.762513 -2.284923 
59375.794295 -2.276940 
59375.826077 -2.269228 
59375.857859 -2.261789 
59375.889641 -2.254628 
59375.921423 -2.247747 
59375.953205 -2.241150 
59375.984987 -2.234840 
59376.016769 -2.228820 
59376.048551 -2.223091 
59376.080333 -2.217657 
59376.112115 -2.212518 
59376.143897 -2.207677 
59376.175679 -2.203135 
59376.207461 -2.198893 
59376.239243 -2.194952 
59376.271025 -2.191312 
59376.302807 -2.187975 
59376.334589 -2.184940 
59376.366371 -2.182208 
59376.398153 -2.179777 
59376.429935 -2.177647 
59376.461717 -2.175818 
59376.493498 -2.174289 
59376.525280 -2.173057 
59376.557062 -2.172122 
59376.588844 -2.171481 
59376.620626 -2.171133 
59376.652408 -2.171076 
59376.684190 -2.171307 
59376.715972 -2.171822 
59376.747754 -2.172620 
59376.779536 -2.173698 
59376.811318 -2.175050 
59376.843100 -2.176675 
59376.874882 -2.178569 
59376.906664 -2.180727 
59376.938446 -2.183144 
59376.970228 -2.185818 
59377.002010 -2.188743 
59377.033792 -2.191914 
59377.065574 -2.195326 
59377.097356 -2.198974 
59377.129138 -2.202854 
59377.160920 -2.206958 
59377.192702 -2.211282 
59377.224484 -2.215820 
59377.256266 -2.220566 
59377.288048 -2.225514 
59377.319830 -2.230656 
59377.351612 -2.235988 
59377.383394 -2.241502 
59377.415176 -2.247192 
59377.446958 -2.253050 
59377.478740 -2.259071 
59377.510522 -2.265246 
59377.542304 -2.271569 
59377.574086 -2.278033 
59377.605868 -2.284630 
59377.637650 -2.291352 
59377.669432 -2.298192 
59377.701214 -2.305144 
59377.732996 -2.312198 
59377.764778 -2.319347 
59377.796560 -2.326584 
59377.828342 -2.333900 
59377.860124 -2.341288 
59377.891906 -2.348741 
59377.923688 -2.356249 
59377.955470 -2.363805 
59377.987252 -2.371402 
59378.019034 -2.379030 
59378.050816 -2.386683 
59378.082598 -2.394352 
59378.114380 -2.402029 
59378.146162 -2.409707 
59378.177944 -2.417377 
59378.209726 -2.425032 
59378.241508 -2.432664 
59378.273290 -2.440264 
59378.305072 -2.447826 
59378.336854 -2.455341 
59378.368636 -2.462802 
59378.400418 -2.470202 
59378.432200 -2.477532 
59378.463982 -2.484786 
59378.495764 -2.491956 
59378.527546 -2.499036 
59378.559328 -2.506017 
59378.591110 -2.512892 
59378.622892 -2.519656 
59378.654674 -2.526301 
59378.686456 -2.532820 
59378.718238 -2.539208 
59378.750020 -2.545457 
59378.781802 -2.551561 
59378.813584 -2.557514 
59378.845366 -2.563311 
59378.877148 -2.568945 
59378.908930 -2.574410 
59378.940712 -2.579702 
59378.972494 -2.584814 
59379.004276 -2.589742 
59379.036058 -2.594481 
59379.067840 -2.599025 
59379.099622 -2.603371 
59379.131404 -2.607514 
59379.163186 -2.611448 
59379.194967 -2.615172 
59379.226749 -2.618679 
59379.258531 -2.621968 
59379.290313 -2.625034 
59379.322095 -2.627874 
59379.353877 -2.630484 
59379.385659 -2.632863 
59379.417441 -2.635008 
59379.449223 -2.636915 
59379.481005 -2.638583 
59379.512787 -2.640011 
59379.544569 -2.641195 
59379.576351 -2.642134 
59379.608133 -2.642828 
59379.639915 -2.643275 
59379.671697 -2.643473 
59379.703479 -2.643424 
59379.735261 -2.643125 
59379.767043 -2.642577 
59379.798825 -2.641779 
59379.830607 -2.640733 
59379.862389 -2.639438 
59379.894171 -2.637895 
59379.925953 -2.636106 
59379.957735 -2.634070 
59379.989517 -2.631790 
59380.021299 -2.629267 
59380.053081 -2.626502 
59380.084863 -2.623499 
59380.116645 -2.620258 
59380.148427 -2.616783 
59380.180209 -2.613077 
59380.211991 -2.609141 
59380.243773 -2.604979 
59380.275555 -2.600594 
59380.307337 -2.595990 
59380.339119 -2.591171 
59380.370901 -2.586140 
59380.402683 -2.580901 
59380.434465 -2.575459 
59380.466247 -2.569818 
59380.498029 -2.563983 
59380.529811 -2.557959 
59380.561593 -2.551750 
59380.593375 -2.545361 
59380.625157 -2.538799 
59380.656939 -2.532068 
59380.688721 -2.525174 
59380.720503 -2.518123 
59380.752285 -2.510921 
59380.784067 -2.503575 
59380.815849 -2.496089 
59380.847631 -2.488471 
59380.879413 -2.480727 
59380.911195 -2.472864 
59380.942977 -2.464889 
59380.974759 -2.456808 
59381.006541 -2.448629 
59381.038323 -2.440358 
59381.070105 -2.432003 
59381.101887 -2.423571 
59381.133669 -2.415069 
59381.165451 -2.406505 
59381.197233 -2.397887 
59381.229015 -2.389221 
59381.260797 -2.380517 
59381.292579 -2.371780 
59381.324361 -2.363020 
59381.356143 -2.354244 
59381.387925 -2.345459 
59381.419707 -2.336674 
59381.451489 -2.327897 
59381.483271 -2.319136 
59381.515053 -2.310398 
59381.546835 -2.301692 
59381.578617 -2.293025 
59381.610399 -2.284405 
59381.642181 -2.275841 
59381.673963 -2.267340 
59381.705745 -2.258911 
59381.737527 -2.250560 
59381.769309 -2.242297 
59381.801091 -2.234128 
59381.832873 -2.226062 
59381.864655 -2.218106 
59381.896436 -2.210268 
59381.928218 -2.202556 
59381.960000 -2.194976 
59381.991782 -2.187537 
59382.023564 -2.180245 
59382.055346 -2.173109 
59382.087128 -2.166134 
59382.118910 -2.159329 
59382.150692 -2.152700 
59382.182474 -2.146254 
59382.214256 -2.139998 
59382.246038 -2.133938 
59382.277820 -2.128080 
59382.309602 -2.122432 
59382.341384 -2.116999 
59382.373166 -2.111787 
59382.404948 -2.106803 
59382.436730 -2.102051 
59382.468512 -2.097538 
59382.500294 -2.093270 
59382.532076 -2.089250 
59382.563858 -2.085485 
59382.595640 -2.081979 
59382.627422 -2.078737 
59382.659204 -2.075763 
59382.690986 -2.073063 
59382.722768 -2.070640 
59382.754550 -2.068497 
59382.786332 -2.066640 
59382.818114 -2.065071 
59382.849896 -2.063795 
59382.881678 -2.062813 
59382.913460 -2.062129 
59382.945242 -2.061746 
59382.977024 -2.061667 
59383.008806 -2.061893 
59383.040588 -2.062427 
59383.072370 -2.063271 
59383.104152 -2.064426 
59383.135934 -2.065894 
59383.167716 -2.067676 
59383.199498 -2.069774 
59383.231280 -2.072187 
59383.263062 -2.074917 
59383.294844 -2.077964 
59383.326626 -2.081328 
59383.358408 -2.085008 
59383.390190 -2.089005 
59383.421972 -2.093319 
59383.453754 -2.097947 
59383.485536 -2.102889 
59383.517318 -2.108145 
59383.549100 -2.113711 
59383.580882 -2.119588 
59383.612664 -2.125772 
59383.644446 -2.132262 
59383.676228 -2.139056 
59383.708010 -2.146150 
59383.739792 -2.153542 
59383.771574 -2.161229 
59383.803356 -2.169208 
59383.835138 -2.177475 
59383.866920 -2.186026 
59383.898702 -2.194859 
59383.930484 -2.203968 
59383.962266 -2.213349 
59383.994048 -2.222999 
59384.025830 -2.232912 
59384.057612 -2.243084 
59384.089394 -2.253509 
59384.121176 -2.264183 
59384.152958 -2.275099 
59384.184740 -2.286253 
59384.216522 -2.297639 
59384.248304 -2.309250 
59384.280086 -2.321081 
59384.311868 -2.333126 
59384.343650 -2.345378 
59384.375432 -2.357830 
59384.407214 -2.370476 
59384.438996 -2.383310 
59384.470778 -2.396323 
59384.502560 -2.409510 
59384.534342 -2.422863 
59384.566124 -2.436374 
59384.597905 -2.450036 
59384.629687 -2.463842 
59384.661469 -2.477784 
59384.693251 -2.491855 
59384.725033 -2.506045 
59384.756815 -2.520348 
59384.788597 -2.534756 
59384.820379 -2.549260 
59384.852161 -2.563852 
59384.883943 -2.578524 
59384.915725 -2.593268 
59384.947507 -2.608076 
59384.979289 -2.622938 
59385.011071 -2.637847 
59385.042853 -2.652794 
59385.074635 -2.667771 
59385.106417 -2.682770 
59385.138199 -2.697781 
59385.169981 -2.712796 
59385.201763 -2.727807 
59385.233545 -2.742805 
59385.265327 -2.757782 
59385.297109 -2.772730 
59385.328891 -2.787639 
59385.360673 -2.802501 
59385.392455 -2.817308 
59385.424237 -2.832052 
59385.456019 -2.846724 
59385.487801 -2.861316 
59385.519583 -2.875820 
59385.551365 -2.890228 
59385.583147 -2.904531 
59385.614929 -2.918722 
59385.646711 -2.932792 
59385.678493 -2.946735 
59385.710275 -2.960541 
59385.742057 -2.974204 
59385.773839 -2.987716 
59385.805621 -3.001069 
59385.837403 -3.014257 
59385.869185 -3.027271 
59385.900967 -3.040106 
59385.932749 -3.052753 
59385.964531 -3.065207 
59385.996313 -3.077460 
59386.028095 -3.089507 
59386.059877 -3.101339 
59386.091659 -3.112953 
59386.123441 -3.124340 
59386.155223 -3.135496 
59386.187005 -3.146415 
59386.218787 -3.157090 
59386.250569 -3.167518 
59386.282351 -3.177691 
59386.314133 -3.187607 
59386.345915 -3.197258 
59386.377697 -3.206642 
59386.409479 -3.215752 
59386.441261 -3.224586 
59386.473043 -3.233139 
59386.504825 -3.241406 
59386.536607 -3.249385 
59386.568389 -3.257071 
59386.600171 -3.264462 
59386.631953 -3.271555 
59386.663735 -3.278345 
59386.695517 -3.284831 
59386.727299 -3.291011 
59386.759081 -3.296881 
59386.790863 -3.302441 
59386.822645 -3.307687 
59386.854427 -3.312619 
59386.886209 -3.317234 
59386.917991 -3.321533 
59386.949773 -3.325513 
59386.981555 -3.329174 
59387.013337 -3.332516 
59387.045119 -3.335538 
59387.076901 -3.338239 
59387.108683 -3.340621 
59387.140465 -3.342683 
59387.172247 -3.344426 
59387.204029 -3.345851 
59387.235811 -3.346958 
59387.267593 -3.347749 
59387.299374 -3.348225 
59387.331156 -3.348387 
59387.362938 -3.348238 
59387.394720 -3.347779 
59387.426502 -3.347012 
59387.458284 -3.345940 
59387.490066 -3.344566 
59387.521848 -3.342892 
59387.553630 -3.340921 
59387.585412 -3.338656 
59387.617194 -3.336100 
59387.648976 -3.333258 
59387.680758 -3.330132 
59387.712540 -3.326727 
59387.744322 -3.323047 
59387.776104 -3.319095 
59387.807886 -3.314876 
59387.839668 -3.310394 
59387.871450 -3.305655 
59387.903232 -3.300663 
59387.935014 -3.295423 
59387.966796 -3.289940 
59387.998578 -3.284219 
59388.030360 -3.278266 
59388.062142 -3.272085 
59388.093924 -3.265684 
59388.125706 -3.259067 
59388.157488 -3.252241 
59388.189270 -3.245211 
59388.221052 -3.237983 
59388.252834 -3.230563 
59388.284616 -3.222959 
59388.316398 -3.215175 
59388.348180 -3.207219 
59388.379962 -3.199097 
59388.411744 -3.190815 
59388.443526 -3.182380 
59388.475308 -3.173800 
59388.507090 -3.165080 
59388.538872 -3.156227 
59388.570654 -3.147248 
59388.602436 -3.138151 
59388.634218 -3.128941 
59388.666000 -3.119626 
59388.697782 -3.110213 
59388.729564 -3.100709 
59388.761346 -3.091121 
59388.793128 -3.081455 
59388.824910 -3.071718 
59388.856692 -3.061918 
59388.888474 -3.052062 
59388.920256 -3.042156 
59388.952038 -3.032207 
59388.983820 -3.022222 
59389.015602 -3.012208 
59389.047384 -3.002172 
59389.079166 -2.992120 
59389.110948 -2.982059 
59389.142730 -2.971996 
59389.174512 -2.961937 
59389.206294 -2.951888 
59389.238076 -2.941856 
59389.269858 -2.931848 
59389.301640 -2.921868 
59389.333422 -2.911925 
59389.365204 -2.902023 
59389.396986 -2.892168 
59389.428768 -2.882366 
59389.460550 -2.872624 
59389.492332 -2.862946 
59389.524114 -2.853337 
59389.555896 -2.843804 
59389.587678 -2.834352 
59389.619460 -2.824985 
59389.651242 -2.815708 
59389.683024 -2.806527 
59389.714806 -2.797445 
59389.746588 -2.788468 
59389.778370 -2.779599 
59389.810152 -2.770843 
59389.841934 -2.762204 
59389.873716 -2.753686 
59389.905498 -2.745292 
59389.937280 -2.737025 
59389.969061 -2.728890 
59390.000843 -2.720889 
59390.032625 -2.713026 
59390.064407 -2.705302 
59390.096189 -2.697721 
59390.127971 -2.690285 
59390.159753 -2.682997 
59390.191535 -2.675858 
59390.223317 -2.668871 
59390.255099 -2.662036 
59390.286881 -2.655356 
59390.318663 -2.648832 
59390.350445 -2.642464 
59390.382227 -2.636255 
59390.414009 -2.630204 
59390.445791 -2.624312 
59390.477573 -2.618579 
59390.509355 -2.613006 
59390.541137 -2.607592 
59390.572919 -2.602338 
59390.604701 -2.597242 
59390.636483 -2.592304 
59390.668265 -2.587523 
59390.700047 -2.582899 
59390.731829 -2.578429 
59390.763611 -2.574113 
59390.795393 -2.569949 
59390.827175 -2.565936 
59390.858957 -2.562070 
59390.890739 -2.558350 
59390.922521 -2.554774 
59390.954303 -2.551339 
59390.986085 -2.548043 
59391.017867 -2.544882 
59391.049649 -2.541854 
59391.081431 -2.538955 
59391.113213 -2.536182 
59391.144995 -2.533532 
59391.176777 -2.531000 
59391.208559 -2.528584 
59391.240341 -2.526278 
59391.272123 -2.524079 
59391.303905 -2.521982 
59391.335687 -2.519984 
59391.367469 -2.518079 
59391.399251 -2.516262 
59391.431033 -2.514530 
59391.462815 -2.512877 
59391.494597 -2.511298 
59391.526379 -2.509787 
59391.558161 -2.508340 
59391.589943 -2.506951 
59391.621725 -2.505615 
59391.653507 -2.504325 
59391.685289 -2.503077 
59391.717071 -2.501864 
59391.748853 -2.500682 
59391.780635 -2.499523 
59391.812417 -2.498381 
59391.844199 -2.497252 
59391.875981 -2.496128 
59391.907763 -2.495004 
59391.939545 -2.493873 
59391.971327 -2.492729 
59392.003109 -2.491566 
59392.034891 -2.490377 
59392.066673 -2.489157 
59392.098455 -2.487898 
59392.130237 -2.486595 
59392.162019 -2.485242 
59392.193801 -2.483831 
59392.225583 -2.482356 
59392.257365 -2.480812 
59392.289147 -2.479191 
59392.320929 -2.477488 
59392.352711 -2.475696 
59392.384493 -2.473810 
59392.416275 -2.471822 
59392.448057 -2.469727 
59392.479839 -2.467519 
59392.511621 -2.465191 
59392.543403 -2.462738 
59392.575185 -2.460155 
59392.606967 -2.457434 
59392.638749 -2.454571 
59392.670530 -2.451559 
59392.702312 -2.448394 
59392.734094 -2.445069 
59392.765876 -2.441581 
59392.797658 -2.437922 
59392.829440 -2.434089 
59392.861222 -2.430076 
59392.893004 -2.425879 
59392.924786 -2.421493 
59392.956568 -2.416913 
59392.988350 -2.412134 
59393.020132 -2.407153 
59393.051914 -2.401966 
59393.083696 -2.396568 
59393.115478 -2.390956 
59393.147260 -2.385126 
59393.179042 -2.379074 
59393.210824 -2.372798 
59393.242606 -2.366294 
59393.274388 -2.359559 
59393.306170 -2.352591 
59393.337952 -2.345387 
59393.369734 -2.337944 
59393.401516 -2.330261 
59393.433298 -2.322335 
59393.465080 -2.314165 
59393.496862 -2.305748 
59393.528644 -2.297085 
59393.560426 -2.288173 
59393.592208 -2.279012 
59393.623990 -2.269601 
59393.655772 -2.259940 
59393.687554 -2.250027 
59393.719336 -2.239864 
59393.751118 -2.229449 
59393.782900 -2.218785 
59393.814682 -2.207870 
59393.846464 -2.196707 
59393.878246 -2.185295 
59393.910028 -2.173637 
59393.941810 -2.161734 
59393.973592 -2.149588 
59394.005374 -2.137199 
59394.037156 -2.124572 
59394.068938 -2.111708 
59394.100720 -2.098609 
59394.132502 -2.085279 
59394.164284 -2.071720 
59394.196066 -2.057937 
59394.227848 -2.043932 
59394.259630 -2.029709 
59394.291412 -2.015273 
59394.323194 -2.000627 
59394.354976 -1.985776 
59394.386758 -1.970724 
59394.418540 -1.955476 
59394.450322 -1.940038 
59394.482104 -1.924415 
59394.513886 -1.908611 
59394.545668 -1.892633 
59394.577450 -1.876487 
59394.609232 -1.860178 
59394.641014 -1.843713 
59394.672796 -1.827098 
59394.704578 -1.810340 
59394.736360 -1.793445 
59394.768142 -1.776422 
59394.799924 -1.759276 
59394.831706 -1.742015 
59394.863488 -1.724647 
59394.895270 -1.707179 
59394.927052 -1.689619 
59394.958834 -1.671975 
59394.990616 -1.654255 
59395.022398 -1.636467 
59395.054180 -1.618620 
59395.085962 -1.600722 
59395.117744 -1.582781 
59395.149526 -1.564808 
59395.181308 -1.546809 
59395.213090 -1.528795 
59395.244872 -1.510774 
59395.276654 -1.492756 
59395.308436 -1.474750 
59395.340218 -1.456764 
59395.371999 -1.438810 
59395.403781 -1.420895 
59395.435563 -1.403029 
59395.467345 -1.385223 
59395.499127 -1.367485 
59395.530909 -1.349826 
59395.562691 -1.332255 
59395.594473 -1.314782 
59395.626255 -1.297417 
59395.658037 -1.280169 
59395.689819 -1.263049 
59395.721601 -1.246065 
59395.753383 -1.229229 
59395.785165 -1.212549 
59395.816947 -1.196036 
59395.848729 -1.179699 
59395.880511 -1.163549 
59395.912293 -1.147594 
59395.944075 -1.131844 
59395.975857 -1.116309 
59396.007639 -1.100999 
59396.039421 -1.085923 
59396.071203 -1.071090 
59396.102985 -1.056510 
59396.134767 -1.042192 
59396.166549 -1.028145 
59396.198331 -1.014378 
59396.230113 -1.000901 
59396.261895 -0.987721 
59396.293677 -0.974847 
59396.325459 -0.962289 
59396.357241 -0.950055 
59396.389023 -0.938152 
59396.420805 -0.926590 
59396.452587 -0.915376 
59396.484369 -0.904517 
59396.516151 -0.894023 
59396.547933 -0.883899 
59396.579715 -0.874154 
59396.611497 -0.864795 
59396.643279 -0.855828 
59396.675061 -0.847261 
59396.706843 -0.839100 
59396.738625 -0.831352 
59396.770407 -0.824022 
59396.802189 -0.817116 
59396.833971 -0.810641 
59396.865753 -0.804602 
59396.897535 -0.799004 
59396.929317 -0.793852 
59396.961099 -0.789151 
59396.992881 -0.784906 
59397.024663 -0.781121 
59397.056445 -0.777800 
59397.088227 -0.774948 
59397.120009 -0.772566 
59397.151791 -0.770660 
59397.183573 -0.769231 
59397.215355 -0.768284 
59397.247137 -0.767819 
59397.278919 -0.767841 
59397.310701 -0.768350 
59397.342483 -0.769348 
59397.374265 -0.770837 
59397.406047 -0.772818 
59397.437829 -0.775292 
59397.469611 -0.778260 
59397.501393 -0.781721 
59397.533175 -0.785676 
59397.564957 -0.790125 
59397.596739 -0.795067 
59397.628521 -0.800502 
59397.660303 -0.806427 
59397.692085 -0.812843 
59397.723867 -0.819747 
59397.755649 -0.827137 
59397.787431 -0.835010 
59397.819213 -0.843366 
59397.850995 -0.852200 
59397.882777 -0.861509 
59397.914559 -0.871291 
59397.946341 -0.881541 
59397.978123 -0.892256 
59398.009905 -0.903431 
59398.041687 -0.915062 
59398.073468 -0.927145 
59398.105250 -0.939673 
59398.137032 -0.952642 
59398.168814 -0.966046 
59398.200596 -0.979879 
59398.232378 -0.994136 
59398.264160 -1.008810 
59398.295942 -1.023894 
59398.327724 -1.039381 
59398.359506 -1.055264 
59398.391288 -1.071537 
59398.423070 -1.088191 
59398.454852 -1.105218 
59398.486634 -1.122611 
59398.518416 -1.140362 
59398.550198 -1.158461 
59398.581980 -1.176900 
59398.613762 -1.195670 
59398.645544 -1.214762 
59398.677326 -1.234167 
59398.709108 -1.253875 
59398.740890 -1.273876 
59398.772672 -1.294161 
59398.804454 -1.314719 
59398.836236 -1.335541 
59398.868018 -1.356615 
59398.899800 -1.377932 
59398.931582 -1.399480 
59398.963364 -1.421249 
59398.995146 -1.443227 
59399.026928 -1.465405 
59399.058710 -1.487769 
59399.090492 -1.510309 
59399.122274 -1.533014 
59399.154056 -1.555872 
59399.185838 -1.578871 
59399.217620 -1.601999 
59399.249402 -1.625245 
59399.281184 -1.648596 
59399.312966 -1.672041 
59399.344748 -1.695568 
59399.376530 -1.719164 
59399.408312 -1.742817 
59399.440094 -1.766515 
59399.471876 -1.790245 
59399.503658 -1.813997 
59399.535440 -1.837756 
59399.567222 -1.861511 
59399.599004 -1.885250 
59399.630786 -1.908961 
59399.662568 -1.932630 
59399.694350 -1.956247 
59399.726132 -1.979797 
59399.757914 -2.003271 
59399.789696 -2.026654 
59399.821478 -2.049936 
59399.853260 -2.073104 
59399.885042 -2.096146 
59399.916824 -2.119051 
59399.948606 -2.141806 
59399.980388 -2.164400 
59400.012170 -2.186821 
59400.043952 -2.209058 
59400.075734 -2.231099 
59400.107516 -2.252933 
59400.139298 -2.274548 
59400.171080 -2.295935 
59400.202862 -2.317082 
59400.234644 -2.337977 
59400.266426 -2.358612 
59400.298208 -2.378974 
59400.329990 -2.399054 
59400.361772 -2.418842 
59400.393554 -2.438328 
59400.425336 -2.457502 
59400.457118 -2.476354 
59400.488900 -2.494876 
59400.520682 -2.513057 
59400.552464 -2.530890 
59400.584246 -2.548364 
59400.616028 -2.565473 
59400.647810 -2.582207 
59400.679592 -2.598558 
59400.711374 -2.614519 
59400.743156 -2.630082 
59400.774937 -2.645239 
59400.806719 -2.659984 
59400.838501 -2.674309 
59400.870283 -2.688208 
59400.902065 -2.701674 
59400.933847 -2.714702 
59400.965629 -2.727286 
59400.997411 -2.739419 
59401.029193 -2.751097 
59401.060975 -2.762315 
59401.092757 -2.773067 
59401.124539 -2.783350 
59401.156321 -2.793159 
59401.188103 -2.802490 
59401.219885 -2.811340 
59401.251667 -2.819705 
59401.283449 -2.827582 
59401.315231 -2.834969 
59401.347013 -2.841862 
59401.378795 -2.848260 
59401.410577 -2.854161 
59401.442359 -2.859563 
59401.474141 -2.864465 
59401.505923 -2.868866 
59401.537705 -2.872765 
59401.569487 -2.876162 
59401.601269 -2.879056 
59401.633051 -2.881448 
59401.664833 -2.883338 
59401.696615 -2.884727 
59401.728397 -2.885616 
59401.760179 -2.886006 
59401.791961 -2.885899 
59401.823743 -2.885296 
59401.855525 -2.884201 
59401.887307 -2.882615 
59401.919089 -2.880541 
59401.950871 -2.877982 
59401.982653 -2.874941 
59402.014435 -2.871422 
59402.046217 -2.867429 
59402.077999 -2.862966 
59402.109781 -2.858037 
59402.141563 -2.852647 
59402.173345 -2.846800 
59402.205127 -2.840502 
59402.236909 -2.833759 
59402.268691 -2.826575 
59402.300473 -2.818957 
59402.332255 -2.810910 
59402.364037 -2.802441 
59402.395819 -2.793557 
59402.427601 -2.784264 
59402.459383 -2.774570 
59402.491165 -2.764481 
59402.522947 -2.754004 
59402.554729 -2.743148 
59402.586511 -2.731921 
59402.618293 -2.720329 
59402.650075 -2.708382 
59402.681857 -2.696087 
59402.713639 -2.683454 
59402.745421 -2.670490 
59402.777203 -2.657205 
59402.808985 -2.643608 
59402.840767 -2.629707 
59402.872549 -2.615512 
59402.904331 -2.601033 
59402.936113 -2.586279 
59402.967895 -2.571259 
59402.999677 -2.555983 
59403.031459 -2.540462 
59403.063241 -2.524705 
59403.095023 -2.508722 
59403.126805 -2.492524 
59403.158587 -2.476120 
59403.190369 -2.459521 
59403.222151 -2.442738 
59403.253933 -2.425780 
59403.285715 -2.408658 
59403.317497 -2.391383 
59403.349279 -2.373965 
59403.381061 -2.356415 
59403.412843 -2.338744 
59403.444624 -2.320961 
59403.476406 -2.303079 
59403.508188 -2.285106 
59403.539970 -2.267055 
59403.571752 -2.248935 
59403.603534 -2.230758 
59403.635316 -2.212533 
59403.667098 -2.194272 
59403.698880 -2.175984 
59403.730662 -2.157681 
59403.762444 -2.139373 
59403.794226 -2.121069 
59403.826008 -2.102782 
59403.857790 -2.084519 
59403.889572 -2.066293 
59403.921354 -2.048112 
59403.953136 -2.029987 
59403.984918 -2.011927 
59404.016700 -1.993943 
59404.048482 -1.976044 
59404.080264 -1.958240 
59404.112046 -1.940539 
59404.143828 -1.922952 
59404.175610 -1.905487 
59404.207392 -1.888153 
59404.239174 -1.870960 
59404.270956 -1.853916 
59404.302738 -1.837029 
59404.334520 -1.820309 
59404.366302 -1.803762 
59404.398084 -1.787398 
59404.429866 -1.771224 
59404.461648 -1.755248 
59404.493430 -1.739478 
59404.525212 -1.723920 
59404.556994 -1.708582 
59404.588776 -1.693472 
59404.620558 -1.678595 
59404.652340 -1.663959 
59404.684122 -1.649569 
59404.715904 -1.635432 
59404.747686 -1.621554 
59404.779468 -1.607941 
59404.811250 -1.594598 
59404.843032 -1.581530 
59404.874814 -1.568743 
59404.906596 -1.556241 
59404.938378 -1.544029 
59404.970160 -1.532112 
59405.001942 -1.520493 
59405.033724 -1.509177 
59405.065506 -1.498167 
59405.097288 -1.487467 
59405.129070 -1.477080 
59405.160852 -1.467009 
59405.192634 -1.457257 
59405.224416 -1.447827 
59405.256198 -1.438720 
59405.287980 -1.429939 
59405.319762 -1.421485 
59405.351544 -1.413361 
59405.383326 -1.405567 
59405.415108 -1.398105 
59405.446890 -1.390976 
59405.478672 -1.384180 
59405.510454 -1.377717 
59405.542236 -1.371589 
59405.574018 -1.365794 
59405.605800 -1.360333 
59405.637582 -1.355206 
59405.669364 -1.350410 
59405.701146 -1.345946 
59405.732928 -1.341812 
59405.764710 -1.338008 
59405.796492 -1.334530 
59405.828274 -1.331378 
59405.860056 -1.328550 
59405.891838 -1.326043 
59405.923620 -1.323855 
59405.955402 -1.321983 
59405.987184 -1.320424 
59406.018966 -1.319176 
59406.050748 -1.318235 
59406.082530 -1.317598 
59406.114312 -1.317261 
59406.146093 -1.317220 
59406.177875 -1.317472 
59406.209657 -1.318012 
59406.241439 -1.318837 
59406.273221 -1.319941 
59406.305003 -1.321320 
59406.336785 -1.322969 
59406.368567 -1.324884 
59406.400349 -1.327060 
59406.432131 -1.329490 
59406.463913 -1.332170 
59406.495695 -1.335095 
59406.527477 -1.338259 
59406.559259 -1.341656 
59406.591041 -1.345280 
59406.622823 -1.349126 
59406.654605 -1.353187 
59406.686387 -1.357457 
59406.718169 -1.361931 
59406.749951 -1.366602 
59406.781733 -1.371463 
59406.813515 -1.376509 
59406.845297 -1.381732 
59406.877079 -1.387126 
59406.908861 -1.392684 
59406.940643 -1.398400 
59406.972425 -1.404267 
59407.004207 -1.410279 
59407.035989 -1.416428 
59407.067771 -1.422707 
59407.099553 -1.429111 
59407.131335 -1.435631 
59407.163117 -1.442261 
59407.194899 -1.448995 
59407.226681 -1.455824 
59407.258463 -1.462743 
59407.290245 -1.469745 
59407.322027 -1.476822 
59407.353809 -1.483968 
59407.385591 -1.491176 
59407.417373 -1.498440 
59407.449155 -1.505751 
59407.480937 -1.513105 
59407.512719 -1.520494 
59407.544501 -1.527912 
59407.576283 -1.535351 
59407.608065 -1.542807 
59407.639847 -1.550271 
59407.671629 -1.557738 
59407.703411 -1.565203 
59407.735193 -1.572657 
59407.766975 -1.580096 
59407.798757 -1.587514 
59407.830539 -1.594904 
59407.862321 -1.602261 
59407.894103 -1.609580 
59407.925885 -1.616853 
59407.957667 -1.624077 
59407.989449 -1.631246 
59408.021231 -1.638355 
59408.053013 -1.645398 
59408.084795 -1.652371 
59408.116577 -1.659269 
59408.148359 -1.666087 
59408.180141 -1.672820 
59408.211923 -1.679465 
59408.243705 -1.686017 
59408.275487 -1.692471 
59408.307269 -1.698825 
59408.339051 -1.705073 
59408.370833 -1.711213 
59408.402615 -1.717241 
59408.434397 -1.723154 
59408.466179 -1.728949 
59408.497961 -1.734622 
59408.529743 -1.740170 
59408.561525 -1.745592 
59408.593307 -1.750884 
59408.625089 -1.756045 
59408.656871 -1.761071 
59408.688653 -1.765962 
59408.720435 -1.770715 
59408.752217 -1.775328 
59408.783999 -1.779801 
59408.815781 -1.784132 
59408.847562 -1.788319 
59408.879344 -1.792363 
59408.911126 -1.796261 
59408.942908 -1.800014 
59408.974690 -1.803621 
59409.006472 -1.807082 
59409.038254 -1.810397 
59409.070036 -1.813566 
59409.101818 -1.816588 
59409.133600 -1.819466 
59409.165382 -1.822198 
59409.197164 -1.824787 
59409.228946 -1.827232 
59409.260728 -1.829536 
59409.292510 -1.831699 
59409.324292 -1.833722 
59409.356074 -1.835608 
59409.387856 -1.837358 
59409.419638 -1.838974 
59409.451420 -1.840457 
59409.483202 -1.841811 
59409.514984 -1.843038 
59409.546766 -1.844139 
59409.578548 -1.845118 
59409.610330 -1.845978 
59409.642112 -1.846720 
59409.673894 -1.847349 
59409.705676 -1.847868 
59409.737458 -1.848279 
59409.769240 -1.848586 
59409.801022 -1.848792 
59409.832804 -1.848902 
59409.864586 -1.848918 
59409.896368 -1.848846 
59409.928150 -1.848688 
59409.959932 -1.848448 
59409.991714 -1.848132 
59410.023496 -1.847742 
59410.055278 -1.847284 
59410.087060 -1.846761 
59410.118842 -1.846179 
59410.150624 -1.845541 
59410.182406 -1.844852 
59410.214188 -1.844117 
59410.245970 -1.843340 
59410.277752 -1.842527 
59410.309534 -1.841681 
59410.341316 -1.840809 
59410.373098 -1.839914 
59410.404880 -1.839002 
59410.436662 -1.838077 
59410.468444 -1.837145 
59410.500226 -1.836210 
59410.532008 -1.835278 
59410.563790 -1.834353 
59410.595572 -1.833441 
59410.627354 -1.832546 
59410.659136 -1.831674 
59410.690918 -1.830829 
59410.722700 -1.830016 
59410.754482 -1.829240 
59410.786264 -1.828507 
59410.818046 -1.827821 
59410.849828 -1.827187 
59410.881610 -1.826610 
59410.913392 -1.826094 
59410.945174 -1.825644 
59410.976956 -1.825265 
59411.008738 -1.824962 
59411.040520 -1.824739 
59411.072302 -1.824600 
59411.104084 -1.824551 
59411.135866 -1.824594 
59411.167648 -1.824736 
59411.199430 -1.824978 
59411.231212 -1.825327 
59411.262994 -1.825785 
59411.294776 -1.826358 
59411.326558 -1.827047 
59411.358340 -1.827858 
59411.390122 -1.828793 
59411.421904 -1.829857 
59411.453686 -1.831052 
59411.485468 -1.832382 
59411.517250 -1.833851 
59411.549031 -1.835460 
59411.580813 -1.837213 
59411.612595 -1.839112 
59411.644377 -1.841161 
59411.676159 -1.843361 
59411.707941 -1.845716 
59411.739723 -1.848227 
59411.771505 -1.850896 
59411.803287 -1.853725 
59411.835069 -1.856717 
59411.866851 -1.859872 
59411.898633 -1.863192 
59411.930415 -1.866679 
59411.962197 -1.870334 
59411.993979 -1.874157 
59412.025761 -1.878150 
59412.057543 -1.882313 
59412.089325 -1.886647 
59412.121107 -1.891152 
59412.152889 -1.895829 
59412.184671 -1.900677 
59412.216453 -1.905697 
59412.248235 -1.910888 
59412.280017 -1.916251 
59412.311799 -1.921783 
59412.343581 -1.927485 
59412.375363 -1.933356 
59412.407145 -1.939394 
59412.438927 -1.945599 
59412.470709 -1.951969 
59412.502491 -1.958503 
59412.534273 -1.965199 
59412.566055 -1.972055 
59412.597837 -1.979069 
59412.629619 -1.986239 
59412.661401 -1.993563 
59412.693183 -2.001038 
59412.724965 -2.008662 
59412.756747 -2.016432 
59412.788529 -2.024345 
59412.820311 -2.032399 
59412.852093 -2.040589 
59412.883875 -2.048914 
59412.915657 -2.057368 
59412.947439 -2.065949 
59412.979221 -2.074654 
59413.011003 -2.083477 
59413.042785 -2.092416 
59413.074567 -2.101467 
59413.106349 -2.110624 
59413.138131 -2.119884 
59413.169913 -2.129242 
59413.201695 -2.138695 
59413.233477 -2.148236 
59413.265259 -2.157863 
59413.297041 -2.167569 
59413.328823 -2.177350 
59413.360605 -2.187200 
59413.392387 -2.197116 
59413.424169 -2.207091 
59413.455951 -2.217120 
59413.487733 -2.227198 
59413.519515 -2.237321 
59413.551297 -2.247481 
59413.583079 -2.257674 
59413.614861 -2.267894 
59413.646643 -2.278136 
59413.678425 -2.288394 
59413.710207 -2.298661 
59413.741989 -2.308934 
59413.773771 -2.319205 
59413.805553 -2.329468 
59413.837335 -2.339719 
59413.869117 -2.349951 
59413.900899 -2.360158 
59413.932681 -2.370335 
59413.964463 -2.380475 
59413.996245 -2.390573 
59414.028027 -2.400623 
59414.059809 -2.410619 
59414.091591 -2.420555 
59414.123373 -2.430425 
59414.155155 -2.440223 
59414.186937 -2.449945 
59414.218719 -2.459583 
59414.250500 -2.469132 
59414.282282 -2.478587 
59414.314064 -2.487942 
59414.345846 -2.497191 
59414.377628 -2.506330 
59414.409410 -2.515351 
59414.441192 -2.524251 
59414.472974 -2.533023 
59414.504756 -2.541663 
59414.536538 -2.550165 
59414.568320 -2.558525 
59414.600102 -2.566736 
59414.631884 -2.574795 
59414.663666 -2.582697 
59414.695448 -2.590436 
59414.727230 -2.598009 
59414.759012 -2.605410 
59414.790794 -2.612636 
59414.822576 -2.619682 
59414.854358 -2.626543 
59414.886140 -2.633217 
59414.917922 -2.639699 
59414.949704 -2.645984 
59414.981486 -2.652071 
59415.013268 -2.657954 
59415.045050 -2.663631 
59415.076832 -2.669098 
59415.108614 -2.674353 
59415.140396 -2.679392 
59415.172178 -2.684212 
59415.203960 -2.688812 
59415.235742 -2.693188 
59415.267524 -2.697338 
59415.299306 -2.701260 
59415.331088 -2.704952 
59415.362870 -2.708412 
59415.394652 -2.711638 
59415.426434 -2.714629 
59415.458216 -2.717383 
59415.489998 -2.719899 
59415.521780 -2.722177 
59415.553562 -2.724215 
59415.585344 -2.726013 
59415.617126 -2.727569 
59415.648908 -2.728884 
59415.680690 -2.729958 
59415.712472 -2.730790 
59415.744254 -2.731381 
59415.776036 -2.731731 
59415.807818 -2.731841 
59415.839600 -2.731710 
59415.871382 -2.731341 
59415.903164 -2.730733 
59415.934946 -2.729889 
59415.966728 -2.728810 
59415.998510 -2.727496 
59416.030292 -2.725950 
59416.062074 -2.724174 
59416.093856 -2.722170 
59416.125638 -2.719939 
59416.157420 -2.717485 
59416.189202 -2.714809 
59416.220984 -2.711915 
59416.252766 -2.708805 
59416.284548 -2.705482 
59416.316330 -2.701950 
59416.348112 -2.698211 
59416.379894 -2.694269 
59416.411676 -2.690128 
59416.443458 -2.685791 
59416.475240 -2.681262 
59416.507022 -2.676545 
59416.538804 -2.671645 
59416.570586 -2.666565 
59416.602368 -2.661310 
59416.634150 -2.655885 
59416.665932 -2.650293 
59416.697714 -2.644541 
59416.729496 -2.638631 
59416.761278 -2.632571 
59416.793060 -2.626364 
59416.824842 -2.620016 
59416.856624 -2.613531 
59416.888406 -2.606917 
59416.920188 -2.600177 
59416.951969 -2.593317 
59416.983751 -2.586343 
59417.015533 -2.579261 
59417.047315 -2.572076 
59417.079097 -2.564795 
59417.110879 -2.557422 
59417.142661 -2.549965 
59417.174443 -2.542428 
59417.206225 -2.534818 
59417.238007 -2.527141 
59417.269789 -2.519404 
59417.301571 -2.511611 
59417.333353 -2.503770 
59417.365135 -2.495887 
59417.396917 -2.487967 
59417.428699 -2.480017 
59417.460481 -2.472044 
59417.492263 -2.464053 
59417.524045 -2.456050 
59417.555827 -2.448043 
59417.587609 -2.440036 
59417.619391 -2.432037 
59417.651173 -2.424051 
59417.682955 -2.416085 
59417.714737 -2.408144 
59417.746519 -2.400235 
59417.778301 -2.392364 
59417.810083 -2.384536 
59417.841865 -2.376758 
59417.873647 -2.369035 
59417.905429 -2.361373 
59417.937211 -2.353779 
59417.968993 -2.346256 
59418.000775 -2.338812 
59418.032557 -2.331452 
59418.064339 -2.324180 
59418.096121 -2.317003 
59418.127903 -2.309925 
59418.159685 -2.302952 
59418.191467 -2.296088 
59418.223249 -2.289339 
59418.255031 -2.282710 
59418.286813 -2.276204 
59418.318595 -2.269827 
59418.350377 -2.263583 
59418.382159 -2.257476 
59418.413941 -2.251510 
59418.445723 -2.245690 
59418.477505 -2.240020 
59418.509287 -2.234502 
59418.541069 -2.229141 
59418.572851 -2.223940 
59418.604633 -2.218903 
59418.636415 -2.214032 
59418.668197 -2.209331 
59418.699979 -2.204802 
59418.731761 -2.200448 
59418.763543 -2.196271 
59418.795325 -2.192275 
59418.827107 -2.188460 
59418.858889 -2.184830 
59418.890671 -2.181385 
59418.922453 -2.178127 
59418.954235 -2.175059 
59418.986017 -2.172180 
59419.017799 -2.169493 
59419.049581 -2.166998 
59419.081363 -2.164696 
59419.113145 -2.162587 
59419.144927 -2.160672 
59419.176709 -2.158950 
59419.208491 -2.157423 
59419.240273 -2.156089 
59419.272055 -2.154949 
59419.303837 -2.154001 
59419.335619 -2.153245 
59419.367401 -2.152681 
59419.399183 -2.152306 
59419.430965 -2.152119 
59419.462747 -2.152119 
59419.494529 -2.152305 
59419.526311 -2.152674 
59419.558093 -2.153225 
59419.589875 -2.153955 
59419.621656 -2.154861 
59419.653438 -2.155941 
59419.685220 -2.157193 
59419.717002 -2.158612 
59419.748784 -2.160198 
59419.780566 -2.161944 
59419.812348 -2.163850 
59419.844130 -2.165910 
59419.875912 -2.168121 
59419.907694 -2.170479 
59419.939476 -2.172980 
59419.971258 -2.175619 
59420.003040 -2.178393 
59420.034822 -2.181296 
59420.066604 -2.184324 
59420.098386 -2.187472 
59420.130168 -2.190735 
59420.161950 -2.194108 
59420.193732 -2.197585 
59420.225514 -2.201161 
59420.257296 -2.204831 
59420.289078 -2.208589 
59420.320860 -2.212429 
59420.352642 -2.216346 
59420.384424 -2.220332 
59420.416206 -2.224383 
59420.447988 -2.228492 
59420.479770 -2.232653 
59420.511552 -2.236859 
59420.543334 -2.241104 
59420.575116 -2.245381 
59420.606898 -2.249684 
59420.638680 -2.254006 
59420.670462 -2.258340 
59420.702244 -2.262680 
59420.734026 -2.267019 
59420.765808 -2.271349 
59420.797590 -2.275664 
59420.829372 -2.279957 
59420.861154 -2.284221 
59420.892936 -2.288449 
59420.924718 -2.292633 
59420.956500 -2.296767 
59420.988282 -2.300843 
59421.020064 -2.304855 
59421.051846 -2.308795 
59421.083628 -2.312657 
59421.115410 -2.316432 
59421.147192 -2.320114 
59421.178974 -2.323697 
59421.210756 -2.327172 
59421.242538 -2.330534 
59421.274320 -2.333775 
59421.306102 -2.336887 
59421.337884 -2.339865 
59421.369666 -2.342702 
59421.401448 -2.345390 
59421.433230 -2.347924 
59421.465012 -2.350296 
59421.496794 -2.352500 
59421.528576 -2.354530 
59421.560358 -2.356379 
59421.592140 -2.358041 
59421.623922 -2.359510 
59421.655704 -2.360780 
59421.687486 -2.361845 
59421.719268 -2.362698 
59421.751050 -2.363336 
59421.782832 -2.363750 
59421.814614 -2.363938 
59421.846396 -2.363892 
59421.878178 -2.363608 
59421.909960 -2.363081 
59421.941742 -2.362306 
59421.973524 -2.361278 
59422.005306 -2.359992 
59422.037088 -2.358445 
59422.068870 -2.356631 
59422.100652 -2.354547 
59422.132434 -2.352190 
59422.164216 -2.349554 
59422.195998 -2.346636 
59422.227780 -2.343434 
59422.259562 -2.339944 
59422.291344 -2.336162 
59422.323125 -2.332087 
59422.354907 -2.327715 
59422.386689 -2.323043 
59422.418471 -2.318071 
59422.450253 -2.312795 
59422.482035 -2.307214 
59422.513817 -2.301326 
59422.545599 -2.295130 
59422.577381 -2.288624 
59422.609163 -2.281807 
59422.640945 -2.274680 
59422.672727 -2.267240 
59422.704509 -2.259488 
59422.736291 -2.251424 
59422.768073 -2.243047 
59422.799855 -2.234358 
59422.831637 -2.225357 
59422.863419 -2.216046 
59422.895201 -2.206424 
59422.926983 -2.196494 
59422.958765 -2.186256 
59422.990547 -2.175712 
59423.022329 -2.164864 
59423.054111 -2.153714 
59423.085893 -2.142264 
59423.117675 -2.130517 
59423.149457 -2.118475 
59423.181239 -2.106142 
59423.213021 -2.093519 
59423.244803 -2.080612 
59423.276585 -2.067422 
59423.308367 -2.053955 
59423.340149 -2.040213 
59423.371931 -2.026201 
59423.403713 -2.011923 
59423.435495 -1.997385 
59423.467277 -1.982590 
59423.499059 -1.967543 
59423.530841 -1.952251 
59423.562623 -1.936717 
59423.594405 -1.920948 
59423.626187 -1.904949 
59423.657969 -1.888726 
59423.689751 -1.872285 
59423.721533 -1.855633 
59423.753315 -1.838775 
59423.785097 -1.821718 
59423.816879 -1.804470 
59423.848661 -1.787036 
59423.880443 -1.769425 
59423.912225 -1.751642 
59423.944007 -1.733696 
59423.975789 -1.715593 
59424.007571 -1.697342 
59424.039353 -1.678950 
59424.071135 -1.660425 
59424.102917 -1.641775 
59424.134699 -1.623008 
59424.166481 -1.604132 
59424.198263 -1.585156 
59424.230045 -1.566087 
59424.261827 -1.546935 
59424.293609 -1.527707 
59424.325391 -1.508413 
59424.357173 -1.489061 
59424.388955 -1.469660 
59424.420737 -1.450219 
59424.452519 -1.430747 
59424.484301 -1.411252 
59424.516083 -1.391745 
59424.547865 -1.372233 
59424.579647 -1.352726 
59424.611429 -1.333232 
59424.643211 -1.313762 
59424.674993 -1.294325 
59424.706775 -1.274928 
59424.738557 -1.255583 
59424.770339 -1.236297 
59424.802121 -1.217080 
59424.833903 -1.197941 
59424.865685 -1.178889 
59424.897467 -1.159934 
59424.929249 -1.141084 
59424.961031 -1.122348 
59424.992813 -1.103736 
59425.024594 -1.085256 
59425.056376 -1.066917 
59425.088158 -1.048728 
59425.119940 -1.030698 
59425.151722 -1.012835 
59425.183504 -0.995148 
59425.215286 -0.977646 
59425.247068 -0.960336 
59425.278850 -0.943227 
59425.310632 -0.926328 
59425.342414 -0.909646 
59425.374196 -0.893190 
59425.405978 -0.876966 
59425.437760 -0.860984 
59425.469542 -0.845250 
59425.501324 -0.829772 
59425.533106 -0.814557 
59425.564888 -0.799613 
59425.596670 -0.784946 
59425.628452 -0.770563 
59425.660234 -0.756471 
59425.692016 -0.742677 
59425.723798 -0.729186 
59425.755580 -0.716006 
59425.787362 -0.703141 
59425.819144 -0.690598 
59425.850926 -0.678382 
59425.882708 -0.666500 
59425.914490 -0.654955 
59425.946272 -0.643753 
59425.978054 -0.632899 
59426.009836 -0.622397 
59426.041618 -0.612252 
59426.073400 -0.602468 
59426.105182 -0.593049 
59426.136964 -0.583999 
59426.168746 -0.575321 
59426.200528 -0.567019 
59426.232310 -0.559095 
59426.264092 -0.551552 
59426.295874 -0.544393 
59426.327656 -0.537621 
59426.359438 -0.531237 
59426.391220 -0.525244 
59426.423002 -0.519642 
59426.454784 -0.514434 
59426.486566 -0.509621 
59426.518348 -0.505203 
59426.550130 -0.501181 
59426.581912 -0.497556 
59426.613694 -0.494328 
59426.645476 -0.491496 
59426.677258 -0.489061 
59426.709040 -0.487022 
59426.740822 -0.485378 
59426.772604 -0.484127 
59426.804386 -0.483270 
59426.836168 -0.482804 
59426.867950 -0.482727 
59426.899732 -0.483038 
59426.931514 -0.483734 
59426.963296 -0.484813 
59426.995078 -0.486272 
59427.026860 -0.488107 
59427.058642 -0.490316 
59427.090424 -0.492896 
59427.122206 -0.495842 
59427.153988 -0.499151 
59427.185770 -0.502819 
59427.217552 -0.506840 
59427.249334 -0.511211 
59427.281116 -0.515928 
59427.312898 -0.520984 
59427.344680 -0.526374 
59427.376462 -0.532094 
59427.408244 -0.538137 
59427.440026 -0.544498 
59427.471808 -0.551170 
59427.503590 -0.558148 
59427.535372 -0.565424 
59427.567154 -0.572993 
59427.598936 -0.580848 
59427.630718 -0.588981 
59427.662500 -0.597385 
59427.694282 -0.606054 
59427.726063 -0.614979 
59427.757845 -0.624152 
59427.789627 -0.633567 
59427.821409 -0.643215 
59427.853191 -0.653089 
59427.884973 -0.663178 
59427.916755 -0.673477 
59427.948537 -0.683975 
59427.980319 -0.694665 
59428.012101 -0.705537 
59428.043883 -0.716583 
59428.075665 -0.727793 
59428.107447 -0.739160 
59428.139229 -0.750672 
59428.171011 -0.762323 
59428.202793 -0.774101 
59428.234575 -0.785997 
59428.266357 -0.798003 
59428.298139 -0.810108 
59428.329921 -0.822303 
59428.361703 -0.834578 
59428.393485 -0.846924 
59428.425267 -0.859331 
59428.457049 -0.871788 
59428.488831 -0.884287 
59428.520613 -0.896817 
59428.552395 -0.909369 
59428.584177 -0.921933 
59428.615959 -0.934498 
59428.647741 -0.947055 
59428.679523 -0.959595 
59428.711305 -0.972107 
59428.743087 -0.984581 
59428.774869 -0.997008 
59428.806651 -1.009378 
59428.838433 -1.021682 
59428.870215 -1.033909 
59428.901997 -1.046050 
59428.933779 -1.058096 
59428.965561 -1.070036 
59428.997343 -1.081863 
59429.029125 -1.093566 
59429.060907 -1.105135 
59429.092689 -1.116563 
59429.124471 -1.127840 
59429.156253 -1.138957 
59429.188035 -1.149904 
59429.219817 -1.160674 
59429.251599 -1.171258 
59429.283381 -1.181647 
59429.315163 -1.191833 
59429.346945 -1.201808 
59429.378727 -1.211563 
59429.410509 -1.221090 
59429.442291 -1.230383 
59429.474073 -1.239432 
59429.505855 -1.248231 
59429.537637 -1.256773 
59429.569419 -1.265049 
59429.601201 -1.273054 
59429.632983 -1.280780 
59429.664765 -1.288221 
59429.696547 -1.295369 
59429.728329 -1.302220 
59429.760111 -1.308767 
59429.791893 -1.315003 
59429.823675 -1.320924 
59429.855457 -1.326523 
59429.887239 -1.331796 
59429.919021 -1.336738 
59429.950803 -1.341343 
59429.982585 -1.345607 
59430.014367 -1.349525 
59430.046149 -1.353094 
59430.077931 -1.356308 
59430.109713 -1.359166 
59430.141495 -1.361662 
59430.173277 -1.363794 
59430.205059 -1.365558 
59430.236841 -1.366952 
59430.268623 -1.367972 
59430.300405 -1.368618 
59430.332187 -1.368886 
59430.363969 -1.368774 
59430.395751 -1.368281 
59430.427532 -1.367405 
59430.459314 -1.366145 
59430.491096 -1.364501 
59430.522878 -1.362471 
59430.554660 -1.360054 
59430.586442 -1.357251 
59430.618224 -1.354062 
59430.650006 -1.350486 
59430.681788 -1.346524 
59430.713570 -1.342177 
59430.745352 -1.337446 
59430.777134 -1.332331 
59430.808916 -1.326835 
59430.840698 -1.320958 
59430.872480 -1.314703 
59430.904262 -1.308071 
59430.936044 -1.301066 
59430.967826 -1.293688 
59430.999608 -1.285942 
59431.031390 -1.277829 
59431.063172 -1.269354 
59431.094954 -1.260519 
59431.126736 -1.251328 
59431.158518 -1.241785 
59431.190300 -1.231893 
59431.222082 -1.221658 
59431.253864 -1.211083 
59431.285646 -1.200173 
59431.317428 -1.188932 
59431.349210 -1.177367 
59431.380992 -1.165481 
59431.412774 -1.153280 
59431.444556 -1.140770 
59431.476338 -1.127956 
59431.508120 -1.114844 
59431.539902 -1.101440 
59431.571684 -1.087751 
59431.603466 -1.073782 
59431.635248 -1.059541 
59431.667030 -1.045033 
59431.698812 -1.030265 
59431.730594 -1.015245 
59431.762376 -0.999980 
59431.794158 -0.984476 
59431.825940 -0.968741 
59431.857722 -0.952783 
59431.889504 -0.936608 
59431.921286 -0.920225 
59431.953068 -0.903641 
59431.984850 -0.886864 
59432.016632 -0.869902 
59432.048414 -0.852763 
59432.080196 -0.835456 
59432.111978 -0.817987 
59432.143760 -0.800366 
59432.175542 -0.782601 
59432.207324 -0.764700 
59432.239106 -0.746672 
59432.270888 -0.728524 
59432.302670 -0.710267 
59432.334452 -0.691907 
59432.366234 -0.673454 
59432.398016 -0.654917 
59432.429798 -0.636304 
59432.461580 -0.617623 
59432.493362 -0.598884 
59432.525144 -0.580094 
59432.556926 -0.561264 
59432.588708 0.002973 
