# time Tc_folded Tref_folded value value_err offset model full_model val_compare val_compare_err residuals residuals_err jitter jitter_flag offset_flag subset_flag 
59334.700184 7.818519 0.000000 12.513036 0.102000 16.076126 -0.887754 11.644613 -0.019331 0.102000 0.868423 0.102000 1.289870  -1   2  -1 
59334.703954 7.822289 0.000039 12.338036 0.102000 16.076126 -0.888121 11.633453 -0.183537 0.102000 0.704583 0.102000 1.289870  -1   2  -1 
59334.711459 7.829794 0.000118 11.786036 0.102000 16.076126 -0.888850 11.610720 -0.713534 0.102000 0.175316 0.102000 1.289870  -1   2  -1 
59334.934601 8.052936 0.002446 12.027445 0.113000 16.248728 -0.910391 11.055687 0.061367 0.113000 0.971758 0.113000 1.289870  -1   3  -1 
59334.935678 8.054013 0.002457 9.957445 0.113000 16.248728 -0.910495 11.053166 -2.006215 0.113000 -1.095721 0.113000 1.289870  -1   3  -1 
59334.936754 8.055089 0.002468 9.409445 0.113000 16.248728 -0.910598 11.050667 -2.551820 0.113000 -1.641222 0.113000 1.289870  -1   3  -1 
59336.069824 9.188159 0.014290 9.820445 0.117000 16.248728 -1.015477 12.448661 -3.643693 0.117000 -2.628216 0.117000 1.289870  -1   3  -1 
59336.071983 9.190318 0.014313 12.385445 0.117000 16.248728 -1.015670 12.436881 -1.067105 0.117000 -0.051436 0.117000 1.289870  -1   3  -1 
59336.073065 9.191400 0.014324 11.459445 0.117000 16.248728 -1.015766 12.430971 -1.987293 0.117000 -0.971526 0.117000 1.289870  -1   3  -1 
59336.087932 9.206267 0.014479 12.299016 0.109000 14.531927 -1.017090 10.632711 0.649214 0.109000 1.666305 0.109000 1.289870  -1   0  -1 
59336.113567 9.231902 0.014747 11.451016 0.109000 14.531927 -1.019370 10.492200 -0.060554 0.109000 0.958816 0.109000 1.289870  -1   0  -1 
59336.116529 9.234864 0.014778 10.632016 0.109000 14.531927 -1.019633 10.476053 -0.863670 0.109000 0.155963 0.109000 1.289870  -1   0  -1 
59337.794690 10.913025 0.032287 11.758036 0.103000 16.076126 -1.159578 11.591802 -0.993344 0.103000 0.166234 0.103000 1.289870  -1   2  -1 
59337.802213 10.920548 0.032365 11.947036 0.103000 16.076126 -1.160163 11.624711 -0.837838 0.103000 0.322325 0.103000 1.289870  -1   2  -1 
59337.805964 10.924299 0.032404 11.783036 0.103000 16.076126 -1.160455 11.641438 -1.018856 0.103000 0.141598 0.103000 1.289870  -1   2  -1 
59338.101617 11.219952 0.035489 12.022016 0.109000 14.531927 -1.183121 11.713574 -0.874679 0.109000 0.308442 0.109000 1.289870  -1   0  -1 
59338.106766 11.225101 0.035543 11.620016 0.110000 14.531927 -1.183511 11.740162 -1.303657 0.110000 -0.120146 0.110000 1.289870  -1   0  -1 
59338.111894 11.230229 0.035596 11.480016 0.110000 14.531927 -1.183898 11.766350 -1.470232 0.110000 -0.286334 0.110000 1.289870  -1   0  -1 
59340.098120 13.216455 0.056320 7.644445 0.116000 16.248728 -1.319841 10.689832 -4.365229 0.116000 -3.045387 0.116000 1.289870  -1   3  -1 
59340.099194 13.217529 0.056331 10.253445 0.117000 16.248728 -1.319907 10.686911 -1.753373 0.117000 -0.433466 0.117000 1.289870  -1   3  -1 
59340.101354 13.219689 0.056354 9.977445 0.116000 16.248728 -1.320039 10.681122 -2.023716 0.116000 -0.703677 0.116000 1.289870  -1   3  -1 
59340.125153 13.243488 0.056602 10.201016 0.104000 14.531927 -1.321492 8.908259 -0.028736 0.104000 1.292757 0.104000 1.289870  -1   0  -1 
59340.134329 13.252664 0.056698 10.066016 0.104000 14.531927 -1.322051 8.890472 -0.146507 0.104000 1.175544 0.104000 1.289870  -1   0  -1 
59340.148161 13.266496 0.056842 9.340016 0.104000 14.531927 -1.322893 8.867725 -0.850602 0.104000 0.472291 0.104000 1.289870  -1   0  -1 
59341.954385 15.072720 0.075687 12.591445 0.119000 16.248728 -1.420406 12.244699 -1.073660 0.119000 0.346746 0.119000 1.289870  -1   3  -1 
59341.957620 15.075955 0.075721 11.846445 0.119000 16.248728 -1.420558 12.251146 -1.825259 0.119000 -0.404701 0.119000 1.289870  -1   3  -1 
59341.958695 15.077030 0.075732 11.125445 0.119000 16.248728 -1.420609 12.253258 -2.548421 0.119000 -1.127813 0.119000 1.289870  -1   3  -1 
59341.996746 15.115081 0.076129 9.912016 0.107000 14.531927 -1.422395 10.600579 -2.110958 0.107000 -0.688563 0.107000 1.289870  -1   0  -1 
59342.000684 15.119019 0.076170 11.168016 0.107000 14.531927 -1.422579 10.605947 -0.860510 0.107000 0.562069 0.107000 1.289870  -1   0  -1 
59343.674792 16.793127 0.093637 12.265036 0.104000 16.076126 -1.490142 11.551156 -0.776262 0.104000 0.713880 0.104000 1.289870  -1   2  -1 
59343.682301 16.800636 0.093716 11.495036 0.104000 16.076126 -1.490396 11.529031 -1.524392 0.104000 -0.033995 0.104000 1.289870  -1   2  -1 
59343.689815 16.808150 0.093794 11.638036 0.104000 16.076126 -1.490651 11.506702 -1.359317 0.104000 0.131334 0.104000 1.289870  -1   2  -1 
59344.038460 17.156795 0.097432 9.612016 0.106000 14.531927 -1.501983 9.569021 -1.458988 0.106000 0.042995 0.106000 1.289870  -1   0  -1 
59344.047124 17.165459 0.097522 9.678016 0.105000 14.531927 -1.502252 9.586684 -1.410920 0.105000 0.091332 0.105000 1.289870  -1   0  -1 
59344.054785 17.173120 0.097602 9.704016 0.105000 14.531927 -1.502490 9.603435 -1.401910 0.105000 0.100581 0.105000 1.289870  -1   0  -1 
59344.090520 17.208855 0.097975 10.762445 0.117000 16.248728 -1.503595 11.411798 -2.152948 0.117000 -0.649353 0.117000 1.289870  -1   3  -1 
59344.093753 17.212088 0.098009 10.331445 0.117000 16.248728 -1.503695 11.421123 -2.593372 0.117000 -1.089678 0.117000 1.289870  -1   3  -1 
59344.094826 17.213161 0.098020 12.097445 0.117000 16.248728 -1.503728 11.424254 -0.830537 0.117000 0.673191 0.117000 1.289870  -1   3  -1 
59345.052239 18.170574 0.108009 9.690016 0.106000 14.531927 -1.529680 10.103837 -1.943502 0.106000 -0.413821 0.106000 1.289870  -1   0  -1 
59345.054836 18.173171 0.108036 9.351016 0.106000 14.531927 -1.529741 10.089499 -2.268225 0.106000 -0.738483 0.106000 1.289870  -1   0  -1 
59345.062635 18.180970 0.108118 9.182016 0.105000 14.531927 -1.529924 10.046876 -2.394784 0.105000 -0.864860 0.105000 1.289870  -1   0  -1 
59348.691508 21.809843 0.145980 9.657036 0.102000 16.076126 -1.566442 10.879621 -2.789027 0.102000 -1.222585 0.102000 1.289870  -1   2  -1 
59348.699020 21.817355 0.146058 11.244036 0.102000 16.076126 -1.566420 10.844341 -1.166725 0.102000 0.399695 0.102000 1.289870  -1   2  -1 
59348.702790 21.821125 0.146097 11.974036 0.103000 16.076126 -1.566409 10.826445 -0.418818 0.103000 1.147591 0.103000 1.289870  -1   2  -1 
59349.021951 22.140286 0.149427 7.957016 0.108000 14.531927 -1.565112 8.089740 -1.697835 0.108000 -0.132724 0.108000 1.289870  -1   0  -1 
59349.026999 22.145334 0.149480 5.714016 0.108000 14.531927 -1.565086 8.086078 -3.937148 0.108000 -2.372062 0.108000 1.289870  -1   0  -1 
59349.032064 22.150399 0.149533 9.298016 0.109000 14.531927 -1.565059 8.083060 -0.350103 0.109000 1.214956 0.109000 1.289870  -1   0  -1 
59350.089948 23.208283 0.160570 11.005016 0.104000 14.531927 -1.555771 10.172127 -0.722882 0.104000 0.832889 0.104000 1.289870  -1   0  -1 
59350.092419 23.210754 0.160596 11.321016 0.104000 14.531927 -1.555740 10.161730 -0.396454 0.104000 1.159286 0.104000 1.289870  -1   0  -1 
59350.106715 23.225050 0.160745 11.969016 0.104000 14.531927 -1.555564 10.101979 0.311473 0.104000 1.867037 0.104000 1.289870  -1   0  -1 
59350.920251 24.038586 0.169233 10.284016 0.105000 14.531927 -1.543335 10.890024 -2.149342 0.105000 -0.606008 0.105000 1.289870  -1   0  -1 
59351.708087 24.826422 0.177453 10.082036 0.102000 16.076126 -1.527502 10.647613 -2.093079 0.102000 -0.565577 0.102000 1.289870  -1   2  -1 
59351.715613 24.833948 0.177532 8.813036 0.102000 16.076126 -1.527332 10.665806 -3.380102 0.102000 -1.852770 0.102000 1.289870  -1   2  -1 
59351.726880 24.845215 0.177649 9.479036 0.102000 16.076126 -1.527077 10.695325 -2.743366 0.102000 -1.216289 0.102000 1.289870  -1   2  -1 
59352.098517 25.216852 0.181527 10.912016 0.107000 14.531927 -1.518242 11.003415 -1.609642 0.107000 -0.091399 0.107000 1.289870  -1   0  -1 
59352.108322 25.226657 0.181629 10.396016 0.107000 14.531927 -1.517998 11.055430 -2.177412 0.107000 -0.659414 0.107000 1.289870  -1   0  -1 
59352.122068 25.240403 0.181773 11.479016 0.107000 14.531927 -1.517655 11.126749 -1.165387 0.107000 0.352267 0.107000 1.289870  -1   0  -1 
59353.715347 26.833682 0.198396 12.882036 0.106000 16.076126 -1.470365 13.250720 -1.839049 0.106000 -0.368684 0.106000 1.289870  -1   2  -1 
59353.719104 26.837439 0.198436 13.429036 0.106000 16.076126 -1.470237 13.231558 -1.272759 0.106000 0.197478 0.106000 1.289870  -1   2  -1 
59353.722869 26.841204 0.198475 15.656036 0.106000 16.076126 -1.470108 13.212069 0.973859 0.106000 2.443967 0.106000 1.289870  -1   2  -1 
59354.076145 27.194480 0.202161 10.993016 0.113000 14.531927 -1.457668 9.557110 -0.021762 0.113000 1.435906 0.113000 1.289870  -1   0  -1 
59354.101312 27.219647 0.202423 10.347016 0.115000 14.531927 -1.456756 9.463752 -0.573492 0.115000 0.883264 0.115000 1.289870  -1   0  -1 
59354.104255 27.222590 0.202454 10.555016 0.115000 14.531927 -1.456649 9.453791 -0.355425 0.115000 1.101225 0.115000 1.289870  -1   0  -1 
59356.710684 29.829019 0.229648 8.178036 0.107000 16.076126 -1.344512 9.113535 -2.280011 0.107000 -0.935499 0.107000 1.289870  -1   2  -1 
59356.721985 29.840320 0.229766 8.616036 0.107000 16.076126 -1.343953 9.091389 -1.819306 0.107000 -0.475353 0.107000 1.289870  -1   2  -1 
59356.725745 29.844080 0.229806 7.224036 0.107000 16.076126 -1.343767 9.084649 -3.204381 0.107000 -1.860613 0.107000 1.289870  -1   2  -1 
59357.087914 30.206249 0.233584 11.478445 0.116000 16.248728 -1.325560 9.692465 0.460420 0.116000 1.785980 0.116000 1.289870  -1   3  -1 
59357.090082 30.208417 0.233607 9.046445 0.116000 16.248728 -1.325449 9.698494 -1.977498 0.116000 -0.652049 0.116000 1.289870  -1   3  -1 
59357.092248 30.210583 0.233630 11.123445 0.116000 16.248728 -1.325339 9.704517 0.093589 0.116000 1.418928 0.116000 1.289870  -1   3  -1 
59358.923301 32.041636 0.252734 9.632016 0.111000 14.531927 -1.224522 9.109424 -0.701930 0.111000 0.522592 0.111000 1.289870  -1   0  -1 
59358.931249 32.049584 0.252817 9.002016 0.111000 14.531927 -1.224055 9.070994 -1.293033 0.111000 -0.068978 0.111000 1.289870  -1   0  -1 
59358.937426 32.055761 0.252881 9.394016 0.111000 14.531927 -1.223691 9.040893 -0.870568 0.111000 0.353123 0.111000 1.289870  -1   0  -1 
59358.952972 32.071307 0.253044 11.744445 0.116000 16.248728 -1.222775 10.681283 -0.159613 0.116000 1.063162 0.116000 1.289870  -1   3  -1 
59358.954053 32.072388 0.253055 9.716445 0.116000 16.248728 -1.222711 10.675946 -2.182212 0.116000 -0.959501 0.116000 1.289870  -1   3  -1 
59358.956208 32.074543 0.253077 9.905445 0.116000 16.248728 -1.222584 10.665299 -1.982438 0.116000 -0.759854 0.116000 1.289870  -1   3  -1 
59361.683491 34.801826 0.281533 11.014036 0.106000 16.076126 -1.048135 10.449696 -0.483795 0.106000 0.564340 0.106000 1.289870  -1   2  -1 
59361.687248 34.805583 0.281572 10.757036 0.106000 16.076126 -1.047877 10.441133 -0.731974 0.106000 0.315903 0.106000 1.289870  -1   2  -1 
59361.691012 34.809347 0.281611 10.074036 0.106000 16.076126 -1.047619 10.432810 -1.406393 0.106000 -0.358774 0.106000 1.289870  -1   2  -1 
59361.944566 35.062901 0.284257 10.255016 0.107000 14.531927 -1.030119 8.928987 0.295911 0.107000 1.326029 0.107000 1.289870  -1   0  -1 
59361.947357 35.065692 0.284286 8.539016 0.107000 14.531927 -1.029925 8.935186 -1.426096 0.107000 -0.396170 0.107000 1.289870  -1   0  -1 
59361.957166 35.075501 0.284388 9.884016 0.108000 14.531927 -1.029244 8.957700 -0.102928 0.108000 0.926316 0.108000 1.289870  -1   0  -1 
59362.136140 35.254475 0.286255 11.463445 0.116000 16.248728 -1.016766 11.209327 -0.762648 0.116000 0.254118 0.116000 1.289870  -1   3  -1 
59362.137220 35.255555 0.286267 11.289445 0.116000 16.248728 -1.016690 11.212825 -0.940070 0.116000 0.076620 0.116000 1.289870  -1   3  -1 
59362.138308 35.256643 0.286278 11.254445 0.116000 16.248728 -1.016614 11.216348 -0.978517 0.116000 0.038097 0.116000 1.289870  -1   3  -1 
59364.917885 38.036220 0.315279 10.797445 0.117000 16.248728 -0.811410 12.905983 -2.919948 0.117000 -2.108538 0.117000 1.289870  -1   3  -1 
59364.918966 38.037301 0.315290 13.743445 0.118000 16.248728 -0.811326 12.907571 0.024548 0.118000 0.835874 0.118000 1.289870  -1   3  -1 
59364.921142 38.039477 0.315313 12.322445 0.117000 16.248728 -0.811158 12.910690 -1.399403 0.117000 -0.588245 0.117000 1.289870  -1   3  -1 
59365.067320 38.185655 0.316838 12.372016 0.109000 14.531927 -0.799834 11.145504 0.426678 0.109000 1.226512 0.109000 1.289870  -1   0  -1 
59365.069993 38.188328 0.316866 12.389016 0.109000 14.531927 -0.799626 11.139617 0.449773 0.109000 1.249399 0.109000 1.289870  -1   0  -1 
59365.075398 38.193733 0.316922 13.155016 0.109000 14.531927 -0.799207 11.127161 1.228648 0.109000 2.027855 0.109000 1.289870  -1   0  -1 
59365.648355 38.766690 0.322900 10.628036 0.104000 16.076126 -0.754362 10.377986 -0.504311 0.104000 0.250050 0.104000 1.289870  -1   2  -1 
59365.652118 38.770453 0.322940 11.484036 0.104000 16.076126 -0.754065 10.377916 0.352056 0.104000 1.106120 0.104000 1.289870  -1   2  -1 
59365.659667 38.778002 0.323018 10.294036 0.105000 16.076126 -0.753469 10.378692 -0.838125 0.105000 -0.084656 0.105000 1.289870  -1   2  -1 
59365.941188 39.059523 0.325956 10.541016 0.109000 14.531927 -0.731178 9.523316 0.286523 0.109000 1.017700 0.109000 1.289870  -1   0  -1 
59365.959824 39.078159 0.326150 9.199016 0.108000 14.531927 -0.729697 9.595439 -1.126119 0.108000 -0.396423 0.108000 1.289870  -1   0  -1 
59369.761210 42.879545 0.365812 8.228036 0.106000 16.076126 -0.415518 8.006922 -0.194404 0.106000 0.221114 0.106000 1.289870  -1   2  -1 
59369.768738 42.887073 0.365891 6.325036 0.106000 16.076126 -0.414876 8.037626 -2.127466 0.106000 -1.712590 0.106000 1.289870  -1   2  -1 
59369.776263 42.894598 0.365969 7.991036 0.106000 16.076126 -0.414235 8.068253 -0.491452 0.106000 -0.077217 0.106000 1.289870  -1   2  -1 
59369.910940 43.029275 0.367374 7.933445 0.117000 16.248728 -0.402750 8.735501 -1.204806 0.117000 -0.802056 0.117000 1.289870  -1   3  -1 
59369.912028 43.030363 0.367386 8.050445 0.117000 16.248728 -0.402657 8.738769 -1.090981 0.117000 -0.688324 0.117000 1.289870  -1   3  -1 
59369.913108 43.031443 0.367397 8.183445 0.117000 16.248728 -0.402565 8.741997 -0.961116 0.117000 -0.558552 0.117000 1.289870  -1   3  -1 
59370.023276 43.141611 0.368546 6.073016 0.109000 14.531927 -0.393156 7.250428 -1.570568 0.109000 -1.177412 0.109000 1.289870  -1   0  -1 
59370.025654 43.143989 0.368571 7.180016 0.109000 14.531927 -0.392953 7.252629 -0.465566 0.109000 -0.072613 0.109000 1.289870  -1   0  -1 
59370.030553 43.148888 0.368622 6.341016 0.110000 14.531927 -0.392534 7.256761 -1.308279 0.110000 -0.915745 0.110000 1.289870  -1   0  -1 
59374.802541 47.920876 0.418411 5.596036 0.107000 16.076126 0.022029 6.931297 -1.313232 0.107000 -1.335261 0.107000 1.289870  -1   2  -1 
59374.806302 -47.919695 0.418451 5.522036 0.107000 16.076126 0.022358 6.949360 -1.404966 0.107000 -1.427324 0.107000 1.289870  -1   2  -1 
59374.810063 -47.915934 0.418490 7.333036 0.107000 16.076126 0.022687 6.967505 0.388218 0.107000 0.365531 0.107000 1.289870  -1   2  -1 
59376.787767 -45.938230 0.439124 6.897036 0.106000 16.076126 0.194966 7.945941 -0.853939 0.106000 -1.048905 0.106000 1.289870  -1   2  -1 
59376.791518 -45.934479 0.439164 6.839036 0.106000 16.076126 0.195291 7.922670 -0.888343 0.106000 -1.083634 0.106000 1.289870  -1   2  -1 
59376.799035 -45.926962 0.439242 4.539036 0.106000 16.076126 0.195943 7.876346 -3.141367 0.106000 -3.337310 0.106000 1.289870  -1   2  -1 
59376.948922 -45.777075 0.440806 7.490445 0.118000 16.248728 0.208926 7.286464 0.412907 0.118000 0.203981 0.118000 1.289870  -1   3  -1 
59376.951075 -45.774922 0.440828 9.995445 0.118000 16.248728 0.209112 7.278538 2.926019 0.118000 2.716907 0.118000 1.289870  -1   3  -1 
59376.952157 -45.773840 0.440840 7.071445 0.118000 16.248728 0.209206 7.274593 0.006058 0.118000 -0.203148 0.118000 1.289870  -1   3  -1 
59377.106321 -45.619676 0.442448 4.323016 0.105000 14.531927 0.222544 5.261688 -0.716127 0.105000 -0.938672 0.105000 1.289870  -1   0  -1 
59377.108935 -45.617062 0.442475 6.659016 0.106000 14.531927 0.222770 5.261108 1.620678 0.106000 1.397908 0.106000 1.289870  -1   0  -1 
59377.116326 -45.609671 0.442552 6.710016 0.106000 14.531927 0.223409 5.260213 1.673212 0.106000 1.449803 0.106000 1.289870  -1   0  -1 
59377.628949 -45.097048 0.447901 6.412036 0.103000 16.076126 0.267639 7.960340 -1.280664 0.103000 -1.548304 0.103000 1.289870  -1   2  -1 
59377.636479 -45.089518 0.447979 8.793036 0.104000 16.076126 0.268288 7.970179 1.091144 0.104000 0.822857 0.104000 1.289870  -1   2  -1 
59377.640253 -45.085744 0.448019 8.817036 0.104000 16.076126 0.268613 7.974760 1.110889 0.104000 0.842276 0.104000 1.289870  -1   2  -1 
59378.026109 -44.699888 0.452045 7.354016 0.112000 14.531927 0.301767 5.610533 2.045250 0.112000 1.743483 0.112000 1.289870  -1   0  -1 
59378.031599 -44.694398 0.452102 6.618016 0.112000 14.531927 0.302238 5.589168 1.331086 0.112000 1.028848 0.112000 1.289870  -1   0  -1 
59378.035635 -44.690362 0.452144 4.879016 0.113000 14.531927 0.302584 5.573585 -0.391985 0.113000 -0.694569 0.113000 1.289870  -1   0  -1 
59379.024886 -43.701111 0.462466 7.645016 0.112000 14.531927 0.386948 7.706092 0.325873 0.112000 -0.061076 0.112000 1.289870  -1   0  -1 
59379.027585 -43.698412 0.462494 6.054016 0.112000 14.531927 0.387177 7.703897 -1.262704 0.112000 -1.649881 0.112000 1.289870  -1   0  -1 
59379.734125 -42.991872 0.469865 7.982036 0.106000 16.076126 0.446781 7.321688 1.107129 0.106000 0.660348 0.106000 1.289870  -1   2  -1 
59379.737891 -42.988106 0.469905 7.372036 0.106000 16.076126 0.447097 7.328540 0.490593 0.106000 0.043496 0.106000 1.289870  -1   2  -1 
59379.749170 -42.976827 0.470022 5.973036 0.107000 16.076126 0.448044 7.350205 -0.929125 0.107000 -1.377169 0.107000 1.289870  -1   2  -1 
59379.927944 -42.798053 0.471888 6.373016 0.111000 14.531927 0.463025 6.304890 0.531150 0.111000 0.068126 0.111000 1.289870  -1   0  -1 
59379.940910 -42.785087 0.472023 6.288016 0.111000 14.531927 0.464109 6.346471 0.405654 0.111000 -0.058455 0.111000 1.289870  -1   0  -1 
59379.943737 -42.782260 0.472052 7.458016 0.111000 14.531927 0.464346 6.355527 1.566835 0.111000 1.102489 0.111000 1.289870  -1   0  -1 
59380.041449 -42.684548 0.473072 9.142445 0.118000 16.248728 0.472514 8.368685 1.246274 0.118000 0.773760 0.118000 1.289870  -1   3  -1 
59380.044695 -42.681302 0.473106 7.565445 0.118000 16.248728 0.472785 8.377535 -0.339304 0.118000 -0.812090 0.118000 1.289870  -1   3  -1 
59380.045775 -42.680222 0.473117 9.611445 0.118000 16.248728 0.472876 8.380459 1.703862 0.118000 1.230986 0.118000 1.289870  -1   3  -1 
59381.742082 -40.983915 0.490816 8.717036 0.105000 16.076126 0.612446 9.399482 -0.070000 0.105000 -0.682446 0.105000 1.289870  -1   2  -1 
59381.745840 -40.980157 0.490855 8.304036 0.105000 16.076126 0.612750 9.384979 -0.468193 0.105000 -1.080943 0.105000 1.289870  -1   2  -1 
59381.749613 -40.976384 0.490894 6.563036 0.106000 16.076126 0.613055 9.370225 -2.194133 0.106000 -2.807189 0.106000 1.289870  -1   2  -1 
59381.964035 -40.761962 0.493131 6.574016 0.108000 14.531927 0.630363 6.914805 0.289574 0.108000 -0.340789 0.108000 1.289870  -1   0  -1 
59381.966642 -40.759355 0.493159 8.862016 0.108000 14.531927 0.630573 6.905640 2.586949 0.108000 1.956376 0.108000 1.289870  -1   0  -1 
59381.969218 -40.756779 0.493185 7.504016 0.108000 14.531927 0.630780 6.896684 1.238112 0.108000 0.607332 0.108000 1.289870  -1   0  -1 
59382.115350 -40.610647 0.494710 9.156445 0.114000 16.248728 0.642528 8.294989 1.503983 0.114000 0.861456 0.114000 1.289870  -1   3  -1 
59382.116432 -40.609565 0.494721 8.099445 0.114000 16.248728 0.642614 8.294121 0.447939 0.114000 -0.194676 0.114000 1.289870  -1   3  -1 
59382.117507 -40.608490 0.494733 7.782445 0.114000 16.248728 0.642701 8.293279 0.131867 0.114000 -0.510834 0.114000 1.289870  -1   3  -1 
59383.644277 -39.081720 0.510662 7.106036 0.103000 16.076126 0.762961 6.668218 1.200779 0.103000 0.437818 0.103000 1.289870  -1   2  -1 
59383.648053 -39.077944 0.510702 6.152036 0.103000 16.076126 0.763253 6.682469 0.232819 0.103000 -0.530433 0.103000 1.289870  -1   2  -1 
59383.655584 -39.070413 0.510780 4.102036 0.103000 16.076126 0.763834 6.711309 -1.845440 0.103000 -2.609273 0.103000 1.289870  -1   2  -1 
59383.978595 -38.747402 0.514150 8.054445 0.119000 16.248728 0.788644 8.142153 0.700935 0.119000 -0.087708 0.119000 1.289870  -1   3  -1 
59383.979676 -38.746321 0.514162 10.057445 0.119000 16.248728 0.788726 8.144757 2.701414 0.119000 1.912688 0.119000 1.289870  -1   3  -1 
59383.981846 -38.744151 0.514184 10.101445 0.119000 16.248728 0.788892 8.149919 2.740418 0.119000 1.951526 0.119000 1.289870  -1   3  -1 
59383.992473 -38.733524 0.514295 5.816016 0.106000 14.531927 0.789704 6.457140 0.148580 0.106000 -0.641124 0.106000 1.289870  -1   0  -1 
59384.002278 -38.723719 0.514398 5.494016 0.107000 14.531927 0.790453 6.477395 -0.192926 0.107000 -0.983379 0.107000 1.289870  -1   0  -1 
59384.007238 -38.718759 0.514449 6.542016 0.106000 14.531927 0.790832 6.486924 0.845924 0.106000 0.055092 0.106000 1.289870  -1   0  -1 
59384.628010 -38.097987 0.520926 7.086036 0.099000 16.076126 0.837799 6.572776 1.351059 0.099000 0.513260 0.099000 1.289870  -1   2  -1 
59384.631782 -38.094215 0.520966 7.844036 0.100000 16.076126 0.838081 6.569774 2.112343 0.100000 1.274262 0.100000 1.289870  -1   2  -1 
59384.635541 -38.090456 0.521005 5.998036 0.100000 16.076126 0.838363 6.567063 0.269336 0.100000 -0.569027 0.100000 1.289870  -1   2  -1 
59385.055212 -37.670785 0.525383 5.790016 0.108000 14.531927 0.869580 5.912292 0.747304 0.108000 -0.122276 0.108000 1.289870  -1   0  -1 
59385.061472 -37.664525 0.525449 5.595016 0.108000 14.531927 0.870042 5.931043 0.534016 0.108000 -0.336027 0.108000 1.289870  -1   0  -1 
59385.063906 -37.662091 0.525474 5.283016 0.108000 14.531927 0.870222 5.938263 0.214975 0.108000 -0.655247 0.108000 1.289870  -1   0  -1 
59387.920967 -34.805030 0.555284 6.280016 0.107000 14.531927 1.069858 7.259258 0.090615 0.107000 -0.979242 0.107000 1.289870  -1   0  -1 
59387.926477 -34.799520 0.555341 8.525016 0.107000 14.531927 1.070219 7.254398 2.340837 0.107000 1.270618 0.107000 1.289870  -1   0  -1 
59387.929412 -34.796585 0.555372 6.352016 0.107000 14.531927 1.070411 7.251484 0.170943 0.107000 -0.899468 0.107000 1.289870  -1   0  -1 
59388.644350 -34.081647 0.562831 8.653036 0.103000 16.076126 1.116418 7.086386 2.683067 0.103000 1.566650 0.103000 1.289870  -1   2  -1 
59388.659397 -34.066600 0.562988 7.371036 0.104000 16.076126 1.117367 7.126445 1.361958 0.104000 0.244591 0.104000 1.289870  -1   2  -1 
59388.663148 -34.062849 0.563027 8.175036 0.104000 16.076126 1.117604 7.136892 2.155748 0.104000 1.038144 0.104000 1.289870  -1   2  -1 
59388.965674 -33.760323 0.566184 6.242016 0.109000 14.531927 1.136526 6.691059 0.687484 0.109000 -0.449043 0.109000 1.289870  -1   0  -1 
59388.967365 -33.758632 0.566201 6.920445 0.117000 16.248728 1.136631 8.413436 -0.356360 0.117000 -1.492991 0.117000 1.289870  -1   3  -1 
59388.968252 -33.757745 0.566211 4.378016 0.109000 14.531927 1.136686 6.699549 -1.184847 0.109000 -2.321533 0.109000 1.289870  -1   0  -1 
59388.968449 -33.757548 0.566213 6.153445 0.117000 16.248728 1.136699 8.416996 -1.126853 0.117000 -2.263551 0.117000 1.289870  -1   3  -1 
59388.969524 -33.756473 0.566224 7.251445 0.117000 16.248728 1.136765 8.420515 -0.032305 0.117000 -1.169070 0.117000 1.289870  -1   3  -1 
59388.970854 -33.755143 0.566238 4.576016 0.109000 14.531927 1.136848 6.708051 -0.995187 0.109000 -2.132035 0.109000 1.289870  -1   0  -1 
59389.809335 -32.916662 0.574986 9.271036 0.098000 16.076126 1.187564 7.780334 2.678267 0.098000 1.490702 0.098000 1.289870  -1   2  -1 
59389.828264 -32.897733 0.575184 8.909036 0.097000 16.076126 1.188680 7.848960 2.248755 0.097000 1.060076 0.097000 1.289870  -1   2  -1 
59389.832028 -32.893969 0.575223 9.154036 0.096000 16.076126 1.188901 7.863432 2.479505 0.096000 1.290604 0.096000 1.289870  -1   2  -1 
59389.926150 -32.799847 0.576205 10.903445 0.118000 16.248728 1.194424 8.475165 3.622704 0.118000 2.428280 0.118000 1.289870  -1   3  -1 
59389.928313 -32.797684 0.576227 8.793445 0.118000 16.248728 1.194551 8.486754 1.501242 0.118000 0.306691 0.118000 1.289870  -1   3  -1 
59389.929388 -32.796609 0.576239 8.906445 0.118000 16.248728 1.194614 8.492534 1.608524 0.118000 0.413911 0.118000 1.289870  -1   3  -1 
59389.952568 -32.773429 0.576480 6.474016 0.108000 14.531927 1.195968 6.903537 0.766447 0.108000 -0.429521 0.108000 1.289870  -1   0  -1 
59389.957794 -32.768203 0.576535 5.317016 0.108000 14.531927 1.196273 6.933126 -0.419837 0.108000 -1.616110 0.108000 1.289870  -1   0  -1 
59389.966851 -32.759146 0.576629 6.199016 0.107000 14.531927 1.196802 6.985018 0.410801 0.107000 -0.786002 0.107000 1.289870  -1   0  -1 
59392.835547 -29.890450 0.606560 10.331036 0.103000 16.076126 1.347491 11.594465 0.084062 0.103000 -1.263429 0.103000 1.289870  -1   2  -1 
59392.843066 -29.882931 0.606639 10.441036 0.103000 16.076126 1.347839 11.630260 0.158615 0.103000 -1.189224 0.103000 1.289870  -1   2  -1 
59392.846825 -29.879172 0.606678 9.767036 0.103000 16.076126 1.348013 11.647786 -0.532737 0.103000 -1.880750 0.103000 1.289870  -1   2  -1 
59393.111566 -29.614431 0.609440 12.567016 0.109000 14.531927 1.360106 10.547071 3.380051 0.109000 2.019945 0.109000 1.289870  -1   0  -1 
59393.114447 -29.611550 0.609470 11.103016 0.109000 14.531927 1.360236 10.542881 1.920371 0.109000 0.560135 0.109000 1.289870  -1   0  -1 
59393.123097 -29.602900 0.609560 9.965016 0.109000 14.531927 1.360625 10.529310 0.796331 0.109000 -0.564294 0.109000 1.289870  -1   0  -1 
59397.703574 -25.022423 0.657351 12.270036 0.104000 16.076126 1.513602 11.302692 2.480946 0.104000 0.967344 0.104000 1.289870  -1   2  -1 
59397.714844 -25.011153 0.657469 11.475036 0.104000 16.076126 1.513836 11.328684 1.660188 0.104000 0.146352 0.104000 1.289870  -1   2  -1 
59397.718600 -25.007397 0.657508 11.622036 0.104000 16.076126 1.513914 11.337410 1.798540 0.104000 0.284626 0.104000 1.289870  -1   2  -1 
59397.891478 -24.834519 0.659312 10.351016 0.106000 14.531927 1.517414 10.153715 1.714715 0.106000 0.197301 0.106000 1.289870  -1   0  -1 
59397.896665 -24.829332 0.659366 10.505016 0.106000 14.531927 1.517516 10.161067 1.861465 0.106000 0.343949 0.106000 1.289870  -1   0  -1 
59397.899199 -24.826798 0.659392 10.793016 0.106000 14.531927 1.517566 10.164539 2.146043 0.106000 0.628477 0.106000 1.289870  -1   0  -1 
59398.093478 -24.632519 0.661419 9.225445 0.118000 16.248728 1.521278 11.832976 -1.086253 0.118000 -2.607531 0.118000 1.289870  -1   3  -1 
59398.094558 -24.631439 0.661431 12.796445 0.117000 16.248728 1.521298 11.830663 2.487080 0.117000 0.965782 0.117000 1.289870  -1   3  -1 
59398.096718 -24.629279 0.661453 10.478445 0.117000 16.248728 1.521338 11.825965 0.173818 0.117000 -1.347520 0.117000 1.289870  -1   3  -1 
59401.792180 -20.933817 0.700010 10.003036 0.105000 16.076126 1.546843 10.921107 0.628771 0.105000 -0.918071 0.105000 1.289870  -1   2  -1 
59401.795940 -20.930057 0.700049 9.622036 0.106000 16.076126 1.546823 10.933182 0.235677 0.106000 -1.311146 0.106000 1.289870  -1   2  -1 
59401.799701 -20.926296 0.700089 10.338036 0.105000 16.076126 1.546803 10.944937 0.939902 0.105000 -0.606901 0.105000 1.289870  -1   2  -1 
59401.885991 -20.840006 0.700989 9.301016 0.108000 14.531927 1.546323 9.576037 1.271302 0.108000 -0.275021 0.108000 1.289870  -1   0  -1 
59401.888644 -20.837353 0.701017 10.478016 0.107000 14.531927 1.546307 9.578438 2.445885 0.107000 0.899578 0.107000 1.289870  -1   0  -1 
59401.892602 -20.833395 0.701058 10.397016 0.107000 14.531927 1.546284 9.581681 2.361618 0.107000 0.815335 0.107000 1.289870  -1   0  -1 
59401.927059 -20.798938 0.701417 10.789000 0.120000 16.672394 1.546076 11.733288 0.601788 0.120000 -0.944288 0.120000 1.289870  -1   1  -1 
59401.927765 -20.798232 0.701425 11.705000 0.120000 16.672394 1.546072 11.733197 1.517874 0.120000 -0.028197 0.120000 1.289870  -1   1  -1 
59401.929177 -20.796820 0.701439 11.050000 0.120000 16.672394 1.546063 11.732979 0.863084 0.120000 -0.682979 0.120000 1.289870  -1   1  -1 
59401.992049 -20.733948 0.702095 12.236445 0.121000 16.248728 1.545662 11.250027 2.532080 0.121000 0.986418 0.121000 1.289870  -1   3  -1 
59401.994207 -20.731790 0.702118 12.383445 0.122000 16.248728 1.545648 11.246358 2.682735 0.122000 1.137087 0.122000 1.289870  -1   3  -1 
59401.995280 -20.730717 0.702129 11.654445 0.122000 16.248728 1.545641 11.244496 1.955590 0.122000 0.409949 0.122000 1.289870  -1   3  -1 
59402.794210 -19.931787 0.710465 10.546036 0.105000 16.076126 1.538155 10.934733 1.149458 0.105000 -0.388697 0.105000 1.289870  -1   2  -1 
59402.797974 -19.928023 0.710504 9.392036 0.105000 16.076126 1.538109 10.949914 -0.019768 0.105000 -1.557878 0.105000 1.289870  -1   2  -1 
59402.801729 -19.924268 0.710543 10.372036 0.105000 16.076126 1.538064 10.965036 0.945063 0.105000 -0.593000 0.105000 1.289870  -1   2  -1 
59402.966503 -19.759494 0.712262 11.189000 0.117000 16.672394 1.535958 12.141139 0.583819 0.117000 -0.952139 0.117000 1.289870  -1   1  -1 
59402.968621 -19.757376 0.712285 14.018000 0.117000 16.672394 1.535930 12.146742 3.407188 0.117000 1.871258 0.117000 1.289870  -1   1  -1 
59402.969327 -19.756670 0.712292 13.132000 0.117000 16.672394 1.535920 12.148595 2.519325 0.117000 0.983405 0.117000 1.289870  -1   1  -1 
59402.970612 -19.755385 0.712305 11.095445 0.117000 16.248728 1.535903 11.728283 0.903065 0.117000 -0.632838 0.117000 1.289870  -1   3  -1 
59402.971692 -19.754305 0.712317 13.128445 0.117000 16.248728 1.535889 11.731083 2.933251 0.117000 1.397362 0.117000 1.289870  -1   3  -1 
59402.972765 -19.753232 0.712328 12.770445 0.117000 16.248728 1.535874 11.733847 2.572472 0.117000 1.036598 0.117000 1.289870  -1   3  -1 
59403.889282 -18.836715 0.721890 10.672000 0.121000 16.672394 1.520622 11.110670 1.081952 0.121000 -0.438670 0.121000 1.289870  -1   1  -1 
59403.890693 -18.835304 0.721905 11.039000 0.121000 16.672394 1.520594 11.116936 1.442658 0.121000 -0.077936 0.121000 1.289870  -1   1  -1 
59403.891398 -18.834599 0.721912 10.586000 0.121000 16.672394 1.520580 11.120079 0.986501 0.121000 -0.534079 0.121000 1.289870  -1   1  -1 
59403.992215 -18.733782 0.722964 8.990016 0.107000 14.531927 1.518536 9.496067 1.012485 0.107000 -0.506051 0.107000 1.289870  -1   0  -1 
59404.001960 -18.724037 0.723066 9.910016 0.108000 14.531927 1.518334 9.551479 1.876871 0.108000 0.358537 0.108000 1.289870  -1   0  -1 
59404.004362 -18.721635 0.723091 9.362016 0.108000 14.531927 1.518284 9.565242 1.315059 0.108000 -0.203226 0.108000 1.289870  -1   0  -1 
59404.084675 -18.641322 0.723929 10.388445 0.117000 16.248728 1.516596 11.757217 0.147825 0.117000 -1.368772 0.117000 1.289870  -1   3  -1 
59404.085749 -18.640248 0.723940 12.446445 0.117000 16.248728 1.516574 11.763663 2.199356 0.117000 0.682782 0.117000 1.289870  -1   3  -1 
59404.086835 -18.639162 0.723952 11.398445 0.117000 16.248728 1.516550 11.770181 1.144815 0.117000 -0.371736 0.117000 1.289870  -1   3  -1 
59405.737353 -16.988644 0.741172 13.281036 0.105000 16.076126 1.471491 13.125953 1.626573 0.105000 0.155083 0.105000 1.289870  -1   2  -1 
59405.748644 -16.977353 0.741290 13.121036 0.104000 16.076126 1.471114 13.084840 1.507310 0.104000 0.036196 0.104000 1.289870  -1   2  -1 
59405.756176 -16.969821 0.741369 12.271036 0.105000 16.076126 1.470862 13.055716 0.686182 0.105000 -0.784680 0.105000 1.289870  -1   2  -1 
59405.855588 -16.870409 0.742406 13.100000 0.119000 16.672394 1.467500 13.154033 1.413466 0.119000 -0.054033 0.119000 1.289870  -1   1  -1 
59405.857000 -16.868997 0.742421 13.186000 0.119000 16.672394 1.467451 13.145672 1.507779 0.119000 0.040328 0.119000 1.289870  -1   1  -1 
59405.857706 -16.868291 0.742428 13.044000 0.120000 16.672394 1.467427 13.141481 1.369946 0.120000 -0.097481 0.120000 1.289870  -1   1  -1 
59406.106963 -16.619034 0.745029 13.801445 0.114000 16.248728 1.458673 11.171302 4.088815 0.114000 2.630143 0.114000 1.289870  -1   3  -1 
59406.108044 -16.617953 0.745040 12.581445 0.114000 16.248728 1.458634 11.165911 2.874167 0.114000 1.415534 0.114000 1.289870  -1   3  -1 
59406.109128 -16.616869 0.745051 12.133445 0.114000 16.248728 1.458595 11.160528 2.431511 0.114000 0.972917 0.114000 1.289870  -1   3  -1 
59407.864238 -14.861759 0.763363 14.678000 0.122000 16.672394 1.383960 12.271573 3.790386 0.122000 2.406427 0.122000 1.289870  -1   1  -1 
59407.866356 -14.859641 0.763385 12.817000 0.122000 16.672394 1.383856 12.280253 1.920603 0.122000 0.536747 0.122000 1.289870  -1   1  -1 
59407.867063 -14.858934 0.763393 12.694000 0.122000 16.672394 1.383821 12.283148 1.794674 0.122000 0.410852 0.122000 1.289870  -1   1  -1 
59408.161045 -14.564952 0.766460 10.715016 0.108000 14.531927 1.369094 10.901950 1.182159 0.108000 -0.186934 0.108000 1.289870  -1   0  -1 
59408.163430 -14.562567 0.766485 10.337016 0.108000 14.531927 1.368972 10.901785 0.804203 0.108000 -0.564769 0.108000 1.289870  -1   0  -1 
59408.165807 -14.560190 0.766510 9.894016 0.108000 14.531927 1.368850 10.901482 0.361384 0.108000 -1.007466 0.108000 1.289870  -1   0  -1 
59411.082909 -11.643088 0.796946 10.267445 0.119000 16.248728 1.188612 10.532295 0.923762 0.119000 -0.264850 0.119000 1.289870  -1   3  -1 
59411.083984 -11.642013 0.796957 12.253445 0.119000 16.248728 1.188534 10.526093 2.915886 0.119000 1.727352 0.119000 1.289870  -1   3  -1 
59411.085060 -11.640937 0.796968 9.185445 0.119000 16.248728 1.188457 10.519890 -0.145988 0.119000 -1.334445 0.119000 1.289870  -1   3  -1 
59411.109436 -11.616561 0.797222 10.787016 0.107000 14.531927 1.186695 8.664239 3.309472 0.107000 2.122777 0.107000 1.289870  -1   0  -1 
59411.114634 -11.611363 0.797277 8.018016 0.107000 14.531927 1.186319 8.635151 0.569185 0.107000 -0.617135 0.107000 1.289870  -1   0  -1 
59411.121738 -11.604259 0.797351 8.342016 0.108000 14.531927 1.185805 8.595762 0.932059 0.108000 -0.253746 0.108000 1.289870  -1   0  -1 
59418.956092 -3.769905 0.879091 5.977016 0.107000 14.531927 0.435616 6.962565 -0.549933 0.107000 -0.985549 0.107000 1.289870  -1   0  -1 
59418.958787 -3.767210 0.879119 6.395016 0.107000 14.531927 0.435309 6.966052 -0.135728 0.107000 -0.571036 0.107000 1.289870  -1   0  -1 
59418.965560 -3.760437 0.879190 6.673016 0.107000 14.531927 0.434536 6.975484 0.132068 0.107000 -0.302468 0.107000 1.289870  -1   0  -1 
59418.981323 -3.744674 0.879354 7.893445 0.107000 16.248728 0.432738 8.717884 -0.391700 0.107000 -0.824439 0.107000 1.289870  -1   3  -1 
59418.982407 -3.743590 0.879366 8.979445 0.107000 16.248728 0.432615 8.719829 0.692230 0.107000 0.259616 0.107000 1.289870  -1   3  -1 
59418.983485 -3.742512 0.879377 8.108445 0.107000 16.248728 0.432492 8.721787 -0.180851 0.107000 -0.613342 0.107000 1.289870  -1   3  -1 
59419.756507 -2.969490 0.887442 11.061036 0.103000 16.076126 0.343447 10.621494 0.782989 0.103000 0.439542 0.103000 1.289870  -1   2  -1 
59419.775306 -2.950691 0.887639 12.721036 0.103000 16.076126 0.341262 10.553969 2.508329 0.103000 2.167067 0.103000 1.289870  -1   2  -1 
59419.779068 -2.946929 0.887678 13.350036 0.103000 16.076126 0.340825 10.539501 3.151360 0.103000 2.810535 0.103000 1.289870  -1   2  -1 
59419.947893 -2.778104 0.889439 7.333016 0.111000 14.531927 0.321161 8.122113 -0.467936 0.111000 -0.789097 0.111000 1.289870  -1   0  -1 
59419.986504 -2.739493 0.889842 5.470016 0.111000 14.531927 0.316655 7.900243 -2.113572 0.111000 -2.430227 0.111000 1.289870  -1   0  -1 
59419.990052 -2.735945 0.889879 5.020016 0.111000 14.531927 0.316240 7.880226 -2.543970 0.111000 -2.860210 0.111000 1.289870  -1   0  -1 
59420.037408 -2.688589 0.890373 6.331445 0.104000 16.248728 0.310708 9.340801 -2.698648 0.104000 -3.009356 0.104000 1.289870  -1   3  -1 
59420.038492 -2.687505 0.890385 6.759445 0.104000 16.248728 0.310581 9.335232 -2.265205 0.104000 -2.575787 0.104000 1.289870  -1   3  -1 
59420.040662 -2.685335 0.890407 9.441445 0.104000 16.248728 0.310328 9.324129 0.427643 0.104000 0.117316 0.104000 1.289870  -1   3  -1 
59420.700637 -2.025360 0.897293 11.222036 0.104000 16.076126 0.232737 9.423447 2.031326 0.104000 1.798589 0.104000 1.289870  -1   2  -1 
59420.708153 -2.017844 0.897371 12.511036 0.104000 16.076126 0.231849 9.444723 3.298162 0.104000 3.066313 0.104000 1.289870  -1   2  -1 
59420.715676 -2.010321 0.897450 9.715036 0.104000 16.076126 0.230959 9.465551 0.480444 0.104000 0.249485 0.104000 1.289870  -1   2  -1 
59420.873617 -1.852380 0.899098 11.323000 0.133000 16.672394 0.212267 10.336336 1.198930 0.133000 0.986664 0.133000 1.289870  -1   1  -1 
59420.874323 -1.851674 0.899105 10.582000 0.133000 16.672394 0.212183 10.336664 0.457519 0.133000 0.245336 0.133000 1.289870  -1   1  -1 
59420.875735 -1.850262 0.899120 13.235000 0.133000 16.672394 0.212016 10.337293 3.109723 0.133000 2.897707 0.133000 1.289870  -1   1  -1 
59420.988150 -1.737847 0.900293 11.459445 0.109000 16.248728 0.198686 9.837145 1.820987 0.109000 1.622300 0.109000 1.289870  -1   3  -1 
59420.990293 -1.735704 0.900315 8.740445 0.109000 16.248728 0.198432 9.833239 -0.894362 0.109000 -1.092794 0.109000 1.289870  -1   3  -1 
59420.991383 -1.734614 0.900327 9.562445 0.109000 16.248728 0.198303 9.831219 -0.070471 0.109000 -0.268774 0.109000 1.289870  -1   3  -1 
59421.112099 -1.613898 0.901586 4.962016 0.109000 14.531927 0.183967 7.767678 -2.621695 0.109000 -2.805662 0.109000 1.289870  -1   0  -1 
59421.130285 -1.595712 0.901776 6.401016 0.109000 14.531927 0.181806 7.699610 -1.116789 0.109000 -1.298594 0.109000 1.289870  -1   0  -1 
59421.136709 -1.589288 0.901843 5.004016 0.109000 14.531927 0.181042 7.675016 -2.489958 0.109000 -2.671000 0.109000 1.289870  -1   0  -1 
59422.687448 -0.038549 0.918023 11.492036 0.105000 16.076126 -0.004466 10.522161 0.965409 0.105000 0.969875 0.105000 1.289870  -1   2  -1 
59422.694983 -0.031014 0.918101 12.344036 0.105000 16.076126 -0.005371 10.510639 1.828026 0.105000 1.833397 0.105000 1.289870  -1   2  -1 
59422.702516 -0.023481 0.918180 10.777036 0.105000 16.076126 -0.006275 10.500244 0.270517 0.105000 0.276792 0.105000 1.289870  -1   2  -1 
59422.871553 0.145556 0.919943 10.382000 0.132000 16.672394 -0.026570 11.158760 -0.803330 0.132000 -0.776760 0.132000 1.289870  -1   1  -1 
59422.873670 0.147673 0.919966 9.373000 0.132000 16.672394 -0.026825 11.162885 -1.816709 0.132000 -1.789885 0.132000 1.289870  -1   1  -1 
59422.874376 0.148379 0.919973 10.685000 0.132000 16.672394 -0.026909 11.164276 -0.506185 0.132000 -0.479276 0.132000 1.289870  -1   1  -1 
59423.678423 0.952426 0.928362 12.215036 0.105000 16.076126 -0.123369 11.637866 0.453801 0.105000 0.577170 0.105000 1.289870  -1   2  -1 
59423.685999 0.960002 0.928441 12.980036 0.105000 16.076126 -0.124277 11.605365 1.250394 0.105000 1.374671 0.105000 1.289870  -1   2  -1 
59423.689751 0.963754 0.928480 12.776036 0.105000 16.076126 -0.124726 11.589143 1.062167 0.105000 1.186893 0.105000 1.289870  -1   2  -1 
