# time Tc_folded Tref_folded value value_err offset model full_model val_compare val_compare_err residuals residuals_err jitter jitter_flag offset_flag subset_flag 
59334.700184 1.138677 0.000000 12.513036 0.102000 16.076126 -0.406758 11.644613 0.461666 0.102000 0.868423 0.102000 1.289870  -1   2  -1 
59334.703954 1.142447 0.001304 12.338036 0.102000 16.076126 -0.402149 11.633453 0.302434 0.102000 0.704583 0.102000 1.289870  -1   2  -1 
59334.711459 1.149952 0.003899 11.786036 0.102000 16.076126 -0.392888 11.610720 -0.217572 0.102000 0.175316 0.102000 1.289870  -1   2  -1 
59334.934601 1.373094 0.081064 12.027445 0.113000 16.248728 -0.079165 11.055687 0.892593 0.113000 0.971758 0.113000 1.289870  -1   3  -1 
59334.935678 1.374171 0.081436 9.957445 0.113000 16.248728 -0.077544 11.053166 -1.173265 0.113000 -1.095721 0.113000 1.289870  -1   3  -1 
59334.936754 1.375247 0.081808 9.409445 0.113000 16.248728 -0.075925 11.050667 -1.717146 0.113000 -1.641222 0.113000 1.289870  -1   3  -1 
59336.069824 -0.383440 0.473636 9.820445 0.117000 16.248728 0.462161 12.448661 -2.166055 0.117000 -2.628216 0.117000 1.289870  -1   3  -1 
59336.071983 -0.381281 0.474382 12.385445 0.117000 16.248728 0.460081 12.436881 0.408645 0.117000 -0.051436 0.117000 1.289870  -1   3  -1 
59336.073065 -0.380199 0.474757 11.459445 0.117000 16.248728 0.459035 12.430971 -0.512491 0.117000 -0.971526 0.117000 1.289870  -1   3  -1 
59336.087932 -0.365332 0.479898 12.299016 0.109000 14.531927 0.444433 10.632711 2.110737 0.109000 1.666305 0.109000 1.289870  -1   0  -1 
59336.113567 -0.339697 0.488763 11.451016 0.109000 14.531927 0.418271 10.492200 1.377087 0.109000 0.958816 0.109000 1.289870  -1   0  -1 
59336.116529 -0.336735 0.489787 10.632016 0.109000 14.531927 0.415171 10.476053 0.571134 0.109000 0.155963 0.109000 1.289870  -1   0  -1 
59337.794690 1.341426 0.070112 11.758036 0.103000 16.076126 -0.126638 11.591802 0.039596 0.103000 0.166234 0.103000 1.289870  -1   2  -1 
59337.802213 1.348949 0.072714 11.947036 0.103000 16.076126 -0.115401 11.624711 0.206924 0.103000 0.322325 0.103000 1.289870  -1   2  -1 
59337.805964 1.352700 0.074011 11.783036 0.103000 16.076126 -0.109787 11.641438 0.031811 0.103000 0.141598 0.103000 1.289870  -1   2  -1 
59338.101617 -1.243405 0.176251 12.022016 0.109000 14.531927 0.318010 11.713574 0.626452 0.109000 0.308442 0.109000 1.289870  -1   0  -1 
59338.106766 -1.238256 0.178032 11.620016 0.110000 14.531927 0.324610 11.740162 0.204464 0.110000 -0.120146 0.110000 1.289870  -1   0  -1 
59338.111894 -1.233128 0.179805 11.480016 0.110000 14.531927 0.331135 11.766350 0.044801 0.110000 -0.286334 0.110000 1.289870  -1   0  -1 
59340.098120 0.753098 0.866663 7.644445 0.116000 16.248728 -0.671960 10.689832 -3.717347 0.116000 -3.045387 0.116000 1.289870  -1   3  -1 
59340.099194 0.754172 0.867034 10.253445 0.117000 16.248728 -0.671876 10.686911 -1.105342 0.117000 -0.433466 0.117000 1.289870  -1   3  -1 
59340.101354 0.756332 0.867781 9.977445 0.116000 16.248728 -0.671695 10.681122 -1.375371 0.116000 -0.703677 0.116000 1.289870  -1   3  -1 
59340.125153 0.780131 0.876011 10.201016 0.104000 14.531927 -0.668666 8.908259 0.624090 0.104000 1.292757 0.104000 1.289870  -1   0  -1 
59340.134329 0.789307 0.879184 10.066016 0.104000 14.531927 -0.666992 8.890472 0.508552 0.104000 1.175544 0.104000 1.289870  -1   0  -1 
59340.148161 0.803139 0.883967 9.340016 0.104000 14.531927 -0.663935 8.867725 -0.191644 0.104000 0.472291 0.104000 1.289870  -1   0  -1 
59341.954385 -0.282395 0.508578 12.591445 0.119000 16.248728 0.355623 12.244699 0.702369 0.119000 0.346746 0.119000 1.289870  -1   3  -1 
59341.957620 -0.279160 0.509697 11.846445 0.119000 16.248728 0.351927 12.251146 -0.052774 0.119000 -0.404701 0.119000 1.289870  -1   3  -1 
59341.958695 -0.278085 0.510069 11.125445 0.119000 16.248728 0.350695 12.253258 -0.777117 0.119000 -1.127813 0.119000 1.289870  -1   3  -1 
59341.996746 -0.240034 0.523227 9.912016 0.107000 14.531927 0.306000 10.600579 -0.382563 0.107000 -0.688563 0.107000 1.289870  -1   0  -1 
59342.000684 -0.236096 0.524589 11.168016 0.107000 14.531927 0.301259 10.605947 0.863328 0.107000 0.562069 0.107000 1.289870  -1   0  -1 
59343.674792 1.438012 0.103513 12.265036 0.104000 16.076126 0.018748 11.551156 0.732628 0.104000 0.713880 0.104000 1.289870  -1   2  -1 
59343.682301 1.445521 0.106110 11.495036 0.104000 16.076126 0.030048 11.529031 -0.003947 0.104000 -0.033995 0.104000 1.289870  -1   2  -1 
59343.689815 -1.438722 0.108708 11.638036 0.104000 16.076126 0.041338 11.506702 0.172672 0.104000 0.131334 0.104000 1.289870  -1   2  -1 
59344.038460 -1.090077 0.229273 9.612016 0.106000 14.531927 0.491192 9.569021 0.534187 0.106000 0.042995 0.106000 1.289870  -1   0  -1 
59344.047124 -1.081413 0.232269 9.678016 0.105000 14.531927 0.499358 9.586684 0.590690 0.105000 0.091332 0.105000 1.289870  -1   0  -1 
59344.054785 -1.073752 0.234919 9.704016 0.105000 14.531927 0.506418 9.603435 0.606999 0.105000 0.100581 0.105000 1.289870  -1   0  -1 
59344.090520 -1.038017 0.247276 10.762445 0.117000 16.248728 0.537330 11.411798 -0.112023 0.117000 -0.649353 0.117000 1.289870  -1   3  -1 
59344.093753 -1.034784 0.248394 10.331445 0.117000 16.248728 0.539959 11.421123 -0.549719 0.117000 -1.089678 0.117000 1.289870  -1   3  -1 
59344.094826 -1.033711 0.248765 12.097445 0.117000 16.248728 0.540825 11.424254 1.214016 0.117000 0.673191 0.117000 1.289870  -1   3  -1 
59345.052239 -0.076298 0.579849 9.690016 0.106000 14.531927 0.094843 10.103837 -0.318978 0.106000 -0.413821 0.106000 1.289870  -1   0  -1 
59345.054836 -0.073701 0.580747 9.351016 0.106000 14.531927 0.091323 10.089499 -0.647160 0.106000 -0.738483 0.106000 1.289870  -1   0  -1 
59345.062635 -0.065902 0.583444 9.182016 0.105000 14.531927 0.080731 10.046876 -0.784129 0.105000 -0.864860 0.105000 1.289870  -1   0  -1 
59348.691508 0.671213 0.838346 9.657036 0.102000 16.076126 -0.667115 10.879621 -1.889701 0.102000 -1.222585 0.102000 1.289870  -1   2  -1 
59348.699020 0.678725 0.840944 11.244036 0.102000 16.076126 -0.668477 10.844341 -0.268783 0.102000 0.399695 0.102000 1.289870  -1   2  -1 
59348.702790 0.682495 0.842247 11.974036 0.103000 16.076126 -0.669092 10.826445 0.478499 0.103000 1.147591 0.103000 1.289870  -1   2  -1 
59349.021951 1.001656 0.952617 7.957016 0.108000 14.531927 -0.551342 8.089740 -0.684065 0.108000 -0.132724 0.108000 1.289870  -1   0  -1 
59349.026999 1.006704 0.954362 5.714016 0.108000 14.531927 -0.546892 8.086078 -2.918954 0.108000 -2.372062 0.108000 1.289870  -1   0  -1 
59349.032064 1.011769 0.956114 9.298016 0.109000 14.531927 -0.542353 8.083060 0.672602 0.109000 1.214956 0.109000 1.289870  -1   0  -1 
59350.089948 -0.822105 0.321941 11.005016 0.104000 14.531927 0.647456 10.172127 1.480345 0.104000 0.832889 0.104000 1.289870  -1   0  -1 
59350.092419 -0.819634 0.322796 11.321016 0.104000 14.531927 0.647921 10.161730 1.807208 0.104000 1.159286 0.104000 1.289870  -1   0  -1 
59350.106715 -0.805338 0.327739 11.969016 0.104000 14.531927 0.650253 10.101979 2.517290 0.104000 1.867037 0.104000 1.289870  -1   0  -1 
59350.920251 0.008198 0.609069 10.284016 0.105000 14.531927 -0.020904 10.890024 -0.626911 0.105000 -0.606008 0.105000 1.289870  -1   0  -1 
59351.708087 0.796034 0.881510 10.082036 0.102000 16.076126 -0.665585 10.647613 -1.231162 0.102000 -0.565577 0.102000 1.289870  -1   2  -1 
59351.715613 0.803560 0.884113 8.813036 0.102000 16.076126 -0.663832 10.665806 -2.516602 0.102000 -1.852770 0.102000 1.289870  -1   2  -1 
59351.726880 0.814827 0.888009 9.479036 0.102000 16.076126 -0.660853 10.695325 -1.877142 0.102000 -1.216289 0.102000 1.289870  -1   2  -1 
59352.098517 1.186464 0.016525 10.912016 0.107000 14.531927 -0.346258 11.003415 -0.437657 0.107000 -0.091399 0.107000 1.289870  -1   0  -1 
59352.108322 1.196269 0.019916 10.396016 0.107000 14.531927 -0.333320 11.055430 -0.992734 0.107000 -0.659414 0.107000 1.289870  -1   0  -1 
59352.122068 1.210015 0.024669 11.479016 0.107000 14.531927 -0.314909 11.126749 0.037358 0.107000 0.352267 0.107000 1.289870  -1   0  -1 
59353.715347 -0.088463 0.575642 12.882036 0.106000 16.076126 0.111287 13.250720 -0.257397 0.106000 -0.368684 0.106000 1.289870  -1   2  -1 
59353.719104 -0.084706 0.576941 13.429036 0.106000 16.076126 0.106217 13.231558 0.303694 0.106000 0.197478 0.106000 1.289870  -1   2  -1 
59353.722869 -0.080941 0.578243 15.656036 0.106000 16.076126 0.101129 13.212069 2.545095 0.106000 2.443967 0.106000 1.289870  -1   2  -1 
59354.076145 0.272335 0.700410 10.993016 0.113000 14.531927 -0.368493 9.557110 1.067414 0.113000 1.435906 0.113000 1.289870  -1   0  -1 
59354.101312 0.297502 0.709113 10.347016 0.115000 14.531927 -0.397848 9.463752 0.485416 0.115000 0.883264 0.115000 1.289870  -1   0  -1 
59354.104255 0.300445 0.710130 10.555016 0.115000 14.531927 -0.401215 9.453791 0.700010 0.115000 1.101225 0.115000 1.289870  -1   0  -1 
59356.710684 0.015116 0.611461 8.178036 0.107000 16.076126 -0.030438 9.113535 -0.965937 0.107000 -0.935499 0.107000 1.289870  -1   2  -1 
59356.721985 0.026417 0.615369 8.616036 0.107000 16.076126 -0.046013 9.091389 -0.521365 0.107000 -0.475353 0.107000 1.289870  -1   2  -1 
59356.725745 0.030177 0.616669 7.224036 0.107000 16.076126 -0.051193 9.084649 -1.911806 0.107000 -1.860613 0.107000 1.289870  -1   2  -1 
59357.087914 0.392346 0.741911 11.478445 0.116000 16.248728 -0.498405 9.692465 1.287576 0.116000 1.785980 0.116000 1.289870  -1   3  -1 
59357.090082 0.394514 0.742661 9.046445 0.116000 16.248728 -0.500493 9.698494 -1.152542 0.116000 -0.652049 0.116000 1.289870  -1   3  -1 
59357.092248 0.396680 0.743410 11.123445 0.116000 16.248728 -0.502570 9.704517 0.916358 0.116000 1.418928 0.116000 1.289870  -1   3  -1 
59358.923301 -0.664025 0.376607 9.632016 0.111000 14.531927 0.640791 9.109424 1.163383 0.111000 0.522592 0.111000 1.289870  -1   0  -1 
59358.931249 -0.656077 0.379355 9.002016 0.111000 14.531927 0.638540 9.070994 0.569561 0.111000 -0.068978 0.111000 1.289870  -1   0  -1 
59358.937426 -0.649900 0.381491 9.394016 0.111000 14.531927 0.636667 9.040893 0.989790 0.111000 0.353123 0.111000 1.289870  -1   0  -1 
59358.952972 -0.634354 0.386867 11.744445 0.116000 16.248728 0.631483 10.681283 1.694644 0.116000 1.063162 0.116000 1.289870  -1   3  -1 
59358.954053 -0.633273 0.387241 9.716445 0.116000 16.248728 0.631097 10.675946 -0.328403 0.116000 -0.959501 0.116000 1.289870  -1   3  -1 
59358.956208 -0.631118 0.387986 9.905445 0.116000 16.248728 0.630319 10.665299 -0.129535 0.116000 -0.759854 0.116000 1.289870  -1   3  -1 
59361.683491 -0.795592 0.331109 11.014036 0.106000 16.076126 0.651493 10.449696 1.215833 0.106000 0.564340 0.106000 1.289870  -1   2  -1 
59361.687248 -0.791835 0.332409 10.757036 0.106000 16.076126 0.651895 10.441133 0.967799 0.106000 0.315903 0.106000 1.289870  -1   2  -1 
59361.691012 -0.788071 0.333710 10.074036 0.106000 16.076126 0.652256 10.432810 0.293483 0.106000 -0.358774 0.106000 1.289870  -1   2  -1 
59361.944566 -0.534517 0.421392 10.255016 0.107000 14.531927 0.582606 8.928987 1.908635 0.107000 1.326029 0.107000 1.289870  -1   0  -1 
59361.947357 -0.531726 0.422357 8.539016 0.107000 14.531927 0.580866 8.935186 0.184696 0.107000 -0.396170 0.107000 1.289870  -1   0  -1 
59361.957166 -0.521917 0.425749 9.884016 0.108000 14.531927 0.574599 8.957700 1.500915 0.108000 0.926316 0.108000 1.289870  -1   0  -1 
59362.136140 -0.342943 0.487640 11.463445 0.116000 16.248728 0.421651 11.209327 0.675769 0.116000 0.254118 0.116000 1.289870  -1   3  -1 
59362.137220 -0.341863 0.488014 11.289445 0.116000 16.248728 0.420528 11.212825 0.497148 0.116000 0.076620 0.116000 1.289870  -1   3  -1 
59362.138308 -0.340775 0.488390 11.254445 0.116000 16.248728 0.419396 11.216348 0.457493 0.116000 0.038097 0.116000 1.289870  -1   3  -1 
59364.917885 -0.452956 0.449597 10.797445 0.117000 16.248728 0.523981 12.905983 -1.584558 0.117000 -2.108538 0.117000 1.289870  -1   3  -1 
59364.918966 -0.451875 0.449970 13.743445 0.118000 16.248728 0.523099 12.907571 1.358973 0.118000 0.835874 0.118000 1.289870  -1   3  -1 
59364.921142 -0.449699 0.450723 12.322445 0.117000 16.248728 0.521317 12.910690 -0.066928 0.117000 -0.588245 0.117000 1.289870  -1   3  -1 
59365.067320 -0.303521 0.501273 12.372016 0.109000 14.531927 0.379356 11.145504 1.605868 0.109000 1.226512 0.109000 1.289870  -1   0  -1 
59365.069993 -0.300848 0.502197 12.389016 0.109000 14.531927 0.376393 11.139617 1.625792 0.109000 1.249399 0.109000 1.289870  -1   0  -1 
59365.075398 -0.295443 0.504066 13.155016 0.109000 14.531927 0.370366 11.127161 2.398221 0.109000 2.027855 0.109000 1.289870  -1   0  -1 
59365.648355 0.277514 0.702201 10.628036 0.104000 16.076126 -0.374614 10.377986 -0.124564 0.104000 0.250050 0.104000 1.289870  -1   2  -1 
59365.652118 0.281277 0.703502 11.484036 0.104000 16.076126 -0.379036 10.377916 0.727084 0.104000 1.106120 0.104000 1.289870  -1   2  -1 
59365.659667 0.288826 0.706113 10.294036 0.105000 16.076126 -0.387841 10.378692 -0.472497 0.105000 -0.084656 0.105000 1.289870  -1   2  -1 
59365.941188 0.570347 0.803465 10.541016 0.109000 14.531927 -0.631567 9.523316 0.386134 0.109000 1.017700 0.109000 1.289870  -1   0  -1 
59365.959824 0.588983 0.809910 9.199016 0.108000 14.531927 -0.640493 9.595439 -1.036916 0.108000 -0.396423 0.108000 1.289870  -1   0  -1 
59369.761210 -1.393146 0.124469 8.228036 0.106000 16.076126 0.109246 8.006922 0.330360 0.106000 0.221114 0.106000 1.289870  -1   2  -1 
59369.768738 -1.385618 0.127072 6.325036 0.106000 16.076126 0.120337 8.037626 -1.592252 0.106000 -1.712590 0.106000 1.289870  -1   2  -1 
59369.776263 -1.378093 0.129674 7.991036 0.106000 16.076126 0.131379 8.068253 0.054162 0.106000 -0.077217 0.106000 1.289870  -1   2  -1 
59369.910940 -1.243416 0.176247 7.933445 0.117000 16.248728 0.317996 8.735501 -0.484060 0.117000 -0.802056 0.117000 1.289870  -1   3  -1 
59369.912028 -1.242328 0.176623 8.050445 0.117000 16.248728 0.319394 8.738769 -0.368930 0.117000 -0.688324 0.117000 1.289870  -1   3  -1 
59369.913108 -1.241248 0.176997 8.183445 0.117000 16.248728 0.320780 8.741997 -0.237771 0.117000 -0.558552 0.117000 1.289870  -1   3  -1 
59370.023276 -1.131080 0.215094 6.073016 0.109000 14.531927 0.450027 7.250428 -0.727384 0.109000 -1.177412 0.109000 1.289870  -1   0  -1 
59370.025654 -1.128702 0.215916 7.180016 0.109000 14.531927 0.452525 7.252629 0.379913 0.109000 -0.072613 0.109000 1.289870  -1   0  -1 
59370.030553 -1.123803 0.217611 6.341016 0.110000 14.531927 0.457630 7.256761 -0.458115 0.110000 -0.915745 0.110000 1.289870  -1   0  -1 
59374.802541 0.756427 0.867814 5.596036 0.107000 16.076126 -0.671686 6.931297 -2.006947 0.107000 -1.335261 0.107000 1.289870  -1   2  -1 
59374.806302 0.760188 0.869114 5.522036 0.107000 16.076126 -0.671333 6.949360 -2.098656 0.107000 -1.427324 0.107000 1.289870  -1   2  -1 
59374.810063 0.763949 0.870415 7.333036 0.107000 16.076126 -0.670932 6.967505 -0.305400 0.107000 0.365531 0.107000 1.289870  -1   2  -1 
59376.787767 -0.150105 0.554326 6.897036 0.106000 16.076126 0.193099 7.945941 -0.855807 0.106000 -1.048905 0.106000 1.289870  -1   2  -1 
59376.791518 -0.146354 0.555623 6.839036 0.106000 16.076126 0.188205 7.922670 -0.895429 0.106000 -1.083634 0.106000 1.289870  -1   2  -1 
59376.799035 -0.138837 0.558222 4.539036 0.106000 16.076126 0.178363 7.876346 -3.158947 0.106000 -3.337310 0.106000 1.289870  -1   2  -1 
59376.948922 0.011050 0.610055 7.490445 0.118000 16.248728 -0.024834 7.286464 0.179147 0.118000 0.203981 0.118000 1.289870  -1   3  -1 
59376.951075 0.013203 0.610799 9.995445 0.118000 16.248728 -0.027802 7.278538 2.689105 0.118000 2.716907 0.118000 1.289870  -1   3  -1 
59376.952157 0.014285 0.611173 7.071445 0.118000 16.248728 -0.029293 7.274593 -0.232441 0.118000 -0.203148 0.118000 1.289870  -1   3  -1 
59377.106321 0.168449 0.664485 4.323016 0.105000 14.531927 -0.238299 5.261688 -1.176971 0.105000 -0.938672 0.105000 1.289870  -1   0  -1 
59377.108935 0.171063 0.665389 6.659016 0.106000 14.531927 -0.241721 5.261108 1.156187 0.106000 1.397908 0.106000 1.289870  -1   0  -1 
59377.116326 0.178454 0.667945 6.710016 0.106000 14.531927 -0.251361 5.260213 1.198441 0.106000 1.449803 0.106000 1.289870  -1   0  -1 
59377.628949 0.691077 0.845215 6.412036 0.103000 16.076126 -0.670318 7.960340 -2.218621 0.103000 -1.548304 0.103000 1.289870  -1   2  -1 
59377.636479 0.698607 0.847819 8.793036 0.104000 16.076126 -0.671195 7.970179 0.151662 0.104000 0.822857 0.104000 1.289870  -1   2  -1 
59377.640253 0.702381 0.849124 8.817036 0.104000 16.076126 -0.671564 7.974760 0.170712 0.104000 0.842276 0.104000 1.289870  -1   2  -1 
59378.026109 1.088237 0.982557 7.354016 0.112000 14.531927 -0.465404 5.610533 1.278078 0.112000 1.743483 0.112000 1.289870  -1   0  -1 
59378.031599 1.093727 0.984456 6.618016 0.112000 14.531927 -0.459306 5.589168 0.569543 0.112000 1.028848 0.112000 1.289870  -1   0  -1 
59378.035635 1.097763 0.985852 4.879016 0.113000 14.531927 -0.454776 5.573585 -1.149345 0.113000 -0.694569 0.113000 1.289870  -1   0  -1 
59379.024886 -0.804743 0.327945 7.645016 0.112000 14.531927 0.650337 7.706092 0.589261 0.112000 -0.061076 0.112000 1.289870  -1   0  -1 
59379.027585 -0.802044 0.328878 6.054016 0.112000 14.531927 0.650704 7.703897 -0.999177 0.112000 -1.649881 0.112000 1.289870  -1   0  -1 
59379.734125 -0.095504 0.573207 7.982036 0.106000 16.076126 0.120765 7.321688 0.781113 0.106000 0.660348 0.106000 1.289870  -1   2  -1 
59379.737891 -0.091738 0.574509 7.372036 0.106000 16.076126 0.115699 7.328540 0.159195 0.106000 0.043496 0.106000 1.289870  -1   2  -1 
59379.749170 -0.080459 0.578410 5.973036 0.107000 16.076126 0.100477 7.350205 -1.276692 0.107000 -1.377169 0.107000 1.289870  -1   2  -1 
59379.927944 0.098315 0.640232 6.373016 0.111000 14.531927 -0.144555 6.304890 -0.076430 0.111000 0.068126 0.111000 1.289870  -1   0  -1 
59379.940910 0.111281 0.644715 6.288016 0.111000 14.531927 -0.162125 6.346471 -0.220580 0.111000 -0.058455 0.111000 1.289870  -1   0  -1 
59379.943737 0.114108 0.645693 7.458016 0.111000 14.531927 -0.165943 6.355527 0.936546 0.111000 1.102489 0.111000 1.289870  -1   0  -1 
59380.041449 0.211820 0.679483 9.142445 0.118000 16.248728 -0.294201 8.368685 0.479559 0.118000 0.773760 0.118000 1.289870  -1   3  -1 
59380.044695 0.215066 0.680605 7.565445 0.118000 16.248728 -0.298304 8.377535 -1.110393 0.118000 -0.812090 0.118000 1.289870  -1   3  -1 
59380.045775 0.216146 0.680979 9.611445 0.118000 16.248728 -0.299666 8.380459 0.931320 0.118000 1.230986 0.118000 1.289870  -1   3  -1 
59381.742082 -0.979305 0.267580 8.717036 0.105000 16.076126 0.580595 9.399482 -0.101851 0.105000 -0.682446 0.105000 1.289870  -1   2  -1 
59381.745840 -0.975547 0.268879 8.304036 0.105000 16.076126 0.583036 9.384979 -0.497907 0.105000 -1.080943 0.105000 1.289870  -1   2  -1 
59381.749613 -0.971774 0.270184 6.563036 0.106000 16.076126 0.585446 9.370225 -2.221743 0.106000 -2.807189 0.106000 1.289870  -1   2  -1 
59381.964035 -0.757352 0.344333 6.574016 0.108000 14.531927 0.653625 6.914805 0.312836 0.108000 -0.340789 0.108000 1.289870  -1   0  -1 
59381.966642 -0.754745 0.345235 8.862016 0.108000 14.531927 0.653612 6.905640 2.609988 0.108000 1.956376 0.108000 1.289870  -1   0  -1 
59381.969218 -0.752169 0.346126 7.504016 0.108000 14.531927 0.653579 6.896684 1.260912 0.108000 0.607332 0.108000 1.289870  -1   0  -1 
59382.115350 -0.606037 0.396660 9.156445 0.114000 16.248728 0.620323 8.294989 1.481779 0.114000 0.861456 0.114000 1.289870  -1   3  -1 
59382.116432 -0.604955 0.397034 8.099445 0.114000 16.248728 0.619854 8.294121 0.425178 0.114000 -0.194676 0.114000 1.289870  -1   3  -1 
59382.117507 -0.603880 0.397405 7.782445 0.114000 16.248728 0.619384 8.293279 0.108550 0.114000 -0.510834 0.114000 1.289870  -1   3  -1 
59383.644277 0.922890 0.925378 7.106036 0.103000 16.076126 -0.610985 6.668218 -0.173168 0.103000 0.437818 0.103000 1.289870  -1   2  -1 
59383.648053 0.926666 0.926684 6.152036 0.103000 16.076126 -0.608560 6.682469 -1.138993 0.103000 -0.530433 0.103000 1.289870  -1   2  -1 
59383.655584 0.934197 0.929289 4.102036 0.103000 16.076126 -0.603589 6.711309 -3.212863 0.103000 -2.609273 0.103000 1.289870  -1   2  -1 
59383.978595 1.257208 0.040989 8.054445 0.119000 16.248728 -0.249536 8.142153 -0.337244 0.119000 -0.087708 0.119000 1.289870  -1   3  -1 
59383.979676 1.258289 0.041363 10.057445 0.119000 16.248728 -0.248003 8.144757 1.664685 0.119000 1.912688 0.119000 1.289870  -1   3  -1 
59383.981846 1.260459 0.042113 10.101445 0.119000 16.248728 -0.244922 8.149919 1.706603 0.119000 1.951526 0.119000 1.289870  -1   3  -1 
59383.992473 1.271086 0.045788 5.816016 0.106000 14.531927 -0.229754 6.457140 -0.870878 0.106000 -0.641124 0.106000 1.289870  -1   0  -1 
59384.002278 1.280891 0.049179 5.494016 0.107000 14.531927 -0.215648 6.477395 -1.199027 0.107000 -0.983379 0.107000 1.289870  -1   0  -1 
59384.007238 1.285851 0.050894 6.542016 0.106000 14.531927 -0.208473 6.486924 -0.153381 0.106000 0.055092 0.106000 1.289870  -1   0  -1 
59384.628010 -0.985135 0.265564 7.086036 0.099000 16.076126 0.576730 6.572776 1.089990 0.099000 0.513260 0.099000 1.289870  -1   2  -1 
59384.631782 -0.981363 0.266868 7.844036 0.100000 16.076126 0.579242 6.569774 1.853504 0.100000 1.274262 0.100000 1.289870  -1   2  -1 
59384.635541 -0.977604 0.268168 5.998036 0.100000 16.076126 0.581705 6.567063 0.012678 0.100000 -0.569027 0.100000 1.289870  -1   2  -1 
59385.055212 -0.557933 0.413295 5.790016 0.108000 14.531927 0.596421 5.912292 0.474145 0.108000 -0.122276 0.108000 1.289870  -1   0  -1 
59385.061472 -0.551673 0.415459 5.595016 0.108000 14.531927 0.592865 5.931043 0.256838 0.108000 -0.336027 0.108000 1.289870  -1   0  -1 
59385.063906 -0.549239 0.416301 5.283016 0.108000 14.531927 0.591455 5.938263 -0.063792 0.108000 -0.655247 0.108000 1.289870  -1   0  -1 
59387.920967 -0.583935 0.404303 6.280016 0.107000 14.531927 0.610103 7.259258 -0.369140 0.107000 -0.979242 0.107000 1.289870  -1   0  -1 
59387.926477 -0.578425 0.406208 8.525016 0.107000 14.531927 0.607352 7.254398 1.877970 0.107000 1.270618 0.107000 1.289870  -1   0  -1 
59387.929412 -0.575490 0.407223 6.352016 0.107000 14.531927 0.605854 7.251484 -0.293615 0.107000 -0.899468 0.107000 1.289870  -1   0  -1 
59388.644350 0.139448 0.654456 8.653036 0.103000 16.076126 -0.199951 7.086386 1.366698 0.103000 1.566650 0.103000 1.289870  -1   2  -1 
59388.659397 0.154495 0.659659 7.371036 0.104000 16.076126 -0.219932 7.126445 0.024659 0.104000 0.244591 0.104000 1.289870  -1   2  -1 
59388.663148 0.158246 0.660956 8.175036 0.104000 16.076126 -0.224885 7.136892 0.813258 0.104000 1.038144 0.104000 1.289870  -1   2  -1 
59388.965674 0.460772 0.765573 6.242016 0.109000 14.531927 -0.559172 6.691059 -1.008215 0.109000 -0.449043 0.109000 1.289870  -1   0  -1 
59388.967365 0.462463 0.766158 6.920445 0.117000 16.248728 -0.560532 8.413436 -2.053524 0.117000 -1.492991 0.117000 1.289870  -1   3  -1 
59388.968252 0.463350 0.766465 4.378016 0.109000 14.531927 -0.561243 6.699549 -2.882776 0.109000 -2.321533 0.109000 1.289870  -1   0  -1 
59388.968449 0.463547 0.766533 6.153445 0.117000 16.248728 -0.561400 8.416996 -2.824952 0.117000 -2.263551 0.117000 1.289870  -1   3  -1 
59388.969524 0.464622 0.766904 7.251445 0.117000 16.248728 -0.562258 8.420515 -1.731328 0.117000 -1.169070 0.117000 1.289870  -1   3  -1 
59388.970854 0.465952 0.767364 4.576016 0.109000 14.531927 -0.563316 6.708051 -2.695350 0.109000 -2.132035 0.109000 1.289870  -1   0  -1 
59389.809335 1.304433 0.057320 9.271036 0.098000 16.076126 -0.181385 7.780334 1.309317 0.098000 1.490702 0.098000 1.289870  -1   2  -1 
59389.828264 1.323362 0.063866 8.909036 0.097000 16.076126 -0.153490 7.848960 0.906585 0.097000 1.060076 0.097000 1.289870  -1   2  -1 
59389.832028 1.327126 0.065167 9.154036 0.096000 16.076126 -0.147912 7.863432 1.142692 0.096000 1.290604 0.096000 1.289870  -1   2  -1 
59389.926150 1.421248 0.097716 10.903445 0.118000 16.248728 -0.006526 8.475165 2.421754 0.118000 2.428280 0.118000 1.289870  -1   3  -1 
59389.928313 1.423411 0.098464 8.793445 0.118000 16.248728 -0.003263 8.486754 0.303428 0.118000 0.306691 0.118000 1.289870  -1   3  -1 
59389.929388 1.424486 0.098835 8.906445 0.118000 16.248728 -0.001641 8.492534 0.412269 0.118000 0.413911 0.118000 1.289870  -1   3  -1 
59389.952568 -1.444092 0.106851 6.474016 0.108000 14.531927 0.033271 6.903537 -0.396250 0.108000 -0.429521 0.108000 1.289870  -1   0  -1 
59389.957794 -1.438866 0.108659 5.317016 0.108000 14.531927 0.041122 6.933126 -1.574989 0.108000 -1.616110 0.108000 1.289870  -1   0  -1 
59389.966851 -1.429809 0.111791 6.199016 0.107000 14.531927 0.054703 6.985018 -0.731299 0.107000 -0.786002 0.107000 1.289870  -1   0  -1 
59392.835547 1.438887 0.103816 10.331036 0.103000 16.076126 0.020065 11.594465 -1.243364 0.103000 -1.263429 0.103000 1.289870  -1   2  -1 
59392.843066 -1.445352 0.106416 10.441036 0.103000 16.076126 0.031378 11.630260 -1.157846 0.103000 -1.189224 0.103000 1.289870  -1   2  -1 
59392.846825 -1.441593 0.107716 9.767036 0.103000 16.076126 0.037027 11.647786 -1.843723 0.103000 -1.880750 0.103000 1.289870  -1   2  -1 
59393.111566 -1.176852 0.199266 12.567016 0.109000 14.531927 0.399423 10.547071 2.419368 0.109000 2.019945 0.109000 1.289870  -1   0  -1 
59393.114447 -1.173971 0.200262 11.103016 0.109000 14.531927 0.402745 10.542881 0.962880 0.109000 0.560135 0.109000 1.289870  -1   0  -1 
59393.123097 -1.165321 0.203253 9.965016 0.109000 14.531927 0.412612 10.529310 -0.151682 0.109000 -0.564294 0.109000 1.289870  -1   0  -1 
59397.703574 0.523399 0.787230 12.270036 0.104000 16.076126 -0.604590 11.302692 0.362754 0.104000 0.967344 0.104000 1.289870  -1   2  -1 
59397.714844 0.534669 0.791127 11.475036 0.104000 16.076126 -0.611639 11.328684 -0.465287 0.104000 0.146352 0.104000 1.289870  -1   2  -1 
59397.718600 0.538425 0.792426 11.622036 0.104000 16.076126 -0.613909 11.337410 -0.329282 0.104000 0.284626 0.104000 1.289870  -1   2  -1 
59397.891478 0.711303 0.852209 10.351016 0.106000 14.531927 -0.672252 10.153715 -0.474950 0.106000 0.197301 0.106000 1.289870  -1   0  -1 
59397.896665 0.716490 0.854003 10.505016 0.106000 14.531927 -0.672531 10.161067 -0.328582 0.106000 0.343949 0.106000 1.289870  -1   0  -1 
59397.899199 0.719024 0.854879 10.793016 0.106000 14.531927 -0.672635 10.164539 -0.044158 0.106000 0.628477 0.106000 1.289870  -1   0  -1 
59398.093478 0.913303 0.922063 9.225445 0.118000 16.248728 -0.616941 11.832976 -3.224472 0.118000 -2.607531 0.118000 1.289870  -1   3  -1 
59398.094558 0.914383 0.922437 12.796445 0.117000 16.248728 -0.616284 11.830663 0.349498 0.117000 0.965782 0.117000 1.289870  -1   3  -1 
59398.096718 0.916543 0.923183 10.478445 0.117000 16.248728 -0.614961 11.825965 -1.962481 0.117000 -1.347520 0.117000 1.289870  -1   3  -1 
59401.792180 -1.171511 0.201113 10.003036 0.105000 16.076126 0.405568 10.921107 -0.512504 0.105000 -0.918071 0.105000 1.289870  -1   2  -1 
59401.795940 -1.167751 0.202413 9.622036 0.106000 16.076126 0.409856 10.933182 -0.901290 0.106000 -1.311146 0.106000 1.289870  -1   2  -1 
59401.799701 -1.163990 0.203714 10.338036 0.105000 16.076126 0.414115 10.944937 -0.192786 0.105000 -0.606901 0.105000 1.289870  -1   2  -1 
59401.885991 -1.077700 0.233554 9.301016 0.108000 14.531927 0.502799 9.576037 0.227778 0.108000 -0.275021 0.108000 1.289870  -1   0  -1 
59401.888644 -1.075047 0.234471 10.478016 0.107000 14.531927 0.505236 9.578438 1.404814 0.107000 0.899578 0.107000 1.289870  -1   0  -1 
59401.892602 -1.071089 0.235840 10.397016 0.107000 14.531927 0.508838 9.581681 1.324173 0.107000 0.815335 0.107000 1.289870  -1   0  -1 
59401.927059 -1.036632 0.247755 10.789000 0.120000 16.672394 0.538460 11.733288 -0.405828 0.120000 -0.944288 0.120000 1.289870  -1   1  -1 
59401.927765 -1.035926 0.248000 11.705000 0.120000 16.672394 0.539034 11.733197 0.510837 0.120000 -0.028197 0.120000 1.289870  -1   1  -1 
59401.929177 -1.034514 0.248488 11.050000 0.120000 16.672394 0.540178 11.732979 -0.142801 0.120000 -0.682979 0.120000 1.289870  -1   1  -1 
59401.992049 -0.971642 0.270230 12.236445 0.121000 16.248728 0.585530 11.250027 1.571948 0.121000 0.986418 0.121000 1.289870  -1   3  -1 
59401.994207 -0.969484 0.270976 12.383445 0.122000 16.248728 0.586889 11.246358 1.723976 0.122000 1.137087 0.122000 1.289870  -1   3  -1 
59401.995280 -0.968411 0.271347 11.654445 0.122000 16.248728 0.587560 11.244496 0.997509 0.122000 0.409949 0.122000 1.289870  -1   3  -1 
59402.794210 -0.169481 0.547625 10.546036 0.105000 16.076126 0.218166 10.934733 -0.170531 0.105000 -0.388697 0.105000 1.289870  -1   2  -1 
59402.797974 -0.165717 0.548927 9.392036 0.105000 16.076126 0.213325 10.949914 -1.344553 0.105000 -1.557878 0.105000 1.289870  -1   2  -1 
59402.801729 -0.161962 0.550225 10.372036 0.105000 16.076126 0.208481 10.965036 -0.384519 0.105000 -0.593000 0.105000 1.289870  -1   2  -1 
59402.966503 0.002812 0.607206 11.189000 0.117000 16.672394 -0.013482 12.141139 -0.965621 0.117000 -0.952139 0.117000 1.289870  -1   1  -1 
59402.968621 0.004930 0.607938 14.018000 0.117000 16.672394 -0.016400 12.146742 1.854857 0.117000 1.871258 0.117000 1.289870  -1   1  -1 
59402.969327 0.005636 0.608183 13.132000 0.117000 16.672394 -0.017373 12.148595 0.966032 0.117000 0.983405 0.117000 1.289870  -1   1  -1 
59402.970612 0.006921 0.608627 11.095445 0.117000 16.248728 -0.019144 11.728283 -0.651982 0.117000 -0.632838 0.117000 1.289870  -1   3  -1 
59402.971692 0.008001 0.609000 13.128445 0.117000 16.248728 -0.020632 11.731083 1.376730 0.117000 1.397362 0.117000 1.289870  -1   3  -1 
59402.972765 0.009074 0.609371 12.770445 0.117000 16.248728 -0.022111 11.733847 1.014487 0.117000 1.036598 0.117000 1.289870  -1   3  -1 
59403.889282 0.925591 0.926313 10.672000 0.121000 16.672394 -0.609255 11.110670 -1.047925 0.121000 -0.438670 0.121000 1.289870  -1   1  -1 
59403.890693 0.927002 0.926801 11.039000 0.121000 16.672394 -0.608342 11.116936 -0.686278 0.121000 -0.077936 0.121000 1.289870  -1   1  -1 
59403.891398 0.927707 0.927044 10.586000 0.121000 16.672394 -0.607883 11.120079 -1.141962 0.121000 -0.534079 0.121000 1.289870  -1   1  -1 
59403.992215 1.028524 0.961908 8.990016 0.107000 14.531927 -0.526828 9.496067 -1.032879 0.107000 -0.506051 0.107000 1.289870  -1   0  -1 
59404.001960 1.038269 0.965278 9.910016 0.108000 14.531927 -0.517443 9.551479 -0.158906 0.108000 0.358537 0.108000 1.289870  -1   0  -1 
59404.004362 1.040671 0.966108 9.362016 0.108000 14.531927 -0.515090 9.565242 -0.718316 0.108000 -0.203226 0.108000 1.289870  -1   0  -1 
59404.084675 1.120984 0.993882 10.388445 0.117000 16.248728 -0.427981 11.757217 -1.796752 0.117000 -1.368772 0.117000 1.289870  -1   3  -1 
59404.085749 1.122058 0.994253 12.446445 0.117000 16.248728 -0.426712 11.763663 0.256070 0.117000 0.682782 0.117000 1.289870  -1   3  -1 
59404.086835 1.123144 0.994629 11.398445 0.117000 16.248728 -0.425426 11.770181 -0.797162 0.117000 -0.371736 0.117000 1.289870  -1   3  -1 
59405.737353 -0.118095 0.565395 13.281036 0.105000 16.076126 0.150964 13.125953 0.306047 0.105000 0.155083 0.105000 1.289870  -1   2  -1 
59405.748644 -0.106804 0.569299 13.121036 0.104000 16.076126 0.135914 13.084840 0.172110 0.104000 0.036196 0.104000 1.289870  -1   2  -1 
59405.756176 -0.099272 0.571904 12.271036 0.105000 16.076126 0.125826 13.055716 -0.658854 0.105000 -0.784680 0.105000 1.289870  -1   2  -1 
59405.855588 0.000140 0.606282 13.100000 0.119000 16.672394 -0.009799 13.154033 -0.063833 0.119000 -0.054033 0.119000 1.289870  -1   1  -1 
59405.857000 0.001552 0.606770 13.186000 0.119000 16.672394 -0.011745 13.145672 0.028583 0.119000 0.040328 0.119000 1.289870  -1   1  -1 
59405.857706 0.002258 0.607014 13.044000 0.120000 16.672394 -0.012717 13.141481 -0.110198 0.120000 -0.097481 0.120000 1.289870  -1   1  -1 
59406.106963 0.251515 0.693210 13.801445 0.114000 16.248728 -0.343487 11.171302 2.286656 0.114000 2.630143 0.114000 1.289870  -1   3  -1 
59406.108044 0.252596 0.693584 12.581445 0.114000 16.248728 -0.344800 11.165911 1.070733 0.114000 1.415534 0.114000 1.289870  -1   3  -1 
59406.109128 0.253680 0.693959 12.133445 0.114000 16.248728 -0.346116 11.160528 0.626801 0.114000 0.972917 0.114000 1.289870  -1   3  -1 
59407.864238 -0.882968 0.300894 14.678000 0.122000 16.672394 0.630239 12.271573 3.036665 0.122000 2.406427 0.122000 1.289870  -1   1  -1 
59407.866356 -0.880850 0.301626 12.817000 0.122000 16.672394 0.631024 12.280253 1.167771 0.122000 0.536747 0.122000 1.289870  -1   1  -1 
59407.867063 -0.880143 0.301871 12.694000 0.122000 16.672394 0.631283 12.283148 1.042135 0.122000 0.410852 0.122000 1.289870  -1   1  -1 
59408.161045 -0.586161 0.403533 10.715016 0.108000 14.531927 0.611191 10.901950 0.424256 0.108000 -0.186934 0.108000 1.289870  -1   0  -1 
59408.163430 -0.583776 0.404358 10.337016 0.108000 14.531927 0.610024 10.901785 0.045255 0.108000 -0.564769 0.108000 1.289870  -1   0  -1 
59408.165807 -0.581399 0.405180 9.894016 0.108000 14.531927 0.608846 10.901482 -0.398619 0.108000 -1.007466 0.108000 1.289870  -1   0  -1 
59411.082909 -0.556055 0.413944 10.267445 0.119000 16.248728 0.595365 10.532295 0.330515 0.119000 -0.264850 0.119000 1.289870  -1   3  -1 
59411.083984 -0.554980 0.414316 12.253445 0.119000 16.248728 0.594756 10.526093 2.322108 0.119000 1.727352 0.119000 1.289870  -1   3  -1 
59411.085060 -0.553904 0.414688 9.185445 0.119000 16.248728 0.594144 10.519890 -0.740302 0.119000 -1.334445 0.119000 1.289870  -1   3  -1 
59411.109436 -0.529528 0.423117 10.787016 0.107000 14.531927 0.579482 8.664239 2.702259 0.107000 2.122777 0.107000 1.289870  -1   0  -1 
59411.114634 -0.524330 0.424915 8.018016 0.107000 14.531927 0.576162 8.635151 -0.040973 0.107000 -0.617135 0.107000 1.289870  -1   0  -1 
59411.121738 -0.517226 0.427371 8.342016 0.108000 14.531927 0.571516 8.595762 0.317770 0.108000 -0.253746 0.108000 1.289870  -1   0  -1 
59418.956092 -1.358145 0.136573 5.977016 0.107000 14.531927 0.160412 6.962565 -0.825137 0.107000 -0.985549 0.107000 1.289870  -1   0  -1 
59418.958787 -1.355450 0.137505 6.395016 0.107000 14.531927 0.164305 6.966052 -0.406731 0.107000 -0.571036 0.107000 1.289870  -1   0  -1 
59418.965560 -1.348677 0.139847 6.673016 0.107000 14.531927 0.174057 6.975484 -0.128411 0.107000 -0.302468 0.107000 1.289870  -1   0  -1 
59418.981323 -1.332914 0.145298 7.893445 0.107000 16.248728 0.196560 8.717884 -0.627879 0.107000 -0.824439 0.107000 1.289870  -1   3  -1 
59418.982407 -1.331830 0.145673 8.979445 0.107000 16.248728 0.198097 8.719829 0.457712 0.107000 0.259616 0.107000 1.289870  -1   3  -1 
59418.983485 -1.330752 0.146046 8.108445 0.107000 16.248728 0.199624 8.721787 -0.413719 0.107000 -0.613342 0.107000 1.289870  -1   3  -1 
59419.756507 -0.557730 0.413365 11.061036 0.103000 16.076126 0.596307 10.621494 1.035849 0.103000 0.439542 0.103000 1.289870  -1   2  -1 
59419.775306 -0.538931 0.419866 12.721036 0.103000 16.076126 0.585316 10.553969 2.752383 0.103000 2.167067 0.103000 1.289870  -1   2  -1 
59419.779068 -0.535169 0.421167 13.350036 0.103000 16.076126 0.583009 10.539501 3.393544 0.103000 2.810535 0.103000 1.289870  -1   2  -1 
59419.947893 -0.366344 0.479548 7.333016 0.111000 14.531927 0.445440 8.122113 -0.343658 0.111000 -0.789097 0.111000 1.289870  -1   0  -1 
59419.986504 -0.327733 0.492900 5.470016 0.111000 14.531927 0.405652 7.900243 -2.024575 0.111000 -2.430227 0.111000 1.289870  -1   0  -1 
59419.990052 -0.324185 0.494127 5.020016 0.111000 14.531927 0.401861 7.880226 -2.458349 0.111000 -2.860210 0.111000 1.289870  -1   0  -1 
59420.037408 -0.276829 0.510503 6.331445 0.104000 16.248728 0.349254 9.340801 -2.660102 0.104000 -3.009356 0.104000 1.289870  -1   3  -1 
59420.038492 -0.275745 0.510878 6.759445 0.104000 16.248728 0.348008 9.335232 -2.227779 0.104000 -2.575787 0.104000 1.289870  -1   3  -1 
59420.040662 -0.273575 0.511628 9.441445 0.104000 16.248728 0.345508 9.324129 0.462824 0.104000 0.117316 0.104000 1.289870  -1   3  -1 
59420.700637 0.386400 0.739855 11.222036 0.104000 16.076126 -0.492624 9.423447 1.305965 0.104000 1.798589 0.104000 1.289870  -1   2  -1 
59420.708153 0.393916 0.742454 12.511036 0.104000 16.076126 -0.499919 9.444723 2.566394 0.104000 3.066313 0.104000 1.289870  -1   2  -1 
59420.715676 0.401439 0.745055 9.715036 0.104000 16.076126 -0.507098 9.465551 -0.257613 0.104000 0.249485 0.104000 1.289870  -1   2  -1 
59420.873617 0.559380 0.799673 11.323000 0.133000 16.672394 -0.625834 10.336336 0.360830 0.133000 0.986664 0.133000 1.289870  -1   1  -1 
59420.874323 0.560086 0.799917 10.582000 0.133000 16.672394 -0.626213 10.336664 -0.380878 0.133000 0.245336 0.133000 1.289870  -1   1  -1 
59420.875735 0.561498 0.800405 13.235000 0.133000 16.672394 -0.626968 10.337293 2.270739 0.133000 2.897707 0.133000 1.289870  -1   1  -1 
59420.988150 0.673913 0.839280 11.459445 0.109000 16.248728 -0.667626 9.837145 0.954674 0.109000 1.622300 0.109000 1.289870  -1   3  -1 
59420.990293 0.676056 0.840021 8.740445 0.109000 16.248728 -0.668014 9.833239 -1.760809 0.109000 -1.092794 0.109000 1.289870  -1   3  -1 
59420.991383 0.677146 0.840398 9.562445 0.109000 16.248728 -0.668206 9.831219 -0.936980 0.109000 -0.268774 0.109000 1.289870  -1   3  -1 
59421.112099 0.797862 0.882143 4.962016 0.109000 14.531927 -0.665177 7.767678 -3.470839 0.109000 -2.805662 0.109000 1.289870  -1   0  -1 
59421.130285 0.816048 0.888432 6.401016 0.109000 14.531927 -0.660505 7.699610 -1.959099 0.109000 -1.298594 0.109000 1.289870  -1   0  -1 
59421.136709 0.822472 0.890653 5.004016 0.109000 14.531927 -0.658590 7.675016 -3.329590 0.109000 -2.671000 0.109000 1.289870  -1   0  -1 
59422.687448 -0.518546 0.426915 11.492036 0.105000 16.076126 0.572389 10.522161 1.542264 0.105000 0.969875 0.105000 1.289870  -1   2  -1 
59422.694983 -0.511011 0.429520 12.344036 0.105000 16.076126 0.567350 10.510639 2.400747 0.105000 1.833397 0.105000 1.289870  -1   2  -1 
59422.702516 -0.503478 0.432125 10.777036 0.105000 16.076126 0.562174 10.500244 0.838966 0.105000 0.276792 0.105000 1.289870  -1   2  -1 
59422.871553 -0.334441 0.490580 10.382000 0.132000 16.672394 0.412759 11.158760 -0.364001 0.132000 -0.776760 0.132000 1.289870  -1   1  -1 
59422.873670 -0.332324 0.491312 9.373000 0.132000 16.672394 0.410525 11.162885 -1.379360 0.132000 -1.789885 0.132000 1.289870  -1   1  -1 
59422.874376 -0.331618 0.491556 10.685000 0.132000 16.672394 0.409778 11.164276 -0.069498 0.132000 -0.479276 0.132000 1.289870  -1   1  -1 
59423.678423 0.472429 0.769604 12.215036 0.105000 16.076126 -0.568401 11.637866 0.008769 0.105000 0.577170 0.105000 1.289870  -1   2  -1 
59423.685999 0.480005 0.772224 12.980036 0.105000 16.076126 -0.574214 11.605365 0.800457 0.105000 1.374671 0.105000 1.289870  -1   2  -1 
59423.689751 0.483757 0.773522 12.776036 0.105000 16.076126 -0.577038 11.589143 0.609854 0.105000 1.186893 0.105000 1.289870  -1   2  -1 
