# time Tc_folded Tref_folded value value_err offset model full_model val_compare val_compare_err residuals residuals_err jitter jitter_flag offset_flag subset_flag 
59334.700184 -0.113000 0.000000 12.513036 0.102000 16.076126 0.527420 11.644613 1.395844 0.102000 0.868423 0.102000 1.289870  -1   2  -1 
59334.703954 -0.109230 0.002967 12.338036 0.102000 16.076126 0.512189 11.633453 1.216772 0.102000 0.704583 0.102000 1.289870  -1   2  -1 
59334.711459 -0.101725 0.008875 11.786036 0.102000 16.076126 0.481244 11.610720 0.656560 0.102000 0.175316 0.102000 1.289870  -1   2  -1 
59334.934601 0.121417 0.184517 12.027445 0.113000 16.248728 -0.541530 11.055687 0.430228 0.113000 0.971758 0.113000 1.289870  -1   3  -1 
59334.935678 0.122494 0.185365 9.957445 0.113000 16.248728 -0.545641 11.053166 -1.641362 0.113000 -1.095721 0.113000 1.289870  -1   3  -1 
59334.936754 0.123570 0.186212 9.409445 0.113000 16.248728 -0.549729 11.050667 -2.190951 0.113000 -1.641222 0.113000 1.289870  -1   3  -1 
59336.069824 -0.013793 0.078089 9.820445 0.117000 16.248728 0.074784 12.448661 -2.553432 0.117000 -2.628216 0.117000 1.289870  -1   3  -1 
59336.071983 -0.011634 0.079788 12.385445 0.117000 16.248728 0.064232 12.436881 0.012796 0.117000 -0.051436 0.117000 1.289870  -1   3  -1 
59336.073065 -0.010552 0.080640 11.459445 0.117000 16.248728 0.058941 12.430971 -0.912585 0.117000 -0.971526 0.117000 1.289870  -1   3  -1 
59336.087932 0.004315 0.092342 12.299016 0.109000 14.531927 -0.013814 10.632711 1.652491 0.109000 1.666305 0.109000 1.289870  -1   0  -1 
59336.113567 0.029950 0.112520 11.451016 0.109000 14.531927 -0.138444 10.492200 0.820372 0.109000 0.958816 0.109000 1.289870  -1   0  -1 
59336.116529 0.032912 0.114852 10.632016 0.109000 14.531927 -0.152687 10.476053 0.003276 0.109000 0.155963 0.109000 1.289870  -1   0  -1 
59337.794690 0.440639 0.435787 11.758036 0.103000 16.076126 -0.724219 11.591802 -0.557985 0.103000 0.166234 0.103000 1.289870  -1   2  -1 
59337.802213 0.448162 0.441709 11.947036 0.103000 16.076126 -0.704427 11.624711 -0.382102 0.103000 0.322325 0.103000 1.289870  -1   2  -1 
59337.805964 0.451913 0.444661 11.783036 0.103000 16.076126 -0.694244 11.641438 -0.552646 0.103000 0.141598 0.103000 1.289870  -1   2  -1 
59338.101617 -0.522868 0.677379 12.022016 0.109000 14.531927 0.437517 11.713574 0.745959 0.109000 0.308442 0.109000 1.289870  -1   0  -1 
59338.106766 -0.517719 0.681432 11.620016 0.110000 14.531927 0.456819 11.740162 0.336673 0.110000 -0.120146 0.110000 1.289870  -1   0  -1 
59338.111894 -0.512591 0.685469 11.480016 0.110000 14.531927 0.475809 11.766350 0.189475 0.110000 -0.286334 0.110000 1.289870  -1   0  -1 
59340.098120 0.203201 0.248892 7.644445 0.116000 16.248728 -0.793262 10.689832 -3.838650 0.116000 -3.045387 0.116000 1.289870  -1   3  -1 
59340.099194 0.204275 0.249738 10.253445 0.117000 16.248728 -0.795674 10.686911 -1.229140 0.117000 -0.433466 0.117000 1.289870  -1   3  -1 
59340.101354 0.206435 0.251438 9.977445 0.116000 16.248728 -0.800450 10.681122 -1.504127 0.116000 -0.703677 0.116000 1.289870  -1   3  -1 
59340.125153 0.230234 0.270171 10.201016 0.104000 14.531927 -0.846346 8.908259 0.446410 0.104000 1.292757 0.104000 1.289870  -1   0  -1 
59340.134329 0.239410 0.277394 10.066016 0.104000 14.531927 -0.860705 8.890472 0.314839 0.104000 1.175544 0.104000 1.289870  -1   0  -1 
59340.148161 0.253242 0.288281 9.340016 0.104000 14.531927 -0.878801 8.867725 -0.406510 0.104000 0.472291 0.104000 1.289870  -1   0  -1 
59341.954385 -0.481401 0.710019 12.591445 0.119000 16.248728 0.585631 12.244699 0.932377 0.119000 0.346746 0.119000 1.289870  -1   3  -1 
59341.957620 -0.478166 0.712566 11.846445 0.119000 16.248728 0.596403 12.251146 0.191702 0.119000 -0.404701 0.119000 1.289870  -1   3  -1 
59341.958695 -0.477091 0.713412 11.125445 0.119000 16.248728 0.599955 12.253258 -0.527858 0.119000 -1.127813 0.119000 1.289870  -1   3  -1 
59341.996746 -0.439040 0.743363 9.912016 0.107000 14.531927 0.715827 10.600579 0.027264 0.107000 -0.688563 0.107000 1.289870  -1   0  -1 
59342.000684 -0.435102 0.746463 11.168016 0.107000 14.531927 0.726632 10.605947 1.288701 0.107000 0.562069 0.107000 1.289870  -1   0  -1 
59343.674792 -0.031428 0.064208 12.265036 0.104000 16.076126 0.160544 11.551156 0.874424 0.104000 0.713880 0.104000 1.289870  -1   2  -1 
59343.682301 -0.023919 0.070119 11.495036 0.104000 16.076126 0.124142 11.529031 0.090147 0.104000 -0.033995 0.104000 1.289870  -1   2  -1 
59343.689815 -0.016405 0.076033 11.638036 0.104000 16.076126 0.087536 11.506702 0.218870 0.104000 0.131334 0.104000 1.289870  -1   2  -1 
59344.038460 0.332240 0.350463 9.612016 0.106000 14.531927 -0.900717 9.569021 -0.857722 0.106000 0.042995 0.106000 1.289870  -1   0  -1 
59344.047124 0.340904 0.357283 9.678016 0.105000 14.531927 -0.894912 9.586684 -0.803580 0.105000 0.091332 0.105000 1.289870  -1   0  -1 
59344.054785 0.348565 0.363313 9.704016 0.105000 14.531927 -0.888488 9.603435 -0.787907 0.105000 0.100581 0.105000 1.289870  -1   0  -1 
59344.090520 0.384300 0.391441 10.762445 0.117000 16.248728 -0.843078 11.411798 -1.492431 0.117000 -0.649353 0.117000 1.289870  -1   3  -1 
59344.093753 0.387533 0.393986 10.331445 0.117000 16.248728 -0.837762 11.421123 -1.927440 0.117000 -1.089678 0.117000 1.289870  -1   3  -1 
59344.094826 0.388606 0.394831 12.097445 0.117000 16.248728 -0.835954 11.424254 -0.162764 0.117000 0.673191 0.117000 1.289870  -1   3  -1 
59345.052239 0.075586 0.148442 9.690016 0.106000 14.531927 -0.350976 10.103837 -0.764797 0.106000 -0.413821 0.106000 1.289870  -1   0  -1 
59345.054836 0.078183 0.150486 9.351016 0.106000 14.531927 -0.362498 10.089499 -1.100981 0.106000 -0.738483 0.106000 1.289870  -1   0  -1 
59345.062635 0.085982 0.156625 9.182016 0.105000 14.531927 -0.396633 10.046876 -1.261492 0.105000 -0.864860 0.105000 1.289870  -1   0  -1 
59348.691508 -0.096446 0.013030 9.657036 0.102000 16.076126 0.459004 10.879621 -0.763581 0.102000 -1.222585 0.102000 1.289870  -1   2  -1 
59348.699020 -0.088934 0.018943 11.244036 0.102000 16.076126 0.426715 10.844341 0.826409 0.102000 0.399695 0.102000 1.289870  -1   2  -1 
59348.702790 -0.085164 0.021910 11.974036 0.103000 16.076126 0.410242 10.826445 1.557833 0.103000 1.147591 0.103000 1.289870  -1   2  -1 
59349.021951 0.233997 0.273132 7.957016 0.108000 14.531927 -0.852460 8.089740 -0.985184 0.108000 -0.132724 0.108000 1.289870  -1   0  -1 
59349.026999 0.239045 0.277106 5.714016 0.108000 14.531927 -0.860169 8.086078 -3.232231 0.108000 -2.372062 0.108000 1.289870  -1   0  -1 
59349.032064 0.244110 0.281092 9.298016 0.109000 14.531927 -0.867333 8.083060 0.347623 0.109000 1.214956 0.109000 1.289870  -1   0  -1 
59350.089948 0.031560 0.113788 11.005016 0.104000 14.531927 -0.146193 10.172127 0.686696 0.104000 0.832889 0.104000 1.289870  -1   0  -1 
59350.092419 0.034031 0.115733 11.321016 0.104000 14.531927 -0.158057 10.161730 1.001229 0.104000 1.159286 0.104000 1.289870  -1   0  -1 
59350.106715 0.048327 0.126985 11.969016 0.104000 14.531927 -0.225985 10.101979 1.641052 0.104000 1.867037 0.104000 1.289870  -1   0  -1 
59350.920251 -0.408571 0.767346 10.284016 0.105000 14.531927 0.792913 10.890024 0.186905 0.105000 -0.606008 0.105000 1.289870  -1   0  -1 
59351.708087 0.379265 0.387478 10.082036 0.102000 16.076126 -0.850970 10.647613 -1.416547 0.102000 -0.565577 0.102000 1.289870  -1   2  -1 
59351.715613 0.386791 0.393402 8.813036 0.102000 16.076126 -0.838999 10.665806 -2.691770 0.102000 -1.852770 0.102000 1.289870  -1   2  -1 
59351.726880 0.398058 0.402270 9.479036 0.102000 16.076126 -0.819127 10.695325 -2.035416 0.102000 -1.216289 0.102000 1.289870  -1   2  -1 
59352.098517 -0.500739 0.694798 10.912016 0.107000 14.531927 0.518744 11.003415 0.427345 0.107000 -0.091399 0.107000 1.289870  -1   0  -1 
59352.108322 -0.490934 0.702516 10.396016 0.107000 14.531927 0.553177 11.055430 -0.106237 0.107000 -0.659414 0.107000 1.289870  -1   0  -1 
59352.122068 -0.477188 0.713336 11.479016 0.107000 14.531927 0.599636 11.126749 0.951904 0.107000 0.352267 0.107000 1.289870  -1   0  -1 
59353.715347 -0.154342 0.967458 12.882036 0.106000 16.076126 0.678879 13.250720 0.310195 0.106000 -0.368684 0.106000 1.289870  -1   2  -1 
59353.719104 -0.150585 0.970415 13.429036 0.106000 16.076126 0.666392 13.231558 0.863870 0.106000 0.197478 0.106000 1.289870  -1   2  -1 
59353.722869 -0.146820 0.973379 15.656036 0.106000 16.076126 0.653608 13.212069 3.097574 0.106000 2.443967 0.106000 1.289870  -1   2  -1 
59354.076145 0.206456 0.251454 10.993016 0.113000 14.531927 -0.800495 9.557110 0.635411 0.113000 1.435906 0.113000 1.289870  -1   0  -1 
59354.101312 0.231623 0.271264 10.347016 0.115000 14.531927 -0.848639 9.463752 0.034625 0.115000 0.883264 0.115000 1.289870  -1   0  -1 
59354.104255 0.234566 0.273580 10.555016 0.115000 14.531927 -0.853358 9.453791 0.247867 0.115000 1.101225 0.115000 1.289870  -1   0  -1 
59356.710684 0.300127 0.325186 8.178036 0.107000 16.076126 -0.908337 9.113535 -1.843836 0.107000 -0.935499 0.107000 1.289870  -1   2  -1 
59356.721985 0.311428 0.334081 8.616036 0.107000 16.076126 -0.908188 9.091389 -1.383540 0.107000 -0.475353 0.107000 1.289870  -1   2  -1 
59356.725745 0.315188 0.337041 7.224036 0.107000 16.076126 -0.907524 9.084649 -2.768137 0.107000 -1.860613 0.107000 1.289870  -1   2  -1 
59357.087914 -0.593076 0.622116 11.478445 0.116000 16.248728 0.156757 9.692465 1.942737 0.116000 1.785980 0.116000 1.289870  -1   3  -1 
59357.090082 -0.590908 0.623822 9.046445 0.116000 16.248728 0.165767 9.698494 -0.486282 0.116000 -0.652049 0.116000 1.289870  -1   3  -1 
59357.092248 -0.588742 0.625527 11.123445 0.116000 16.248728 0.174755 9.704517 1.593683 0.116000 1.418928 0.116000 1.289870  -1   3  -1 
59358.923301 -0.028123 0.066809 9.632016 0.111000 14.531927 0.144551 9.109424 0.667143 0.111000 0.522592 0.111000 1.289870  -1   0  -1 
59358.931249 -0.020175 0.073065 9.002016 0.111000 14.531927 0.105923 9.070994 0.036945 0.111000 -0.068978 0.111000 1.289870  -1   0  -1 
59358.937426 -0.013998 0.077927 9.394016 0.111000 14.531927 0.075784 9.040893 0.428907 0.111000 0.353123 0.111000 1.289870  -1   0  -1 
59358.952972 0.001548 0.090164 11.744445 0.116000 16.248728 -0.000277 10.681283 1.062885 0.116000 1.063162 0.116000 1.289870  -1   3  -1 
59358.954053 0.002629 0.091015 9.716445 0.116000 16.248728 -0.005567 10.675946 -0.965067 0.116000 -0.959501 0.116000 1.289870  -1   3  -1 
59358.956208 0.004784 0.092711 9.905445 0.116000 16.248728 -0.016109 10.665299 -0.775963 0.116000 -0.759854 0.116000 1.289870  -1   3  -1 
59361.683491 0.191200 0.239445 11.014036 0.106000 16.076126 -0.764636 10.449696 -0.200296 0.106000 0.564340 0.106000 1.289870  -1   2  -1 
59361.687248 0.194957 0.242402 10.757036 0.106000 16.076126 -0.773925 10.441133 -0.458022 0.106000 0.315903 0.106000 1.289870  -1   2  -1 
59361.691012 0.198721 0.245365 10.074036 0.106000 16.076126 -0.782933 10.432810 -1.141706 0.106000 -0.358774 0.106000 1.289870  -1   2  -1 
59361.944566 0.452275 0.444946 10.255016 0.107000 14.531927 -0.693251 8.928987 0.632778 0.107000 1.326029 0.107000 1.289870  -1   0  -1 
59361.947357 0.455066 0.447143 8.539016 0.107000 14.531927 -0.685526 8.935186 -1.081697 0.107000 -0.396170 0.107000 1.289870  -1   0  -1 
59361.957166 0.464875 0.454864 9.884016 0.108000 14.531927 -0.657498 8.957700 0.268818 0.108000 0.926316 0.108000 1.289870  -1   0  -1 
59362.136140 -0.626585 0.595740 11.463445 0.116000 16.248728 0.016462 11.209327 0.270580 0.116000 0.254118 0.116000 1.289870  -1   3  -1 
59362.137220 -0.625505 0.596590 11.289445 0.116000 16.248728 0.020998 11.212825 0.097617 0.116000 0.076620 0.116000 1.289870  -1   3  -1 
59362.138308 -0.624417 0.597447 11.254445 0.116000 16.248728 0.025567 11.216348 0.063664 0.116000 0.038097 0.116000 1.289870  -1   3  -1 
59364.917885 -0.385708 0.785343 10.797445 0.117000 16.248728 0.840200 12.905983 -1.268339 0.117000 -2.108538 0.117000 1.289870  -1   3  -1 
59364.918966 -0.384627 0.786194 13.743445 0.118000 16.248728 0.842195 12.907571 1.678069 0.118000 0.835874 0.118000 1.289870  -1   3  -1 
59364.921142 -0.382451 0.787906 12.322445 0.117000 16.248728 0.846143 12.910690 0.257898 0.117000 -0.588245 0.117000 1.289870  -1   3  -1 
59365.067320 -0.236273 0.902968 12.372016 0.109000 14.531927 0.876688 11.145504 2.103200 0.109000 1.226512 0.109000 1.289870  -1   0  -1 
59365.069993 -0.233600 0.905072 12.389016 0.109000 14.531927 0.872634 11.139617 2.122033 0.109000 1.249399 0.109000 1.289870  -1   0  -1 
59365.075398 -0.228195 0.909326 13.155016 0.109000 14.531927 0.863923 11.127161 2.891777 0.109000 2.027855 0.109000 1.289870  -1   0  -1 
59365.648355 0.344762 0.360320 10.628036 0.104000 16.076126 -0.891827 10.377986 -0.641777 0.104000 0.250050 0.104000 1.289870  -1   2  -1 
59365.652118 0.348525 0.363282 11.484036 0.104000 16.076126 -0.888524 10.377916 0.217596 0.104000 1.106120 0.104000 1.289870  -1   2  -1 
59365.659667 0.356074 0.369224 10.294036 0.105000 16.076126 -0.881032 10.378692 -0.965688 0.105000 -0.084656 0.105000 1.289870  -1   2  -1 
59365.941188 -0.632838 0.590818 10.541016 0.109000 14.531927 -0.009793 9.523316 1.007907 0.109000 1.017700 0.109000 1.289870  -1   0  -1 
59365.959824 -0.614202 0.605487 9.199016 0.108000 14.531927 0.068452 9.595439 -0.327971 0.108000 -0.396423 0.108000 1.289870  -1   0  -1 
59369.761210 -0.624117 0.597683 8.228036 0.106000 16.076126 0.026826 8.006922 0.247940 0.106000 0.221114 0.106000 1.289870  -1   2  -1 
59369.768738 -0.616589 0.603608 6.325036 0.106000 16.076126 0.058435 8.037626 -1.654155 0.106000 -1.712590 0.106000 1.289870  -1   2  -1 
59369.776263 -0.609064 0.609531 7.991036 0.106000 16.076126 0.089993 8.068253 0.012776 0.106000 -0.077217 0.106000 1.289870  -1   2  -1 
59369.910940 -0.474387 0.715540 7.933445 0.117000 16.248728 0.608824 8.735501 -0.193232 0.117000 -0.802056 0.117000 1.289870  -1   3  -1 
59369.912028 -0.473299 0.716396 8.050445 0.117000 16.248728 0.612368 8.738769 -0.075956 0.117000 -0.688324 0.117000 1.289870  -1   3  -1 
59369.913108 -0.472219 0.717246 8.183445 0.117000 16.248728 0.615871 8.741997 0.057319 0.117000 -0.558552 0.117000 1.289870  -1   3  -1 
59370.023276 -0.362051 0.803963 6.073016 0.109000 14.531927 0.878632 7.250428 -0.298780 0.109000 -1.177412 0.109000 1.289870  -1   0  -1 
59370.025654 -0.359673 0.805835 7.180016 0.109000 14.531927 0.881873 7.252629 0.809260 0.109000 -0.072613 0.109000 1.289870  -1   0  -1 
59370.030553 -0.354774 0.809691 6.341016 0.110000 14.531927 0.888181 7.256761 -0.027563 0.110000 -0.915745 0.110000 1.289870  -1   0  -1 
59374.802541 0.605913 0.565879 5.596036 0.107000 16.076126 -0.142021 6.931297 -1.477282 0.107000 -1.335261 0.107000 1.289870  -1   2  -1 
59374.806302 0.609674 0.568840 5.522036 0.107000 16.076126 -0.126443 6.949360 -1.553767 0.107000 -1.427324 0.107000 1.289870  -1   2  -1 
59374.810063 0.613435 0.571800 7.333036 0.107000 16.076126 -0.110824 6.967505 0.254708 0.107000 0.365531 0.107000 1.289870  -1   2  -1 
59376.787767 0.050271 0.128516 6.897036 0.106000 16.076126 -0.235115 7.945941 -1.284020 0.106000 -1.048905 0.106000 1.289870  -1   2  -1 
59376.791518 0.054022 0.131468 6.839036 0.106000 16.076126 -0.252646 7.922670 -1.336280 0.106000 -1.083634 0.106000 1.289870  -1   2  -1 
59376.799035 0.061539 0.137385 4.539036 0.106000 16.076126 -0.287424 7.876346 -3.624734 0.106000 -3.337310 0.106000 1.289870  -1   2  -1 
59376.948922 0.211426 0.255366 7.490445 0.118000 16.248728 -0.811100 7.286464 -0.607119 0.118000 0.203981 0.118000 1.289870  -1   3  -1 
59376.951075 0.213579 0.257061 9.995445 0.118000 16.248728 -0.815527 7.278538 1.901380 0.118000 2.716907 0.118000 1.289870  -1   3  -1 
59376.952157 0.214661 0.257913 7.071445 0.118000 16.248728 -0.817714 7.274593 -1.020862 0.118000 -0.203148 0.118000 1.289870  -1   3  -1 
59377.106321 0.368825 0.379260 4.323016 0.105000 14.531927 -0.865798 5.261688 -1.804469 0.105000 -0.938672 0.105000 1.289870  -1   0  -1 
59377.108935 0.371439 0.381318 6.659016 0.106000 14.531927 -0.862282 5.261108 0.535626 0.106000 1.397908 0.106000 1.289870  -1   0  -1 
59377.116326 0.378830 0.387135 6.710016 0.106000 14.531927 -0.851629 5.260213 0.598174 0.106000 1.449803 0.106000 1.289870  -1   0  -1 
59377.628949 -0.378981 0.790638 6.412036 0.103000 16.076126 0.852251 7.960340 -0.696053 0.103000 -1.548304 0.103000 1.289870  -1   2  -1 
59377.636479 -0.371451 0.796565 8.793036 0.104000 16.076126 0.864693 7.970179 1.687549 0.104000 0.822857 0.104000 1.289870  -1   2  -1 
59377.640253 -0.367677 0.799535 8.817036 0.104000 16.076126 0.870504 7.974760 1.712780 0.104000 0.842276 0.104000 1.289870  -1   2  -1 
59378.026109 0.018179 0.103255 7.354016 0.112000 14.531927 -0.081466 5.610533 1.662017 0.112000 1.743483 0.112000 1.289870  -1   0  -1 
59378.031599 0.023669 0.107577 6.618016 0.112000 14.531927 -0.108111 5.589168 0.920738 0.112000 1.028848 0.112000 1.289870  -1   0  -1 
59378.035635 0.027705 0.110754 4.879016 0.113000 14.531927 -0.127625 5.573585 -0.822194 0.113000 -0.694569 0.113000 1.289870  -1   0  -1 
59379.024886 -0.253477 0.889426 7.645016 0.112000 14.531927 0.898737 7.706092 0.837661 0.112000 -0.061076 0.112000 1.289870  -1   0  -1 
59379.027585 -0.250778 0.891550 6.054016 0.112000 14.531927 0.895743 7.703897 -0.754139 0.112000 -1.649881 0.112000 1.289870  -1   0  -1 
59379.734125 0.455762 0.447691 7.982036 0.106000 16.076126 -0.683582 7.321688 -0.023234 0.106000 0.660348 0.106000 1.289870  -1   2  -1 
59379.737891 0.459528 0.450655 7.372036 0.106000 16.076126 -0.672944 7.328540 -0.629448 0.106000 0.043496 0.106000 1.289870  -1   2  -1 
59379.749170 0.470807 0.459533 5.973036 0.107000 16.076126 -0.639903 7.350205 -2.017072 0.107000 -1.377169 0.107000 1.289870  -1   2  -1 
59379.927944 -0.620853 0.600252 6.373016 0.111000 14.531927 0.040535 6.304890 0.108661 0.111000 0.068126 0.111000 1.289870  -1   0  -1 
59379.940910 -0.607887 0.610458 6.288016 0.111000 14.531927 0.094925 6.346471 0.036470 0.111000 -0.058455 0.111000 1.289870  -1   0  -1 
59379.943737 -0.605060 0.612683 7.458016 0.111000 14.531927 0.106759 6.355527 1.209248 0.111000 1.102489 0.111000 1.289870  -1   0  -1 
59380.041449 -0.507348 0.689596 9.142445 0.118000 16.248728 0.494971 8.368685 1.268731 0.118000 0.773760 0.118000 1.289870  -1   3  -1 
59380.044695 -0.504102 0.692151 7.565445 0.118000 16.248728 0.506701 8.377535 -0.305389 0.118000 -0.812090 0.118000 1.289870  -1   3  -1 
59380.045775 -0.503022 0.693001 9.611445 0.118000 16.248728 0.510581 8.380459 1.741567 0.118000 1.230986 0.118000 1.289870  -1   3  -1 
59381.742082 -0.077149 0.028220 8.717036 0.105000 16.076126 0.374664 9.399482 -0.307781 0.105000 -0.682446 0.105000 1.289870  -1   2  -1 
59381.745840 -0.073391 0.031178 8.304036 0.105000 16.076126 0.357740 9.384979 -0.723203 0.105000 -1.080943 0.105000 1.289870  -1   2  -1 
59381.749613 -0.069618 0.034147 6.563036 0.106000 16.076126 0.340601 9.370225 -2.466587 0.106000 -2.807189 0.106000 1.289870  -1   2  -1 
59381.964035 0.144804 0.202926 6.574016 0.108000 14.531927 -0.626404 6.914805 -0.967193 0.108000 -0.340789 0.108000 1.289870  -1   0  -1 
59381.966642 0.147411 0.204978 8.862016 0.108000 14.531927 -0.635271 6.905640 1.321105 0.108000 1.956376 0.108000 1.289870  -1   0  -1 
59381.969218 0.149987 0.207006 7.504016 0.108000 14.531927 -0.643910 6.896684 -0.036577 0.108000 0.607332 0.108000 1.289870  -1   0  -1 
59382.115350 0.296119 0.322031 9.156445 0.114000 16.248728 -0.907719 8.294989 -0.046263 0.114000 0.861456 0.114000 1.289870  -1   3  -1 
59382.116432 0.297201 0.322883 8.099445 0.114000 16.248728 -0.907920 8.294121 -1.102596 0.114000 -0.194676 0.114000 1.289870  -1   3  -1 
59382.117507 0.298276 0.323729 7.782445 0.114000 16.248728 -0.908095 8.293279 -1.418929 0.114000 -0.510834 0.114000 1.289870  -1   3  -1 
59383.644277 0.554613 0.525500 7.106036 0.103000 16.076126 -0.348239 6.668218 0.089579 0.103000 0.437818 0.103000 1.289870  -1   2  -1 
59383.648053 0.558389 0.528472 6.152036 0.103000 16.076126 -0.333578 6.682469 -0.864011 0.103000 -0.530433 0.103000 1.289870  -1   2  -1 
59383.655584 0.565920 0.534400 4.102036 0.103000 16.076126 -0.304048 6.711309 -2.913322 0.103000 -2.609273 0.103000 1.289870  -1   2  -1 
59383.978595 -0.381503 0.788652 8.054445 0.119000 16.248728 0.847834 8.142153 0.760126 0.119000 -0.087708 0.119000 1.289870  -1   3  -1 
59383.979676 -0.380422 0.789503 10.057445 0.119000 16.248728 0.849742 8.144757 2.762430 0.119000 1.912688 0.119000 1.289870  -1   3  -1 
59383.981846 -0.378252 0.791211 10.101445 0.119000 16.248728 0.853503 8.149919 2.805029 0.119000 1.951526 0.119000 1.289870  -1   3  -1 
59383.992473 -0.367625 0.799576 5.816016 0.106000 14.531927 0.870582 6.457140 0.229458 0.106000 -0.641124 0.106000 1.289870  -1   0  -1 
59384.002278 -0.357820 0.807294 5.494016 0.107000 14.531927 0.884318 6.477395 -0.099061 0.107000 -0.983379 0.107000 1.289870  -1   0  -1 
59384.007238 -0.352860 0.811198 6.542016 0.106000 14.531927 0.890510 6.486924 0.945602 0.106000 0.055092 0.106000 1.289870  -1   0  -1 
59384.628010 0.267912 0.299828 7.086036 0.099000 16.076126 -0.893313 6.572776 -0.380053 0.099000 0.513260 0.099000 1.289870  -1   2  -1 
59384.631782 0.271684 0.302797 7.844036 0.100000 16.076126 -0.896265 6.569774 0.377996 0.100000 1.274262 0.100000 1.289870  -1   2  -1 
59384.635541 0.275443 0.305756 5.998036 0.100000 16.076126 -0.898892 6.567063 -1.467919 0.100000 -0.569027 0.100000 1.289870  -1   2  -1 
59385.055212 -0.575320 0.636093 5.790016 0.108000 14.531927 0.230111 5.912292 0.107836 0.108000 -0.122276 0.108000 1.289870  -1   0  -1 
59385.061472 -0.569060 0.641020 5.595016 0.108000 14.531927 0.255690 5.931043 -0.080337 0.108000 -0.336027 0.108000 1.289870  -1   0  -1 
59385.063906 -0.566626 0.642936 5.283016 0.108000 14.531927 0.265587 5.938263 -0.389660 0.108000 -0.655247 0.108000 1.289870  -1   0  -1 
59387.920967 -0.250432 0.891822 6.280016 0.107000 14.531927 0.895346 7.259258 -0.083896 0.107000 -0.979242 0.107000 1.289870  -1   0  -1 
59387.926477 -0.244922 0.896159 8.525016 0.107000 14.531927 0.888651 7.254398 2.159269 0.107000 1.270618 0.107000 1.289870  -1   0  -1 
59387.929412 -0.241987 0.898470 6.352016 0.107000 14.531927 0.884790 7.251484 -0.014678 0.107000 -0.899468 0.107000 1.289870  -1   0  -1 
59388.644350 0.472951 0.461221 8.653036 0.103000 16.076126 -0.633428 7.086386 0.933222 0.103000 1.566650 0.103000 1.289870  -1   2  -1 
59388.659397 0.487998 0.473065 7.371036 0.104000 16.076126 -0.586323 7.126445 -0.341732 0.104000 0.244591 0.104000 1.289870  -1   2  -1 
59388.663148 0.491749 0.476017 8.175036 0.104000 16.076126 -0.574144 7.136892 0.464000 0.104000 1.038144 0.104000 1.289870  -1   2  -1 
59388.965674 -0.476159 0.714146 6.242016 0.109000 14.531927 0.603023 6.691059 0.153980 0.109000 -0.449043 0.109000 1.289870  -1   0  -1 
59388.967365 -0.474468 0.715477 6.920445 0.117000 16.248728 0.608561 8.413436 -0.884430 0.117000 -1.492991 0.117000 1.289870  -1   3  -1 
59388.968252 -0.473581 0.716175 4.378016 0.109000 14.531927 0.611452 6.699549 -1.710081 0.109000 -2.321533 0.109000 1.289870  -1   0  -1 
59388.968449 -0.473384 0.716330 6.153445 0.117000 16.248728 0.612093 8.416996 -1.651458 0.117000 -2.263551 0.117000 1.289870  -1   3  -1 
59388.969524 -0.472309 0.717176 7.251445 0.117000 16.248728 0.615581 8.420515 -0.553489 0.117000 -1.169070 0.117000 1.289870  -1   3  -1 
59388.970854 -0.470979 0.718223 4.576016 0.109000 14.531927 0.619876 6.708051 -1.512159 0.109000 -2.132035 0.109000 1.289870  -1   0  -1 
59389.809335 0.367502 0.378219 9.271036 0.098000 16.076126 -0.867527 7.780334 0.623175 0.098000 1.490702 0.098000 1.289870  -1   2  -1 
59389.828264 0.386431 0.393118 8.909036 0.097000 16.076126 -0.839596 7.848960 0.220480 0.097000 1.060076 0.097000 1.289870  -1   2  -1 
59389.832028 0.390195 0.396081 9.154036 0.096000 16.076126 -0.833240 7.863432 0.457364 0.096000 1.290604 0.096000 1.289870  -1   2  -1 
59389.926150 0.484317 0.470168 10.903445 0.118000 16.248728 -0.598108 8.475165 1.830173 0.118000 2.428280 0.118000 1.289870  -1   3  -1 
59389.928313 0.486480 0.471870 8.793445 0.118000 16.248728 -0.591202 8.486754 -0.284511 0.118000 0.306691 0.118000 1.289870  -1   3  -1 
59389.929388 0.487555 0.472716 8.906445 0.118000 16.248728 -0.587749 8.492534 -0.173838 0.118000 0.413911 0.118000 1.289870  -1   3  -1 
59389.952568 0.510735 0.490962 6.474016 0.108000 14.531927 -0.510021 6.903537 -0.939542 0.108000 -0.429521 0.108000 1.289870  -1   0  -1 
59389.957794 0.515961 0.495076 5.317016 0.108000 14.531927 -0.491688 6.933126 -2.107798 0.108000 -1.616110 0.108000 1.289870  -1   0  -1 
59389.966851 0.525018 0.502205 6.199016 0.107000 14.531927 -0.459268 6.985018 -1.245270 0.107000 -0.786002 0.107000 1.289870  -1   0  -1 
59392.835547 -0.417587 0.760249 10.331036 0.103000 16.076126 0.771703 11.594465 -0.491726 0.103000 -1.263429 0.103000 1.289870  -1   2  -1 
59392.843066 -0.410068 0.766168 10.441036 0.103000 16.076126 0.789488 11.630260 -0.399736 0.103000 -1.189224 0.103000 1.289870  -1   2  -1 
59392.846825 -0.406309 0.769127 9.767036 0.103000 16.076126 0.798012 11.647786 -1.082738 0.103000 -1.880750 0.103000 1.289870  -1   2  -1 
59393.111566 -0.141568 0.977513 12.567016 0.109000 14.531927 0.635329 10.547071 2.655273 0.109000 2.019945 0.109000 1.289870  -1   0  -1 
59393.114447 -0.138687 0.979781 11.103016 0.109000 14.531927 0.625086 10.542881 1.185221 0.109000 0.560135 0.109000 1.289870  -1   0  -1 
59393.123097 -0.130037 0.986589 9.965016 0.109000 14.531927 0.593443 10.529310 0.029150 0.109000 -0.564294 0.109000 1.289870  -1   0  -1 
59397.703574 -0.631295 0.592033 12.270036 0.104000 16.076126 -0.003314 11.302692 0.964030 0.104000 0.967344 0.104000 1.289870  -1   2  -1 
59397.714844 -0.620025 0.600904 11.475036 0.104000 16.076126 0.044013 11.328684 0.190365 0.104000 0.146352 0.104000 1.289870  -1   2  -1 
59397.718600 -0.616269 0.603860 11.622036 0.104000 16.076126 0.059780 11.337410 0.344407 0.104000 0.284626 0.104000 1.289870  -1   2  -1 
59397.891478 -0.443391 0.739938 10.351016 0.106000 14.531927 0.703614 10.153715 0.900916 0.106000 0.197301 0.106000 1.289870  -1   0  -1 
59397.896665 -0.438204 0.744021 10.505016 0.106000 14.531927 0.718141 10.161067 1.062090 0.106000 0.343949 0.106000 1.289870  -1   0  -1 
59397.899199 -0.435670 0.746016 10.793016 0.106000 14.531927 0.725088 10.164539 1.353565 0.106000 0.628477 0.106000 1.289870  -1   0  -1 
59398.093478 -0.241391 0.898939 9.225445 0.118000 16.248728 0.883981 11.832976 -1.723550 0.118000 -2.607531 0.118000 1.289870  -1   3  -1 
59398.094558 -0.240311 0.899789 12.796445 0.117000 16.248728 0.882493 11.830663 1.848275 0.117000 0.965782 0.117000 1.289870  -1   3  -1 
59398.096718 -0.238151 0.901489 10.478445 0.117000 16.248728 0.879436 11.825965 -0.468084 0.117000 -1.347520 0.117000 1.289870  -1   3  -1 
59401.792180 -0.353990 0.810309 10.003036 0.105000 16.076126 0.889145 10.921107 -0.028926 0.105000 -0.918071 0.105000 1.289870  -1   2  -1 
59401.795940 -0.350230 0.813268 9.622036 0.106000 16.076126 0.893584 10.933182 -0.417562 0.106000 -1.311146 0.106000 1.289870  -1   2  -1 
59401.799701 -0.346469 0.816229 10.338036 0.105000 16.076126 0.897725 10.944937 0.290824 0.105000 -0.606901 0.105000 1.289870  -1   2  -1 
59401.885991 -0.260179 0.884150 9.301016 0.108000 14.531927 0.905423 9.576037 0.630402 0.108000 -0.275021 0.108000 1.289870  -1   0  -1 
59401.888644 -0.257526 0.886239 10.478016 0.107000 14.531927 0.902904 9.578438 1.802482 0.107000 0.899578 0.107000 1.289870  -1   0  -1 
59401.892602 -0.253568 0.889354 10.397016 0.107000 14.531927 0.898834 9.581681 1.714169 0.107000 0.815335 0.107000 1.289870  -1   0  -1 
59401.927059 -0.219111 0.916476 10.789000 0.120000 16.672394 0.847742 11.733288 -0.096546 0.120000 -0.944288 0.120000 1.289870  -1   1  -1 
59401.927765 -0.218405 0.917032 11.705000 0.120000 16.672394 0.846404 11.733197 0.818207 0.120000 -0.028197 0.120000 1.289870  -1   1  -1 
59401.929177 -0.216993 0.918144 11.050000 0.120000 16.672394 0.843694 11.732979 0.160715 0.120000 -0.682979 0.120000 1.289870  -1   1  -1 
59401.992049 -0.154121 0.967632 12.236445 0.121000 16.248728 0.678151 11.250027 1.664569 0.121000 0.986418 0.121000 1.289870  -1   3  -1 
59401.994207 -0.151963 0.969331 12.383445 0.122000 16.248728 0.671003 11.246358 1.808090 0.122000 1.137087 0.122000 1.289870  -1   3  -1 
59401.995280 -0.150890 0.970175 11.654445 0.122000 16.248728 0.667415 11.244496 1.077364 0.122000 0.409949 0.122000 1.289870  -1   3  -1 
59402.794210 -0.622394 0.599039 10.546036 0.105000 16.076126 0.034065 10.934733 -0.354631 0.105000 -0.388697 0.105000 1.289870  -1   2  -1 
59402.797974 -0.618630 0.602002 9.392036 0.105000 16.076126 0.049871 10.949914 -1.508007 0.105000 -1.557878 0.105000 1.289870  -1   2  -1 
59402.801729 -0.614875 0.604958 10.372036 0.105000 16.076126 0.065631 10.965036 -0.527370 0.105000 -0.593000 0.105000 1.289870  -1   2  -1 
59402.966503 -0.450101 0.734657 11.189000 0.117000 16.672394 0.684230 12.141139 -0.267909 0.117000 -0.952139 0.117000 1.289870  -1   1  -1 
59402.968621 -0.447983 0.736324 14.018000 0.117000 16.672394 0.690420 12.146742 2.561677 0.117000 1.871258 0.117000 1.289870  -1   1  -1 
59402.969327 -0.447277 0.736880 13.132000 0.117000 16.672394 0.692469 12.148595 1.675873 0.117000 0.983405 0.117000 1.289870  -1   1  -1 
59402.970612 -0.445992 0.737891 11.095445 0.117000 16.248728 0.696179 11.728283 0.063341 0.117000 -0.632838 0.117000 1.289870  -1   3  -1 
59402.971692 -0.444912 0.738741 13.128445 0.117000 16.248728 0.699279 11.731083 2.096641 0.117000 1.397362 0.117000 1.289870  -1   3  -1 
59402.972765 -0.443839 0.739586 12.770445 0.117000 16.248728 0.702341 11.733847 1.738939 0.117000 1.036598 0.117000 1.289870  -1   3  -1 
59403.889282 0.472678 0.461006 10.672000 0.121000 16.672394 -0.634254 11.110670 -1.072924 0.121000 -0.438670 0.121000 1.289870  -1   1  -1 
59403.890693 0.474089 0.462117 11.039000 0.121000 16.672394 -0.629965 11.116936 -0.707901 0.121000 -0.077936 0.121000 1.289870  -1   1  -1 
59403.891398 0.474794 0.462672 10.586000 0.121000 16.672394 -0.627812 11.120079 -1.161891 0.121000 -0.534079 0.121000 1.289870  -1   1  -1 
59403.992215 0.575611 0.542028 8.990016 0.107000 14.531927 -0.265523 9.496067 -0.771573 0.107000 -0.506051 0.107000 1.289870  -1   0  -1 
59404.001960 0.585356 0.549699 9.910016 0.108000 14.531927 -0.226258 9.551479 0.132279 0.108000 0.358537 0.108000 1.289870  -1   0  -1 
59404.004362 0.587758 0.551590 9.362016 0.108000 14.531927 -0.216506 9.565242 -0.419732 0.108000 -0.203226 0.108000 1.289870  -1   0  -1 
59404.084675 -0.602362 0.614807 10.388445 0.117000 16.248728 0.118040 11.757217 -1.250732 0.117000 -1.368772 0.117000 1.289870  -1   3  -1 
59404.085749 -0.601288 0.615652 12.446445 0.117000 16.248728 0.122527 11.763663 0.805309 0.117000 0.682782 0.117000 1.289870  -1   3  -1 
59404.086835 -0.600202 0.616507 11.398445 0.117000 16.248728 0.127062 11.770181 -0.244674 0.117000 -0.371736 0.117000 1.289870  -1   3  -1 
59405.737353 -0.220118 0.915684 13.281036 0.105000 16.076126 0.849631 13.125953 1.004714 0.105000 0.155083 0.105000 1.289870  -1   2  -1 
59405.748644 -0.208827 0.924571 13.121036 0.104000 16.076126 0.827116 13.084840 0.863312 0.104000 0.036196 0.104000 1.289870  -1   2  -1 
59405.756176 -0.201295 0.930500 12.271036 0.105000 16.076126 0.810476 13.055716 0.025796 0.105000 -0.784680 0.105000 1.289870  -1   2  -1 
59405.855588 -0.101883 0.008750 13.100000 0.119000 16.672394 0.481905 13.154033 0.427872 0.119000 -0.054033 0.119000 1.289870  -1   1  -1 
59405.857000 -0.100471 0.009862 13.186000 0.119000 16.672394 0.475996 13.145672 0.516324 0.119000 0.040328 0.119000 1.289870  -1   1  -1 
59405.857706 -0.099765 0.010417 13.044000 0.120000 16.672394 0.473031 13.141481 0.375551 0.120000 -0.097481 0.120000 1.289870  -1   1  -1 
59406.106963 0.149492 0.206616 13.801445 0.114000 16.248728 -0.642258 11.171302 1.987885 0.114000 2.630143 0.114000 1.289870  -1   3  -1 
59406.108044 0.150573 0.207467 12.581445 0.114000 16.248728 -0.645857 11.165911 0.769677 0.114000 1.415534 0.114000 1.289870  -1   3  -1 
59406.109128 0.151657 0.208320 12.133445 0.114000 16.248728 -0.649443 11.160528 0.323473 0.114000 0.972917 0.114000 1.289870  -1   3  -1 
59407.864238 -0.634100 0.589825 14.678000 0.122000 16.672394 -0.015090 12.271573 2.391336 0.122000 2.406427 0.122000 1.289870  -1   1  -1 
59407.866356 -0.631982 0.591492 12.817000 0.122000 16.672394 -0.006201 12.280253 0.530546 0.122000 0.536747 0.122000 1.289870  -1   1  -1 
59407.867063 -0.631275 0.592048 12.694000 0.122000 16.672394 -0.003233 12.283148 0.407619 0.122000 0.410852 0.122000 1.289870  -1   1  -1 
59408.161045 -0.337293 0.823451 10.715016 0.108000 14.531927 0.906555 10.901950 0.719620 0.108000 -0.186934 0.108000 1.289870  -1   0  -1 
59408.163430 -0.334908 0.825328 10.337016 0.108000 14.531927 0.908551 10.901785 0.343782 0.108000 -0.564769 0.108000 1.289870  -1   0  -1 
59408.165807 -0.332531 0.827199 9.894016 0.108000 14.531927 0.910416 10.901482 -0.097050 0.108000 -1.007466 0.108000 1.289870  -1   0  -1 
59411.082909 0.043703 0.123346 10.267445 0.119000 16.248728 -0.204161 10.532295 -0.469011 0.119000 -0.264850 0.119000 1.289870  -1   3  -1 
59411.083984 0.044778 0.124192 12.253445 0.119000 16.248728 -0.209249 10.526093 1.518103 0.119000 1.727352 0.119000 1.289870  -1   3  -1 
59411.085060 0.045854 0.125039 9.185445 0.119000 16.248728 -0.214333 10.519890 -1.548778 0.119000 -1.334445 0.119000 1.289870  -1   3  -1 
59411.109436 0.070230 0.144226 10.787016 0.107000 14.531927 -0.326983 8.664239 1.795794 0.107000 2.122777 0.107000 1.289870  -1   0  -1 
59411.114634 0.075428 0.148318 8.018016 0.107000 14.531927 -0.350275 8.635151 -0.967409 0.107000 -0.617135 0.107000 1.289870  -1   0  -1 
59411.121738 0.082532 0.153910 8.342016 0.108000 14.531927 -0.381624 8.595762 -0.635369 0.108000 -0.253746 0.108000 1.289870  -1   0  -1 
59418.956092 0.294284 0.320586 5.977016 0.107000 14.531927 -0.907318 6.962565 -1.892867 0.107000 -0.985549 0.107000 1.289870  -1   0  -1 
59418.958787 0.296979 0.322708 6.395016 0.107000 14.531927 -0.907881 6.966052 -1.478917 0.107000 -0.571036 0.107000 1.289870  -1   0  -1 
59418.965560 0.303752 0.328039 6.673016 0.107000 14.531927 -0.908592 6.975484 -1.211060 0.107000 -0.302468 0.107000 1.289870  -1   0  -1 
59418.981323 0.319515 0.340446 7.893445 0.107000 16.248728 -0.906384 8.717884 -1.730822 0.107000 -0.824439 0.107000 1.289870  -1   3  -1 
59418.982407 0.320599 0.341300 8.979445 0.107000 16.248728 -0.906035 8.719829 -0.646419 0.107000 0.259616 0.107000 1.289870  -1   3  -1 
59418.983485 0.321677 0.342148 8.108445 0.107000 16.248728 -0.905663 8.721787 -1.519006 0.107000 -0.613342 0.107000 1.289870  -1   3  -1 
59419.756507 -0.175735 0.950619 11.061036 0.103000 16.076126 0.744615 10.621494 1.184157 0.103000 0.439542 0.103000 1.289870  -1   2  -1 
59419.775306 -0.156936 0.965417 12.721036 0.103000 16.076126 0.687339 10.553969 2.854405 0.103000 2.167067 0.103000 1.289870  -1   2  -1 
59419.779068 -0.153174 0.968378 13.350036 0.103000 16.076126 0.675025 10.539501 3.485560 0.103000 2.810535 0.103000 1.289870  -1   2  -1 
59419.947893 0.015651 0.101265 7.333016 0.111000 14.531927 -0.069163 8.122113 -0.858260 0.111000 -0.789097 0.111000 1.289870  -1   0  -1 
59419.986504 0.054262 0.131657 5.470016 0.111000 14.531927 -0.253764 7.900243 -2.683991 0.111000 -2.430227 0.111000 1.289870  -1   0  -1 
59419.990052 0.057810 0.134450 5.020016 0.111000 14.531927 -0.270234 7.880226 -3.130444 0.111000 -2.860210 0.111000 1.289870  -1   0  -1 
59420.037408 0.105166 0.171726 6.331445 0.104000 16.248728 -0.477310 9.340801 -3.486667 0.104000 -3.009356 0.104000 1.289870  -1   3  -1 
59420.038492 0.106250 0.172579 6.759445 0.104000 16.248728 -0.481718 9.335232 -3.057504 0.104000 -2.575787 0.104000 1.289870  -1   3  -1 
59420.040662 0.108420 0.174287 9.441445 0.104000 16.248728 -0.490489 9.324129 -0.373173 0.104000 0.117316 0.104000 1.289870  -1   3  -1 
59420.700637 -0.502038 0.693775 11.222036 0.104000 16.076126 0.514103 9.423447 2.312692 0.104000 1.798589 0.104000 1.289870  -1   2  -1 
59420.708153 -0.494522 0.699691 12.511036 0.104000 16.076126 0.540694 9.444723 3.607007 0.104000 3.066313 0.104000 1.289870  -1   2  -1 
59420.715676 -0.486999 0.705613 9.715036 0.104000 16.076126 0.566697 9.465551 0.816182 0.104000 0.249485 0.104000 1.289870  -1   2  -1 
59420.873617 -0.329058 0.829933 11.323000 0.133000 16.672394 0.912917 10.336336 1.899581 0.133000 0.986664 0.133000 1.289870  -1   1  -1 
59420.874323 -0.328352 0.830489 10.582000 0.133000 16.672394 0.913393 10.336664 1.158728 0.133000 0.245336 0.133000 1.289870  -1   1  -1 
59420.875735 -0.326940 0.831600 13.235000 0.133000 16.672394 0.914311 10.337293 3.812018 0.133000 2.897707 0.133000 1.289870  -1   1  -1 
59420.988150 -0.214525 0.920086 11.459445 0.109000 16.248728 0.838846 9.837145 2.461147 0.109000 1.622300 0.109000 1.289870  -1   3  -1 
59420.990293 -0.212382 0.921773 8.740445 0.109000 16.248728 0.834522 9.833239 -0.258272 0.109000 -1.092794 0.109000 1.289870  -1   3  -1 
59420.991383 -0.211292 0.922631 9.562445 0.109000 16.248728 0.832283 9.831219 0.563509 0.109000 -0.268774 0.109000 1.289870  -1   3  -1 
59421.112099 -0.090576 0.017650 4.962016 0.109000 14.531927 0.433834 7.767678 -2.371828 0.109000 -2.805662 0.109000 1.289870  -1   0  -1 
59421.130285 -0.072390 0.031965 6.401016 0.109000 14.531927 0.353211 7.699610 -0.945384 0.109000 -1.298594 0.109000 1.289870  -1   0  -1 
59421.136709 -0.065966 0.037021 5.004016 0.109000 14.531927 0.323882 7.675016 -2.347118 0.109000 -2.671000 0.109000 1.289870  -1   0  -1 
59422.687448 0.214339 0.257659 11.492036 0.105000 16.076126 -0.817066 10.522161 0.152809 0.105000 0.969875 0.105000 1.289870  -1   2  -1 
59422.694983 0.221874 0.263590 12.344036 0.105000 16.076126 -0.831639 10.510639 1.001758 0.105000 1.833397 0.105000 1.289870  -1   2  -1 
59422.702516 0.229407 0.269519 10.777036 0.105000 16.076126 -0.844959 10.500244 -0.568167 0.105000 0.276792 0.105000 1.289870  -1   2  -1 
59422.871553 0.398444 0.402574 10.382000 0.132000 16.672394 -0.818406 11.158760 -1.595166 0.132000 -0.776760 0.132000 1.289870  -1   1  -1 
59422.873670 0.400561 0.404240 9.373000 0.132000 16.672394 -0.814402 11.162885 -2.604287 0.132000 -1.789885 0.132000 1.289870  -1   1  -1 
59422.874376 0.401267 0.404796 10.685000 0.132000 16.672394 -0.813049 11.164276 -1.292325 0.132000 -0.479276 0.132000 1.289870  -1   1  -1 
59423.678423 -0.065120 0.037688 12.215036 0.105000 16.076126 0.319987 11.637866 0.897158 0.105000 0.577170 0.105000 1.289870  -1   2  -1 
59423.685999 -0.057544 0.043651 12.980036 0.105000 16.076126 0.284852 11.605365 1.659523 0.105000 1.374671 0.105000 1.289870  -1   2  -1 
59423.689751 -0.053792 0.046604 12.776036 0.105000 16.076126 0.267274 11.589143 1.454166 0.105000 1.186893 0.105000 1.289870  -1   2  -1 
