# time model 
59325.801227 0.431657 
59325.833009 0.367621 
59325.864791 0.301418 
59325.896573 0.233113 
59325.928355 0.162774 
59325.960137 0.090475 
59325.991919 0.016290 
59326.023701 -0.059698 
59326.055483 -0.137406 
59326.087265 -0.216747 
59326.119047 -0.297627 
59326.150829 -0.379953 
59326.182611 -0.463624 
59326.214393 -0.548540 
59326.246175 -0.634595 
59326.277957 -0.721680 
59326.309739 -0.809683 
59326.341521 -0.898492 
59326.373303 -0.987988 
59326.405085 -1.078052 
59326.436867 -1.168563 
59326.468649 -1.259396 
59326.500431 -1.350425 
59326.532213 -1.441522 
59326.563995 -1.532556 
59326.595777 -1.623397 
59326.627559 -1.713911 
59326.659341 -1.803965 
59326.691123 -1.893422 
59326.722905 -1.982147 
59326.754687 -2.070002 
59326.786469 -2.156851 
59326.818251 -2.242555 
59326.850033 -2.326977 
59326.881815 -2.409979 
59326.913597 -2.491423 
59326.945379 -2.571172 
59326.977161 -2.649089 
59327.008943 -2.725039 
59327.040725 -2.798886 
59327.072507 -2.870497 
59327.104289 -2.939739 
59327.136071 -3.006482 
59327.167853 -3.070597 
59327.199635 -3.131956 
59327.231417 -3.190435 
59327.263199 -3.245911 
59327.294981 -3.298264 
59327.326763 -3.347375 
59327.358545 -3.393131 
59327.390327 -3.435419 
59327.422109 -3.474132 
59327.453891 -3.509162 
59327.485673 -3.540410 
59327.517455 -3.567776 
59327.549237 -3.591166 
59327.581019 -3.610489 
59327.612801 -3.625660 
59327.644583 -3.636596 
59327.676365 -3.643218 
59327.708147 -3.645455 
59327.739929 -3.643236 
59327.771711 -3.636498 
59327.803493 -3.625182 
59327.835275 -3.609233 
59327.867057 -3.588602 
59327.898839 -3.563244 
59327.930621 -3.533121 
59327.962402 -3.498199 
59327.994184 -3.458449 
59328.025966 -3.413849 
59328.057748 -3.364380 
59328.089530 -3.310031 
59328.121312 -3.250795 
59328.153094 -3.186671 
59328.184876 -3.117664 
59328.216658 -3.043785 
59328.248440 -2.965048 
59328.280222 -2.881477 
59328.312004 -2.793097 
59328.343786 -2.699943 
59328.375568 -2.602052 
59328.407350 -2.499469 
59328.439132 -2.392243 
59328.470914 -2.280431 
59328.502696 -2.164091 
59328.534478 -2.043291 
59328.566260 -1.918103 
59328.598042 -1.788603 
59328.629824 -1.654873 
59328.661606 -1.517000 
59328.693388 -1.375077 
59328.725170 -1.229201 
59328.756952 -1.079475 
59328.788734 -0.926005 
59328.820516 -0.768902 
59328.852298 -0.608283 
59328.884080 -0.444269 
59328.915862 -0.276983 
59328.947644 -0.106555 
59328.979426 0.066882 
59329.011208 0.243191 
59329.042990 0.422233 
59329.074772 0.603863 
59329.106554 0.787935 
59329.138336 0.974297 
59329.170118 1.162797 
59329.201900 1.353278 
59329.233682 1.545581 
59329.265464 1.739545 
59329.297246 1.935006 
59329.329028 2.131799 
59329.360810 2.329756 
59329.392592 2.528707 
59329.424374 2.728482 
59329.456156 2.928909 
59329.487938 3.129813 
59329.519720 3.331022 
59329.551502 3.532360 
59329.583284 3.733653 
59329.615066 3.934723 
59329.646848 4.135397 
59329.678630 4.335497 
59329.710412 4.534850 
59329.742194 4.733280 
59329.773976 4.930613 
59329.805758 5.126676 
59329.837540 5.321299 
59329.869322 5.514309 
59329.901104 5.705539 
59329.932886 5.894821 
59329.964668 6.081990 
59329.996450 6.266882 
59330.028232 6.449338 
59330.060014 6.629199 
59330.091796 6.806310 
59330.123578 6.980518 
59330.155360 7.151673 
59330.187142 7.319629 
59330.218924 7.484243 
59330.250706 7.645376 
59330.282488 7.802893 
59330.314270 7.956661 
59330.346052 8.106552 
59330.377834 8.252444 
59330.409616 8.394216 
59330.441398 8.531755 
59330.473180 8.664949 
59330.504962 8.793693 
59330.536744 8.917887 
59330.568526 9.037433 
59330.600308 9.152242 
59330.632090 9.262228 
59330.663871 9.367310 
59330.695653 9.467412 
59330.727435 9.562464 
59330.759217 9.652402 
59330.790999 9.737167 
59330.822781 9.816705 
59330.854563 9.890968 
59330.886345 9.959913 
59330.918127 10.023503 
59330.949909 10.081708 
59330.981691 10.134501 
59331.013473 10.181864 
59331.045255 10.223781 
59331.077037 10.260245 
59331.108819 10.291252 
59331.140601 10.316805 
59331.172383 10.336914 
59331.204165 10.351591 
59331.235947 10.360857 
59331.267729 10.364737 
59331.299511 10.363261 
59331.331293 10.356466 
59331.363075 10.344393 
59331.394857 10.327088 
59331.426639 10.304603 
59331.458421 10.276995 
59331.490203 10.244327 
59331.521985 10.206664 
59331.553767 10.164078 
59331.585549 10.116646 
59331.617331 10.064449 
59331.649113 10.007571 
59331.680895 9.946103 
59331.712677 9.880137 
59331.744459 9.809773 
59331.776241 9.735111 
59331.808023 9.656258 
59331.839805 9.573322 
59331.871587 9.486417 
59331.903369 9.395657 
59331.935151 9.301164 
59331.966933 9.203057 
59331.998715 9.101463 
59332.030497 8.996509 
59332.062279 8.888325 
59332.094061 8.777044 
59332.125843 8.662800 
59332.157625 8.545730 
59332.189407 8.425972 
59332.221189 8.303666 
59332.252971 8.178953 
59332.284753 8.051977 
59332.316535 7.922880 
59332.348317 7.791807 
59332.380099 7.658904 
59332.411881 7.524317 
59332.443663 7.388190 
59332.475445 7.250671 
59332.507227 7.111906 
59332.539009 6.972041 
59332.570791 6.831222 
59332.602573 6.689592 
59332.634355 6.547298 
59332.666137 6.404482 
59332.697919 6.261286 
59332.729701 6.117852 
59332.761483 5.974319 
59332.793265 5.830826 
59332.825047 5.687508 
59332.856829 5.544501 
59332.888611 5.401936 
59332.920393 5.259944 
59332.952175 5.118653 
59332.983957 4.978189 
59333.015739 4.838673 
59333.047521 4.700228 
59333.079303 4.562968 
59333.111085 4.427010 
59333.142867 4.292464 
59333.174649 4.159438 
59333.206431 4.028037 
59333.238213 3.898362 
59333.269995 3.770512 
59333.301777 3.644579 
59333.333559 3.520656 
59333.365340 3.398828 
59333.397122 3.279178 
59333.428904 3.161786 
59333.460686 3.046726 
59333.492468 2.934071 
59333.524250 2.823886 
59333.556032 2.716234 
59333.587814 2.611175 
59333.619596 2.508764 
59333.651378 2.409049 
59333.683160 2.312079 
59333.714942 2.217894 
59333.746724 2.126533 
59333.778506 2.038029 
59333.810288 1.952411 
59333.842070 1.869704 
59333.873852 1.789930 
59333.905634 1.713105 
59333.937416 1.639242 
59333.969198 1.568349 
59334.000980 1.500430 
59334.032762 1.435487 
59334.064544 1.373514 
59334.096326 1.314506 
59334.128108 1.258449 
59334.159890 1.205330 
59334.191672 1.155129 
59334.223454 1.107823 
59334.255236 1.063387 
59334.287018 1.021791 
59334.318800 0.983002 
59334.350582 0.946983 
59334.382364 0.913696 
59334.414146 0.883096 
59334.445928 0.855139 
59334.477710 0.829776 
59334.509492 0.806956 
59334.541274 0.786624 
59334.573056 0.768724 
59334.604838 0.753197 
59334.636620 0.739981 
59334.668402 0.729014 
59334.700184 0.720228 
59334.731966 0.713557 
59334.763748 0.708932 
59334.795530 0.706280 
59334.827312 0.705530 
59334.859094 0.706606 
59334.890876 0.709435 
59334.922658 0.713939 
59334.954440 0.720040 
59334.986222 0.727660 
59335.018004 0.736721 
59335.049786 0.747140 
59335.081568 0.758840 
59335.113350 0.771738 
59335.145132 0.785754 
59335.176914 0.800806 
59335.208696 0.816814 
59335.240478 0.833697 
59335.272260 0.851374 
59335.304042 0.869764 
59335.335824 0.888789 
59335.367606 0.908368 
59335.399388 0.928425 
59335.431170 0.948881 
59335.462952 0.969660 
59335.494734 0.990687 
59335.526516 1.011887 
59335.558298 1.033189 
59335.590080 1.054521 
59335.621862 1.075812 
59335.653644 1.096995 
59335.685426 1.118004 
59335.717208 1.138774 
59335.748990 1.159241 
59335.780772 1.179345 
59335.812554 1.199028 
59335.844336 1.218233 
59335.876118 1.236904 
59335.907900 1.254991 
59335.939682 1.272442 
59335.971464 1.289211 
59336.003246 1.305252 
59336.035028 1.320521 
59336.066809 1.334980 
59336.098591 1.348590 
59336.130373 1.361315 
59336.162155 1.373124 
59336.193937 1.383986 
59336.225719 1.393874 
59336.257501 1.402763 
59336.289283 1.410630 
59336.321065 1.417457 
59336.352847 1.423226 
59336.384629 1.427923 
59336.416411 1.431537 
59336.448193 1.434059 
59336.479975 1.435482 
59336.511757 1.435803 
59336.543539 1.435020 
59336.575321 1.433134 
59336.607103 1.430150 
59336.638885 1.426074 
59336.670667 1.420915 
59336.702449 1.414683 
59336.734231 1.407392 
59336.766013 1.399058 
59336.797795 1.389698 
59336.829577 1.379333 
59336.861359 1.367984 
59336.893141 1.355676 
59336.924923 1.342435 
59336.956705 1.328289 
59336.988487 1.313268 
59337.020269 1.297403 
59337.052051 1.280727 
59337.083833 1.263275 
59337.115615 1.245084 
59337.147397 1.226191 
59337.179179 1.206635 
59337.210961 1.186456 
59337.242743 1.165696 
59337.274525 1.144397 
59337.306307 1.122603 
59337.338089 1.100358 
59337.369871 1.077707 
59337.401653 1.054695 
59337.433435 1.031370 
59337.465217 1.007777 
59337.496999 0.983964 
59337.528781 0.959979 
59337.560563 0.935870 
59337.592345 0.911683 
59337.624127 0.887468 
59337.655909 0.863272 
59337.687691 0.839142 
59337.719473 0.815127 
59337.751255 0.791273 
59337.783037 0.767626 
59337.814819 0.744234 
59337.846601 0.721141 
59337.878383 0.698393 
59337.910165 0.676033 
59337.941947 0.654105 
59337.973729 0.632650 
59338.005511 0.611712 
59338.037293 0.591328 
59338.069075 0.571540 
59338.100857 0.552384 
59338.132639 0.533897 
59338.164421 0.516115 
59338.196203 0.499071 
59338.227985 0.482798 
59338.259767 0.467327 
59338.291549 0.452686 
59338.323331 0.438905 
59338.355113 0.426008 
59338.386895 0.414021 
59338.418677 0.402965 
59338.450459 0.392862 
59338.482241 0.383731 
59338.514023 0.375589 
59338.545805 0.368451 
59338.577587 0.362331 
59338.609369 0.357241 
59338.641151 0.353191 
59338.672933 0.350187 
59338.704715 0.348236 
59338.736497 0.347343 
59338.768278 0.347508 
59338.800060 0.348733 
59338.831842 0.351015 
59338.863624 0.354350 
59338.895406 0.358734 
59338.927188 0.364158 
59338.958970 0.370614 
59338.990752 0.378089 
59339.022534 0.386572 
59339.054316 0.396048 
59339.086098 0.406499 
59339.117880 0.417909 
59339.149662 0.430256 
59339.181444 0.443520 
59339.213226 0.457678 
59339.245008 0.472705 
59339.276790 0.488575 
59339.308572 0.505261 
59339.340354 0.522734 
59339.372136 0.540963 
59339.403918 0.559918 
59339.435700 0.579565 
59339.467482 0.599872 
59339.499264 0.620803 
59339.531046 0.642323 
59339.562828 0.664395 
59339.594610 0.686981 
59339.626392 0.710042 
59339.658174 0.733541 
59339.689956 0.757437 
59339.721738 0.781690 
59339.753520 0.806258 
59339.785302 0.831102 
59339.817084 0.856178 
59339.848866 0.881446 
59339.880648 0.906863 
59339.912430 0.932387 
59339.944212 0.957976 
59339.975994 0.983588 
59340.007776 1.009179 
59340.039558 1.034710 
59340.071340 1.060137 
59340.103122 1.085420 
59340.134904 1.110517 
59340.166686 1.135388 
59340.198468 1.159993 
59340.230250 1.184293 
59340.262032 1.208249 
59340.293814 1.231823 
59340.325596 1.254978 
59340.357378 1.277677 
59340.389160 1.299886 
59340.420942 1.321570 
59340.452724 1.342696 
59340.484506 1.363231 
59340.516288 1.383145 
59340.548070 1.402408 
59340.579852 1.420991 
59340.611634 1.438867 
59340.643416 1.456010 
59340.675198 1.472396 
59340.706980 1.488001 
59340.738762 1.502805 
59340.770544 1.516786 
59340.802326 1.529927 
59340.834108 1.542210 
59340.865890 1.553621 
59340.897672 1.564144 
59340.929454 1.573769 
59340.961236 1.582484 
59340.993018 1.590281 
59341.024800 1.597153 
59341.056582 1.603094 
59341.088364 1.608100 
59341.120146 1.612169 
59341.151928 1.615301 
59341.183710 1.617496 
59341.215492 1.618758 
59341.247274 1.619092 
59341.279056 1.618503 
59341.310838 1.617000 
59341.342620 1.614591 
59341.374402 1.611288 
59341.406184 1.607103 
59341.437965 1.602051 
59341.469747 1.596148 
59341.501529 1.589409 
59341.533311 1.581855 
59341.565093 1.573504 
59341.596875 1.564379 
59341.628657 1.554501 
59341.660439 1.543896 
59341.692221 1.532587 
59341.724003 1.520602 
59341.755785 1.507968 
59341.787567 1.494713 
59341.819349 1.480868 
59341.851131 1.466462 
59341.882913 1.451528 
59341.914695 1.436097 
59341.946477 1.420203 
59341.978259 1.403880 
59342.010041 1.387162 
59342.041823 1.370085 
59342.073605 1.352684 
59342.105387 1.334995 
59342.137169 1.317056 
59342.168951 1.298903 
59342.200733 1.280573 
59342.232515 1.262105 
59342.264297 1.243534 
59342.296079 1.224901 
59342.327861 1.206241 
59342.359643 1.187593 
59342.391425 1.168995 
59342.423207 1.150483 
59342.454989 1.132095 
59342.486771 1.113868 
59342.518553 1.095838 
59342.550335 1.078041 
59342.582117 1.060513 
59342.613899 1.043289 
59342.645681 1.026402 
59342.677463 1.009887 
59342.709245 0.993776 
59342.741027 0.978101 
59342.772809 0.962894 
59342.804591 0.948185 
59342.836373 0.934002 
59342.868155 0.920375 
59342.899937 0.907330 
59342.931719 0.894894 
59342.963501 0.883091 
59342.995283 0.871945 
59343.027065 0.861478 
59343.058847 0.851713 
59343.090629 0.842668 
59343.122411 0.834362 
59343.154193 0.826813 
59343.185975 0.820035 
59343.217757 0.814044 
59343.249539 0.808852 
59343.281321 0.804471 
59343.313103 0.800910 
59343.344885 0.798178 
59343.376667 0.796282 
59343.408449 0.795226 
59343.440231 0.795016 
59343.472013 0.795652 
59343.503795 0.797136 
59343.535577 0.799466 
59343.567359 0.802641 
59343.599141 0.806656 
59343.630923 0.811506 
59343.662705 0.817184 
59343.694487 0.823681 
59343.726269 0.830987 
59343.758051 0.839091 
59343.789833 0.847980 
59343.821615 0.857640 
59343.853397 0.868054 
59343.885179 0.879206 
59343.916961 0.891077 
59343.948743 0.903648 
59343.980525 0.916897 
59344.012307 0.930802 
59344.044089 0.945340 
59344.075871 0.960487 
59344.107653 0.976215 
59344.139434 0.992500 
59344.171216 1.009312 
59344.202998 1.026623 
59344.234780 1.044404 
59344.266562 1.062624 
59344.298344 1.081251 
59344.330126 1.100254 
59344.361908 1.119600 
59344.393690 1.139255 
59344.425472 1.159186 
59344.457254 1.179357 
59344.489036 1.199734 
59344.520818 1.220282 
59344.552600 1.240964 
59344.584382 1.261745 
59344.616164 1.282589 
59344.647946 1.303458 
59344.679728 1.324317 
59344.711510 1.345129 
59344.743292 1.365858 
59344.775074 1.386467 
59344.806856 1.406920 
59344.838638 1.427181 
59344.870420 1.447213 
59344.902202 1.466983 
59344.933984 1.486454 
59344.965766 1.505593 
59344.997548 1.524364 
59345.029330 1.542736 
59345.061112 1.560674 
59345.092894 1.578147 
59345.124676 1.595123 
59345.156458 1.611571 
59345.188240 1.627463 
59345.220022 1.642768 
59345.251804 1.657460 
59345.283586 1.671510 
59345.315368 1.684894 
59345.347150 1.697586 
59345.378932 1.709562 
59345.410714 1.720801 
59345.442496 1.731279 
59345.474278 1.740979 
59345.506060 1.749880 
59345.537842 1.757964 
59345.569624 1.765216 
59345.601406 1.771621 
59345.633188 1.777165 
59345.664970 1.781836 
59345.696752 1.785622 
59345.728534 1.788515 
59345.760316 1.790507 
59345.792098 1.791592 
59345.823880 1.791763 
59345.855662 1.791018 
59345.887444 1.789355 
59345.919226 1.786773 
59345.951008 1.783273 
59345.982790 1.778857 
59346.014572 1.773529 
59346.046354 1.767295 
59346.078136 1.760160 
59346.109918 1.752134 
59346.141700 1.743226 
59346.173482 1.733447 
59346.205264 1.722809 
59346.237046 1.711326 
59346.268828 1.699013 
59346.300610 1.685887 
59346.332392 1.671964 
59346.364174 1.657265 
59346.395956 1.641809 
59346.427738 1.625617 
59346.459520 1.608712 
59346.491302 1.591118 
59346.523084 1.572859 
59346.554866 1.553961 
59346.586648 1.534451 
59346.618430 1.514355 
59346.650212 1.493704 
59346.681994 1.472525 
59346.713776 1.450850 
59346.745558 1.428708 
59346.777340 1.406133 
59346.809122 1.383155 
59346.840903 1.359808 
59346.872685 1.336125 
59346.904467 1.312140 
59346.936249 1.287887 
59346.968031 1.263401 
59346.999813 1.238716 
59347.031595 1.213869 
59347.063377 1.188893 
59347.095159 1.163826 
59347.126941 1.138702 
59347.158723 1.113557 
59347.190505 1.088427 
59347.222287 1.063347 
59347.254069 1.038353 
59347.285851 1.013479 
59347.317633 0.988760 
59347.349415 0.964232 
59347.381197 0.939928 
59347.412979 0.915882 
59347.444761 0.892128 
59347.476543 0.868697 
59347.508325 0.845623 
59347.540107 0.822936 
59347.571889 0.800669 
59347.603671 0.778850 
59347.635453 0.757509 
59347.667235 0.736674 
59347.699017 0.716374 
59347.730799 0.696635 
59347.762581 0.677482 
59347.794363 0.658941 
59347.826145 0.641036 
59347.857927 0.623788 
59347.889709 0.607220 
59347.921491 0.591353 
59347.953273 0.576204 
59347.985055 0.561794 
59348.016837 0.548137 
59348.048619 0.535252 
59348.080401 0.523150 
59348.112183 0.511847 
59348.143965 0.501354 
59348.175747 0.491681 
59348.207529 0.482838 
59348.239311 0.474832 
59348.271093 0.467671 
59348.302875 0.461359 
59348.334657 0.455901 
59348.366439 0.451299 
59348.398221 0.447554 
59348.430003 0.444667 
59348.461785 0.442635 
59348.493567 0.441457 
59348.525349 0.441128 
59348.557131 0.441642 
59348.588913 0.442993 
59348.620695 0.445174 
59348.652477 0.448174 
59348.684259 0.451984 
59348.716041 0.456591 
59348.747823 0.461984 
59348.779605 0.468147 
59348.811387 0.475067 
59348.843169 0.482726 
59348.874951 0.491107 
59348.906733 0.500192 
59348.938515 0.509962 
59348.970297 0.520396 
59349.002079 0.531472 
59349.033861 0.543170 
59349.065643 0.555465 
59349.097425 0.568334 
59349.129207 0.581752 
59349.160989 0.595695 
59349.192771 0.610135 
59349.224553 0.625047 
59349.256335 0.640402 
59349.288117 0.656174 
59349.319899 0.672334 
59349.351681 0.688854 
59349.383463 0.705703 
59349.415245 0.722854 
59349.447027 0.740275 
59349.478809 0.757937 
59349.510591 0.775811 
59349.542372 0.793865 
59349.574154 0.812069 
59349.605936 0.830394 
59349.637718 0.848807 
59349.669500 0.867280 
59349.701282 0.885781 
59349.733064 0.904282 
59349.764846 0.922751 
59349.796628 0.941159 
59349.828410 0.959478 
59349.860192 0.977677 
59349.891974 0.995729 
59349.923756 1.013606 
59349.955538 1.031279 
59349.987320 1.048722 
59350.019102 1.065909 
59350.050884 1.082813 
59350.082666 1.099409 
59350.114448 1.115673 
59350.146230 1.131581 
59350.178012 1.147110 
59350.209794 1.162238 
59350.241576 1.176943 
59350.273358 1.191205 
59350.305140 1.205005 
59350.336922 1.218323 
59350.368704 1.231142 
59350.400486 1.243446 
59350.432268 1.255218 
59350.464050 1.266443 
59350.495832 1.277109 
59350.527614 1.287203 
59350.559396 1.296712 
59350.591178 1.305627 
59350.622960 1.313937 
59350.654742 1.321636 
59350.686524 1.328715 
59350.718306 1.335169 
59350.750088 1.340992 
59350.781870 1.346181 
59350.813652 1.350733 
59350.845434 1.354647 
59350.877216 1.357921 
59350.908998 1.360557 
59350.940780 1.362556 
59350.972562 1.363922 
59351.004344 1.364657 
59351.036126 1.364767 
59351.067908 1.364258 
59351.099690 1.363137 
59351.131472 1.361412 
59351.163254 1.359091 
59351.195036 1.356185 
59351.226818 1.352705 
59351.258600 1.348662 
59351.290382 1.344070 
59351.322164 1.338941 
59351.353946 1.333290 
59351.385728 1.327132 
59351.417510 1.320483 
59351.449292 1.313360 
59351.481074 1.305779 
59351.512856 1.297760 
59351.544638 1.289320 
59351.576420 1.280479 
59351.608202 1.271256 
59351.639984 1.261672 
59351.671766 1.251747 
59351.703548 1.241502 
59351.735330 1.230959 
59351.767112 1.220140 
59351.798894 1.209067 
59351.830676 1.197762 
59351.862458 1.186247 
59351.894240 1.174546 
59351.926022 1.162681 
59351.957804 1.150675 
59351.989586 1.138551 
59352.021368 1.126333 
59352.053150 1.114042 
59352.084932 1.101701 
59352.116714 1.089335 
59352.148496 1.076964 
59352.180278 1.064611 
59352.212060 1.052298 
59352.243841 1.040047 
59352.275623 1.027879 
59352.307405 1.015815 
59352.339187 1.003876 
59352.370969 0.992082 
59352.402751 0.980452 
59352.434533 0.969005 
59352.466315 0.957761 
59352.498097 0.946737 
59352.529879 0.935950 
59352.561661 0.925416 
59352.593443 0.915153 
59352.625225 0.905176 
59352.657007 0.895498 
59352.688789 0.886134 
59352.720571 0.877097 
59352.752353 0.868398 
59352.784135 0.860050 
59352.815917 0.852063 
59352.847699 0.844447 
59352.879481 0.837211 
59352.911263 0.830362 
59352.943045 0.823907 
59352.974827 0.817854 
59353.006609 0.812207 
59353.038391 0.806970 
59353.070173 0.802147 
59353.101955 0.797741 
59353.133737 0.793753 
59353.165519 0.790184 
59353.197301 0.787034 
59353.229083 0.784301 
59353.260865 0.781984 
59353.292647 0.780079 
59353.324429 0.778583 
59353.356211 0.777491 
59353.387993 0.776798 
59353.419775 0.776497 
59353.451557 0.776580 
59353.483339 0.777041 
59353.515121 0.777869 
59353.546903 0.779055 
59353.578685 0.780589 
59353.610467 0.782461 
59353.642249 0.784657 
59353.674031 0.787165 
59353.705813 0.789973 
59353.737595 0.793066 
59353.769377 0.796430 
59353.801159 0.800051 
59353.832941 0.803912 
59353.864723 0.807998 
59353.896505 0.812292 
59353.928287 0.816778 
59353.960069 0.821438 
59353.991851 0.826255 
59354.023633 0.831210 
59354.055415 0.836285 
59354.087197 0.841462 
59354.118979 0.846723 
59354.150761 0.852048 
59354.182543 0.857418 
59354.214325 0.862815 
59354.246107 0.868218 
59354.277889 0.873610 
59354.309671 0.878970 
59354.341453 0.884280 
59354.373235 0.889521 
59354.405017 0.894674 
59354.436799 0.899720 
59354.468581 0.904641 
59354.500363 0.909418 
59354.532145 0.914034 
59354.563927 0.918471 
59354.595709 0.922712 
59354.627491 0.926740 
59354.659273 0.930538 
59354.691055 0.934091 
59354.722837 0.937384 
59354.754619 0.940400 
59354.786401 0.943127 
59354.818183 0.945550 
59354.849965 0.947655 
59354.881747 0.949432 
59354.913529 0.950866 
59354.945310 0.951949 
59354.977092 0.952668 
59355.008874 0.953014 
59355.040656 0.952979 
59355.072438 0.952554 
59355.104220 0.951732 
59355.136002 0.950506 
59355.167784 0.948870 
59355.199566 0.946820 
59355.231348 0.944352 
59355.263130 0.941461 
59355.294912 0.938147 
59355.326694 0.934407 
59355.358476 0.930241 
59355.390258 0.925649 
59355.422040 0.920632 
59355.453822 0.915193 
59355.485604 0.909334 
59355.517386 0.903059 
59355.549168 0.896373 
59355.580950 0.889282 
59355.612732 0.881791 
59355.644514 0.873909 
59355.676296 0.865643 
59355.708078 0.857001 
59355.739860 0.847995 
59355.771642 0.838634 
59355.803424 0.828930 
59355.835206 0.818895 
59355.866988 0.808541 
59355.898770 0.797883 
59355.930552 0.786933 
59355.962334 0.775708 
59355.994116 0.764223 
59356.025898 0.752493 
59356.057680 0.740537 
59356.089462 0.728369 
59356.121244 0.716010 
59356.153026 0.703476 
59356.184808 0.690788 
59356.216590 0.677963 
59356.248372 0.665021 
59356.280154 0.651983 
59356.311936 0.638869 
59356.343718 0.625699 
59356.375500 0.612494 
59356.407282 0.599276 
59356.439064 0.586064 
59356.470846 0.572882 
59356.502628 0.559750 
59356.534410 0.546689 
59356.566192 0.533722 
59356.597974 0.520870 
59356.629756 0.508154 
59356.661538 0.495596 
59356.693320 0.483216 
59356.725102 0.471038 
59356.756884 0.459080 
59356.788666 0.447364 
59356.820448 0.435910 
59356.852230 0.424739 
59356.884012 0.413869 
59356.915794 0.403321 
59356.947576 0.393113 
59356.979358 0.383264 
59357.011140 0.373792 
59357.042922 0.364714 
59357.074704 0.356047 
59357.106486 0.347807 
59357.138268 0.340011 
59357.170050 0.332673 
59357.201832 0.325807 
59357.233614 0.319427 
59357.265396 0.313547 
59357.297178 0.308178 
59357.328960 0.303332 
59357.360742 0.299020 
59357.392524 0.295251 
59357.424306 0.292035 
59357.456088 0.289379 
59357.487870 0.287291 
59357.519652 0.285777 
59357.551434 0.284843 
59357.583216 0.284494 
59357.614997 0.284733 
59357.646779 0.285563 
59357.678561 0.286987 
59357.710343 0.289004 
59357.742125 0.291615 
59357.773907 0.294820 
59357.805689 0.298615 
59357.837471 0.303000 
59357.869253 0.307969 
59357.901035 0.313518 
59357.932817 0.319643 
59357.964599 0.326335 
59357.996381 0.333589 
59358.028163 0.341395 
59358.059945 0.349746 
59358.091727 0.358630 
59358.123509 0.368037 
59358.155291 0.377956 
59358.187073 0.388373 
59358.218855 0.399277 
59358.250637 0.410652 
59358.282419 0.422485 
59358.314201 0.434760 
59358.345983 0.447460 
59358.377765 0.460570 
59358.409547 0.474071 
59358.441329 0.487945 
59358.473111 0.502175 
59358.504893 0.516740 
59358.536675 0.531622 
59358.568457 0.546800 
59358.600239 0.562254 
59358.632021 0.577962 
59358.663803 0.593904 
59358.695585 0.610057 
59358.727367 0.626399 
59358.759149 0.642909 
59358.790931 0.659564 
59358.822713 0.676341 
59358.854495 0.693217 
59358.886277 0.710170 
59358.918059 0.727176 
59358.949841 0.744212 
59358.981623 0.761255 
59359.013405 0.778282 
59359.045187 0.795270 
59359.076969 0.812196 
59359.108751 0.829038 
59359.140533 0.845772 
59359.172315 0.862377 
59359.204097 0.878831 
59359.235879 0.895111 
59359.267661 0.911197 
59359.299443 0.927066 
59359.331225 0.942699 
59359.363007 0.958076 
59359.394789 0.973176 
59359.426571 0.987980 
59359.458353 1.002470 
59359.490135 1.016627 
59359.521917 1.030434 
59359.553699 1.043874 
59359.585481 1.056930 
59359.617263 1.069587 
59359.649045 1.081829 
59359.680827 1.093643 
59359.712609 1.105015 
59359.744391 1.115932 
59359.776173 1.126382 
59359.807955 1.136354 
59359.839737 1.145837 
59359.871519 1.154823 
59359.903301 1.163301 
59359.935083 1.171265 
59359.966865 1.178706 
59359.998647 1.185620 
59360.030429 1.192000 
59360.062211 1.197843 
59360.093993 1.203144 
59360.125775 1.207900 
59360.157557 1.212111 
59360.189339 1.215775 
59360.221121 1.218892 
59360.252903 1.221463 
59360.284685 1.223489 
59360.316466 1.224973 
59360.348248 1.225919 
59360.380030 1.226330 
59360.411812 1.226211 
59360.443594 1.225569 
59360.475376 1.224410 
59360.507158 1.222742 
59360.538940 1.220572 
59360.570722 1.217910 
59360.602504 1.214765 
59360.634286 1.211147 
59360.666068 1.207069 
59360.697850 1.202540 
59360.729632 1.197573 
59360.761414 1.192182 
59360.793196 1.186380 
59360.824978 1.180181 
59360.856760 1.173599 
59360.888542 1.166649 
59360.920324 1.159347 
59360.952106 1.151708 
59360.983888 1.143750 
59361.015670 1.135488 
59361.047452 1.126939 
59361.079234 1.118120 
59361.111016 1.109050 
59361.142798 1.099745 
59361.174580 1.090224 
59361.206362 1.080504 
59361.238144 1.070604 
59361.269926 1.060541 
59361.301708 1.050334 
59361.333490 1.040001 
59361.365272 1.029561 
59361.397054 1.019030 
59361.428836 1.008428 
59361.460618 0.997772 
59361.492400 0.987080 
59361.524182 0.976368 
59361.555964 0.965655 
59361.587746 0.954957 
59361.619528 0.944291 
59361.651310 0.933672 
59361.683092 0.923118 
59361.714874 0.912642 
59361.746656 0.902261 
59361.778438 0.891989 
59361.810220 0.881839 
59361.842002 0.871825 
59361.873784 0.861961 
59361.905566 0.852259 
59361.937348 0.842730 
59361.969130 0.833386 
59362.000912 0.824237 
59362.032694 0.815293 
59362.064476 0.806564 
59362.096258 0.798058 
59362.128040 0.789782 
59362.159822 0.781745 
59362.191604 0.773952 
59362.223386 0.766409 
59362.255168 0.759121 
59362.286950 0.752092 
59362.318732 0.745326 
59362.350514 0.738825 
59362.382296 0.732592 
59362.414078 0.726626 
59362.445860 0.720930 
59362.477642 0.715502 
59362.509424 0.710341 
59362.541206 0.705445 
59362.572988 0.700813 
59362.604770 0.696439 
59362.636552 0.692321 
59362.668334 0.688454 
59362.700116 0.684832 
59362.731898 0.681448 
59362.763680 0.678297 
59362.795462 0.675371 
59362.827244 0.672661 
59362.859026 0.670159 
59362.890808 0.667856 
59362.922590 0.665741 
59362.954372 0.663806 
59362.986154 0.662038 
59363.017935 0.660427 
59363.049717 0.658961 
59363.081499 0.657627 
59363.113281 0.656414 
59363.145063 0.655308 
59363.176845 0.654296 
59363.208627 0.653365 
59363.240409 0.652501 
59363.272191 0.651690 
59363.303973 0.650918 
59363.335755 0.650171 
59363.367537 0.649434 
59363.399319 0.648694 
59363.431101 0.647935 
59363.462883 0.647144 
59363.494665 0.646306 
59363.526447 0.645407 
59363.558229 0.644432 
59363.590011 0.643369 
59363.621793 0.642203 
59363.653575 0.640921 
59363.685357 0.639509 
59363.717139 0.637955 
59363.748921 0.636247 
59363.780703 0.634372 
59363.812485 0.632319 
59363.844267 0.630076 
59363.876049 0.627634 
59363.907831 0.624981 
59363.939613 0.622109 
59363.971395 0.619008 
59364.003177 0.615671 
59364.034959 0.612090 
59364.066741 0.608258 
59364.098523 0.604169 
59364.130305 0.599817 
59364.162087 0.595199 
59364.193869 0.590310 
59364.225651 0.585147 
59364.257433 0.579709 
59364.289215 0.573994 
59364.320997 0.568002 
59364.352779 0.561733 
59364.384561 0.555190 
59364.416343 0.548375 
59364.448125 0.541291 
59364.479907 0.533943 
59364.511689 0.526336 
59364.543471 0.518477 
59364.575253 0.510372 
59364.607035 0.502031 
59364.638817 0.493463 
59364.670599 0.484677 
59364.702381 0.475686 
59364.734163 0.466501 
59364.765945 0.457137 
59364.797727 0.447606 
59364.829509 0.437924 
59364.861291 0.428107 
59364.893073 0.418173 
59364.924855 0.408138 
59364.956637 0.398022 
59364.988419 0.387844 
59365.020201 0.377625 
59365.051983 0.367385 
59365.083765 0.357148 
59365.115547 0.346934 
59365.147329 0.336769 
59365.179111 0.326675 
59365.210893 0.316678 
59365.242675 0.306803 
59365.274457 0.297076 
59365.306239 0.287523 
59365.338021 0.278171 
59365.369803 0.269047 
59365.401585 0.260179 
59365.433367 0.251595 
59365.465149 0.243323 
59365.496931 0.235393 
59365.528713 0.227832 
59365.560495 0.220669 
59365.592277 0.213934 
59365.624059 0.207656 
59365.655841 0.201863 
59365.687623 0.196585 
59365.719404 0.191850 
59365.751186 0.187688 
59365.782968 0.184125 
59365.814750 0.181192 
59365.846532 0.178914 
59365.878314 0.177320 
59365.910096 0.176437 
59365.941878 0.176291 
59365.973660 0.176907 
59366.005442 0.178310 
59366.037224 0.180526 
59366.069006 0.183578 
59366.100788 0.187488 
59366.132570 0.192279 
59366.164352 0.197972 
59366.196134 0.204586 
59366.227916 0.212141 
59366.259698 0.220655 
59366.291480 0.230145 
59366.323262 0.240625 
59366.355044 0.252112 
59366.386826 0.264617 
59366.418608 0.278153 
59366.450390 0.292730 
59366.482172 0.308356 
59366.513954 0.325041 
59366.545736 0.342789 
59366.577518 0.361605 
59366.609300 0.381493 
59366.641082 0.402452 
59366.672864 0.424485 
59366.704646 0.447587 
59366.736428 0.471756 
59366.768210 0.496986 
59366.799992 0.523271 
59366.831774 0.550601 
59366.863556 0.578965 
59366.895338 0.608352 
59366.927120 0.638747 
59366.958902 0.670135 
59366.990684 0.702496 
59367.022466 0.735812 
59367.054248 0.770061 
59367.086030 0.805219 
59367.117812 0.841263 
59367.149594 0.878163 
59367.181376 0.915893 
59367.213158 0.954421 
59367.244940 0.993715 
59367.276722 1.033740 
59367.308504 1.074462 
59367.340286 1.115842 
59367.372068 1.157841 
59367.403850 1.200419 
59367.435632 1.243532 
59367.467414 1.287137 
59367.499196 1.331188 
59367.530978 1.375638 
59367.562760 1.420439 
59367.594542 1.465539 
59367.626324 1.510888 
59367.658106 1.556434 
59367.689888 1.602121 
59367.721670 1.647895 
59367.753452 1.693699 
59367.785234 1.739476 
59367.817016 1.785168 
59367.848798 1.830715 
59367.880580 1.876056 
59367.912362 1.921130 
59367.944144 1.965876 
59367.975926 2.010231 
59368.007708 2.054132 
59368.039490 2.097514 
59368.071272 2.140314 
59368.103054 2.182466 
59368.134836 2.223907 
59368.166618 2.264571 
59368.198400 2.304393 
59368.230182 2.343307 
59368.261964 2.381249 
59368.293746 2.418152 
59368.325528 2.453954 
59368.357310 2.488587 
59368.389092 2.521990 
59368.420873 2.554097 
59368.452655 2.584846 
59368.484437 2.614174 
59368.516219 2.642020 
59368.548001 2.668322 
59368.579783 2.693021 
59368.611565 2.716057 
59368.643347 2.737373 
59368.675129 2.756912 
59368.706911 2.774619 
59368.738693 2.790439 
59368.770475 2.804319 
59368.802257 2.816209 
59368.834039 2.826059 
59368.865821 2.833821 
59368.897603 2.839449 
59368.929385 2.842899 
59368.961167 2.844127 
59368.992949 2.843095 
59369.024731 2.839762 
59369.056513 2.834094 
59369.088295 2.826055 
59369.120077 2.815614 
59369.151859 2.802742 
59369.183641 2.787410 
59369.215423 2.769595 
59369.247205 2.749274 
59369.278987 2.726427 
59369.310769 2.701037 
59369.342551 2.673089 
59369.374333 2.642571 
59369.406115 2.609474 
59369.437897 2.573791 
59369.469679 2.535518 
59369.501461 2.494655 
59369.533243 2.451203 
59369.565025 2.405167 
59369.596807 2.356553 
59369.628589 2.305374 
59369.660371 2.251640 
59369.692153 2.195370 
59369.723935 2.136581 
59369.755717 2.075295 
59369.787499 2.011537 
59369.819281 1.945335 
59369.851063 1.876720 
59369.882845 1.805723 
59369.914627 1.732382 
59369.946409 1.656735 
59369.978191 1.578825 
59370.009973 1.498695 
59370.041755 1.416393 
59370.073537 1.331968 
59370.105319 1.245473 
59370.137101 1.156964 
59370.168883 1.066497 
59370.200665 0.974133 
59370.232447 0.879934 
59370.264229 0.783966 
59370.296011 0.686296 
59370.327793 0.586992 
59370.359575 0.486128 
59370.391357 0.383776 
59370.423139 0.280013 
59370.454921 0.174917 
59370.486703 0.068567 
59370.518485 -0.038955 
59370.550267 -0.147566 
59370.582049 -0.257180 
59370.613831 -0.367712 
59370.645613 -0.479074 
59370.677395 -0.591175 
59370.709177 -0.703926 
59370.740959 -0.817234 
59370.772741 -0.931007 
59370.804523 -1.045151 
59370.836305 -1.159572 
59370.868087 -1.274173 
59370.899869 -1.388859 
59370.931651 -1.503533 
59370.963433 -1.618098 
59370.995215 -1.732456 
59371.026997 -1.846510 
59371.058779 -1.960162 
59371.090561 -2.073314 
59371.122342 -2.185869 
59371.154124 -2.297729 
59371.185906 -2.408796 
59371.217688 -2.518975 
59371.249470 -2.628168 
59371.281252 -2.736281 
59371.313034 -2.843219 
59371.344816 -2.948887 
59371.376598 -3.053193 
59371.408380 -3.156045 
59371.440162 -3.257353 
59371.471944 -3.357026 
59371.503726 -3.454978 
59371.535508 -3.551122 
59371.567290 -3.645372 
59371.599072 -3.737647 
59371.630854 -3.827864 
59371.662636 -3.915944 
59371.694418 -4.001810 
59371.726200 -4.085387 
59371.757982 -4.166601 
59371.789764 -4.245381 
59371.821546 -4.321660 
59371.853328 -4.395370 
59371.885110 -4.466448 
59371.916892 -4.534833 
59371.948674 -4.600467 
59371.980456 -4.663294 
59372.012238 -4.723260 
59372.044020 -4.780316 
59372.075802 -4.834415 
59372.107584 -4.885512 
59372.139366 -4.933565 
59372.171148 -4.978537 
59372.202930 -5.020392 
59372.234712 -5.059098 
59372.266494 -5.094627 
59372.298276 -5.126952 
59372.330058 -5.156051 
59372.361840 -5.181905 
59372.393622 -5.204498 
59372.425404 -5.223817 
59372.457186 -5.239852 
59372.488968 -5.252598 
59372.520750 -5.262052 
59372.552532 -5.268214 
59372.584314 -5.271088 
59372.616096 -5.270681 
59372.647878 -5.267003 
59372.679660 -5.260069 
59372.711442 -5.249894 
59372.743224 -5.236500 
59372.775006 -5.219909 
59372.806788 -5.200148 
59372.838570 -5.177247 
59372.870352 -5.151238 
59372.902134 -5.122158 
59372.933916 -5.090044 
59372.965698 -5.054938 
59372.997480 -5.016886 
59373.029262 -4.975935 
59373.061044 -4.932135 
59373.092826 -4.885538 
59373.124608 -4.836202 
59373.156390 -4.784183 
59373.188172 -4.729543 
59373.219954 -4.672344 
59373.251736 -4.612653 
59373.283518 -4.550538 
59373.315300 -4.486067 
59373.347082 -4.419314 
59373.378864 -4.350353 
59373.410646 -4.279259 
59373.442428 -4.206110 
59373.474210 -4.130987 
59373.505992 -4.053971 
59373.537774 -3.975143 
59373.569556 -3.894590 
59373.601338 -3.812396 
59373.633120 -3.728648 
59373.664902 -3.643434 
59373.696684 -3.556844 
59373.728466 -3.468967 
59373.760248 -3.379895 
59373.792029 -3.289718 
59373.823811 -3.198529 
59373.855593 -3.106420 
59373.887375 -3.013485 
59373.919157 -2.919817 
59373.950939 -2.825509 
59373.982721 -2.730655 
59374.014503 -2.635348 
59374.046285 -2.539682 
59374.078067 -2.443750 
59374.109849 -2.347644 
59374.141631 -2.251456 
59374.173413 -2.155279 
59374.205195 -2.059203 
59374.236977 -1.963319 
59374.268759 -1.867715 
59374.300541 -1.772480 
59374.332323 -1.677702 
59374.364105 -1.583466 
59374.395887 -1.489857 
59374.427669 -1.396958 
59374.459451 -1.304853 
59374.491233 -1.213620 
59374.523015 -1.123339 
59374.554797 -1.034087 
59374.586579 -0.945939 
59374.618361 -0.858968 
59374.650143 -0.773248 
59374.681925 -0.688845 
59374.713707 -0.605830 
59374.745489 -0.524265 
59374.777271 -0.444216 
59374.809053 -0.365741 
59374.840835 -0.288901 
59374.872617 -0.213751 
59374.904399 -0.140345 
59374.936181 -0.068734 
59374.967963 0.001033 
59374.999745 0.068911 
59375.031527 0.134854 
59375.063309 0.198823 
59375.095091 0.260779 
59375.126873 0.320687 
59375.158655 0.378513 
59375.190437 0.434227 
59375.222219 0.487802 
59375.254001 0.539213 
59375.285783 0.588438 
59375.317565 0.635457 
59375.349347 0.680255 
59375.381129 0.722818 
59375.412911 0.763133 
59375.444693 0.801194 
59375.476475 0.836995 
59375.508257 0.870532 
59375.540039 0.901806 
59375.571821 0.930819 
59375.603603 0.957575 
59375.635385 0.982084 
59375.667167 1.004355 
59375.698949 1.024401 
59375.730731 1.042236 
59375.762513 1.057880 
59375.794295 1.071352 
59375.826077 1.082674 
59375.857859 1.091872 
59375.889641 1.098972 
59375.921423 1.104003 
59375.953205 1.106997 
59375.984987 1.107988 
59376.016769 1.107010 
59376.048551 1.104102 
59376.080333 1.099301 
59376.112115 1.092650 
59376.143897 1.084191 
59376.175679 1.073969 
59376.207461 1.062029 
59376.239243 1.048420 
59376.271025 1.033189 
59376.302807 1.016387 
59376.334589 0.998067 
59376.366371 0.978280 
59376.398153 0.957080 
59376.429935 0.934522 
59376.461717 0.910663 
59376.493498 0.885558 
59376.525280 0.859266 
59376.557062 0.831843 
59376.588844 0.803350 
59376.620626 0.773845 
59376.652408 0.743387 
59376.684190 0.712038 
59376.715972 0.679856 
59376.747754 0.646903 
59376.779536 0.613238 
59376.811318 0.578924 
59376.843100 0.544019 
59376.874882 0.508584 
59376.906664 0.472679 
59376.938446 0.436364 
59376.970228 0.399699 
59377.002010 0.362741 
59377.033792 0.325550 
59377.065574 0.288182 
59377.097356 0.250696 
59377.129138 0.213147 
59377.160920 0.175590 
59377.192702 0.138081 
59377.224484 0.100671 
59377.256266 0.063415 
59377.288048 0.026363 
59377.319830 -0.010434 
59377.351612 -0.046928 
59377.383394 -0.083071 
59377.415176 -0.118816 
59377.446958 -0.154118 
59377.478740 -0.188934 
59377.510522 -0.223221 
59377.542304 -0.256939 
59377.574086 -0.290048 
59377.605868 -0.322511 
59377.637650 -0.354293 
59377.669432 -0.385358 
59377.701214 -0.415674 
59377.732996 -0.445210 
59377.764778 -0.473936 
59377.796560 -0.501826 
59377.828342 -0.528854 
59377.860124 -0.554995 
59377.891906 -0.580227 
59377.923688 -0.604530 
59377.955470 -0.627885 
59377.987252 -0.650276 
59378.019034 -0.671687 
59378.050816 -0.692105 
59378.082598 -0.711519 
59378.114380 -0.729919 
59378.146162 -0.747297 
59378.177944 -0.763647 
59378.209726 -0.778964 
59378.241508 -0.793247 
59378.273290 -0.806494 
59378.305072 -0.818706 
59378.336854 -0.829885 
59378.368636 -0.840035 
59378.400418 -0.849163 
59378.432200 -0.857275 
59378.463982 -0.864380 
59378.495764 -0.870489 
59378.527546 -0.875612 
59378.559328 -0.879764 
59378.591110 -0.882960 
59378.622892 -0.885213 
59378.654674 -0.886543 
59378.686456 -0.886968 
59378.718238 -0.886507 
59378.750020 -0.885181 
59378.781802 -0.883011 
59378.813584 -0.880022 
59378.845366 -0.876237 
59378.877148 -0.871680 
59378.908930 -0.866379 
59378.940712 -0.860358 
59378.972494 -0.853646 
59379.004276 -0.846272 
59379.036058 -0.838262 
59379.067840 -0.829648 
59379.099622 -0.820459 
59379.131404 -0.810725 
59379.163186 -0.800478 
59379.194967 -0.789748 
59379.226749 -0.778568 
59379.258531 -0.766968 
59379.290313 -0.754981 
59379.322095 -0.742639 
59379.353877 -0.729974 
59379.385659 -0.717018 
59379.417441 -0.703804 
59379.449223 -0.690364 
59379.481005 -0.676729 
59379.512787 -0.662932 
59379.544569 -0.649003 
59379.576351 -0.634974 
59379.608133 -0.620876 
59379.639915 -0.606739 
59379.671697 -0.592593 
59379.703479 -0.578467 
59379.735261 -0.564391 
59379.767043 -0.550392 
59379.798825 -0.536498 
59379.830607 -0.522736 
59379.862389 -0.509132 
59379.894171 -0.495713 
59379.925953 -0.482501 
59379.957735 -0.469522 
59379.989517 -0.456798 
59380.021299 -0.444351 
59380.053081 -0.432203 
59380.084863 -0.420372 
59380.116645 -0.408880 
59380.148427 -0.397744 
59380.180209 -0.386980 
59380.211991 -0.376606 
59380.243773 -0.366636 
59380.275555 -0.357085 
59380.307337 -0.347964 
59380.339119 -0.339287 
59380.370901 -0.331064 
59380.402683 -0.323303 
59380.434465 -0.316015 
59380.466247 -0.309206 
59380.498029 -0.302883 
59380.529811 -0.297050 
59380.561593 -0.291713 
59380.593375 -0.286873 
59380.625157 -0.282532 
59380.656939 -0.278692 
59380.688721 -0.275352 
59380.720503 -0.272511 
59380.752285 -0.270166 
59380.784067 -0.268314 
59380.815849 -0.266951 
59380.847631 -0.266070 
59380.879413 -0.265667 
59380.911195 -0.265732 
59380.942977 -0.266260 
59380.974759 -0.267239 
59381.006541 -0.268661 
59381.038323 -0.270514 
59381.070105 -0.272787 
59381.101887 -0.275468 
59381.133669 -0.278543 
59381.165451 -0.282000 
59381.197233 -0.285823 
59381.229015 -0.289999 
59381.260797 -0.294510 
59381.292579 -0.299342 
59381.324361 -0.304477 
59381.356143 -0.309899 
59381.387925 -0.315591 
59381.419707 -0.321534 
59381.451489 -0.327711 
59381.483271 -0.334103 
59381.515053 -0.340692 
59381.546835 -0.347459 
59381.578617 -0.354385 
59381.610399 -0.361451 
59381.642181 -0.368638 
59381.673963 -0.375927 
59381.705745 -0.383298 
59381.737527 -0.390734 
59381.769309 -0.398214 
59381.801091 -0.405721 
59381.832873 -0.413236 
59381.864655 -0.420740 
59381.896436 -0.428215 
59381.928218 -0.435644 
59381.960000 -0.443009 
59381.991782 -0.450294 
59382.023564 -0.457482 
59382.055346 -0.464557 
59382.087128 -0.471504 
59382.118910 -0.478306 
59382.150692 -0.484951 
59382.182474 -0.491424 
59382.214256 -0.497711 
59382.246038 -0.503802 
59382.277820 -0.509682 
59382.309602 -0.515342 
59382.341384 -0.520771 
59382.373166 -0.525959 
59382.404948 -0.530898 
59382.436730 -0.535579 
59382.468512 -0.539995 
59382.500294 -0.544140 
59382.532076 -0.548008 
59382.563858 -0.551594 
59382.595640 -0.554895 
59382.627422 -0.557907 
59382.659204 -0.560629 
59382.690986 -0.563058 
59382.722768 -0.565196 
59382.754550 -0.567042 
59382.786332 -0.568598 
59382.818114 -0.569866 
59382.849896 -0.570849 
59382.881678 -0.571552 
59382.913460 -0.571980 
59382.945242 -0.572138 
59382.977024 -0.572033 
59383.008806 -0.571673 
59383.040588 -0.571066 
59383.072370 -0.570221 
59383.104152 -0.569148 
59383.135934 -0.567859 
59383.167716 -0.566363 
59383.199498 -0.564675 
59383.231280 -0.562806 
59383.263062 -0.560771 
59383.294844 -0.558583 
59383.326626 -0.556257 
59383.358408 -0.553809 
59383.390190 -0.551255 
59383.421972 -0.548612 
59383.453754 -0.545896 
59383.485536 -0.543125 
59383.517318 -0.540317 
59383.549100 -0.537490 
59383.580882 -0.534663 
59383.612664 -0.531855 
59383.644446 -0.529084 
59383.676228 -0.526372 
59383.708010 -0.523737 
59383.739792 -0.521199 
59383.771574 -0.518778 
59383.803356 -0.516494 
59383.835138 -0.514367 
59383.866920 -0.512416 
59383.898702 -0.510663 
59383.930484 -0.509127 
59383.962266 -0.507827 
59383.994048 -0.506784 
59384.025830 -0.506015 
59384.057612 -0.505541 
59384.089394 -0.505380 
59384.121176 -0.505550 
59384.152958 -0.506069 
59384.184740 -0.506955 
59384.216522 -0.508225 
59384.248304 -0.509895 
59384.280086 -0.511981 
59384.311868 -0.514498 
59384.343650 -0.517462 
59384.375432 -0.520886 
59384.407214 -0.524784 
59384.438996 -0.529169 
59384.470778 -0.534051 
59384.502560 -0.539442 
59384.534342 -0.545353 
59384.566124 -0.551793 
59384.597905 -0.558770 
59384.629687 -0.566292 
59384.661469 -0.574366 
59384.693251 -0.582997 
59384.725033 -0.592190 
59384.756815 -0.601949 
59384.788597 -0.612276 
59384.820379 -0.623173 
59384.852161 -0.634641 
59384.883943 -0.646680 
59384.915725 -0.659287 
59384.947507 -0.672461 
59384.979289 -0.686198 
59385.011071 -0.700493 
59385.042853 -0.715340 
59385.074635 -0.730732 
59385.106417 -0.746662 
59385.138199 -0.763120 
59385.169981 -0.780097 
59385.201763 -0.797580 
59385.233545 -0.815559 
59385.265327 -0.834018 
59385.297109 -0.852945 
59385.328891 -0.872324 
59385.360673 -0.892137 
59385.392455 -0.912369 
59385.424237 -0.933000 
59385.456019 -0.954011 
59385.487801 -0.975383 
59385.519583 -0.997093 
59385.551365 -1.019120 
59385.583147 -1.041440 
59385.614929 -1.064032 
59385.646711 -1.086868 
59385.678493 -1.109926 
59385.710275 -1.133178 
59385.742057 -1.156598 
59385.773839 -1.180159 
59385.805621 -1.203833 
59385.837403 -1.227592 
59385.869185 -1.251407 
59385.900967 -1.275247 
59385.932749 -1.299085 
59385.964531 -1.322888 
59385.996313 -1.346628 
59386.028095 -1.370272 
59386.059877 -1.393790 
59386.091659 -1.417151 
59386.123441 -1.440323 
59386.155223 -1.463274 
59386.187005 -1.485974 
59386.218787 -1.508390 
59386.250569 -1.530491 
59386.282351 -1.552245 
59386.314133 -1.573622 
59386.345915 -1.594591 
59386.377697 -1.615119 
59386.409479 -1.635178 
59386.441261 -1.654736 
59386.473043 -1.673765 
59386.504825 -1.692234 
59386.536607 -1.710115 
59386.568389 -1.727381 
59386.600171 -1.744002 
59386.631953 -1.759953 
59386.663735 -1.775206 
59386.695517 -1.789738 
59386.727299 -1.803522 
59386.759081 -1.816535 
59386.790863 -1.828754 
59386.822645 -1.840156 
59386.854427 -1.850722 
59386.886209 -1.860430 
59386.917991 -1.869261 
59386.949773 -1.877198 
59386.981555 -1.884224 
59387.013337 -1.890322 
59387.045119 -1.895479 
59387.076901 -1.899680 
59387.108683 -1.902914 
59387.140465 -1.905170 
59387.172247 -1.906438 
59387.204029 -1.906710 
59387.235811 -1.905979 
59387.267593 -1.904239 
59387.299374 -1.901487 
59387.331156 -1.897718 
59387.362938 -1.892932 
59387.394720 -1.887129 
59387.426502 -1.880310 
59387.458284 -1.872477 
59387.490066 -1.863635 
59387.521848 -1.853789 
59387.553630 -1.842947 
59387.585412 -1.831116 
59387.617194 -1.818307 
59387.648976 -1.804531 
59387.680758 -1.789801 
59387.712540 -1.774130 
59387.744322 -1.757533 
59387.776104 -1.740029 
59387.807886 -1.721634 
59387.839668 -1.702369 
59387.871450 -1.682253 
59387.903232 -1.661309 
59387.935014 -1.639560 
59387.966796 -1.617031 
59387.998578 -1.593747 
59388.030360 -1.569735 
59388.062142 -1.545023 
59388.093924 -1.519639 
59388.125706 -1.493615 
59388.157488 -1.466980 
59388.189270 -1.439767 
59388.221052 -1.412009 
59388.252834 -1.383740 
59388.284616 -1.354994 
59388.316398 -1.325806 
59388.348180 -1.296213 
59388.379962 -1.266252 
59388.411744 -1.235959 
59388.443526 -1.205374 
59388.475308 -1.174534 
59388.507090 -1.143478 
59388.538872 -1.112246 
59388.570654 -1.080878 
59388.602436 -1.049414 
59388.634218 -1.017893 
59388.666000 -0.986357 
59388.697782 -0.954845 
59388.729564 -0.923400 
59388.761346 -0.892060 
59388.793128 -0.860867 
59388.824910 -0.829861 
59388.856692 -0.799082 
59388.888474 -0.768571 
59388.920256 -0.738367 
59388.952038 -0.708508 
59388.983820 -0.679035 
59389.015602 -0.649986 
59389.047384 -0.621398 
59389.079166 -0.593308 
59389.110948 -0.565753 
59389.142730 -0.538769 
59389.174512 -0.512391 
59389.206294 -0.486653 
59389.238076 -0.461589 
59389.269858 -0.437231 
59389.301640 -0.413609 
59389.333422 -0.390755 
59389.365204 -0.368698 
59389.396986 -0.347466 
59389.428768 -0.327085 
59389.460550 -0.307582 
59389.492332 -0.288981 
59389.524114 -0.271304 
59389.555896 -0.254574 
59389.587678 -0.238811 
59389.619460 -0.224034 
59389.651242 -0.210260 
59389.683024 -0.197505 
59389.714806 -0.185783 
59389.746588 -0.175108 
59389.778370 -0.165490 
59389.810152 -0.156940 
59389.841934 -0.149465 
59389.873716 -0.143071 
59389.905498 -0.137764 
59389.937280 -0.133546 
59389.969061 -0.130420 
59390.000843 -0.128383 
59390.032625 -0.127435 
59390.064407 -0.127572 
59390.096189 -0.128789 
59390.127971 -0.131077 
59390.159753 -0.134429 
59390.191535 -0.138834 
59390.223317 -0.144280 
59390.255099 -0.150753 
59390.286881 -0.158237 
59390.318663 -0.166715 
59390.350445 -0.176169 
59390.382227 -0.186579 
59390.414009 -0.197921 
59390.445791 -0.210173 
59390.477573 -0.223310 
59390.509355 -0.237305 
59390.541137 -0.252130 
59390.572919 -0.267756 
59390.604701 -0.284152 
59390.636483 -0.301286 
59390.668265 -0.319125 
59390.700047 -0.337634 
59390.731829 -0.356776 
59390.763611 -0.376516 
59390.795393 -0.396814 
59390.827175 -0.417632 
59390.858957 -0.438929 
59390.890739 -0.460664 
59390.922521 -0.482794 
59390.954303 -0.505278 
59390.986085 -0.528071 
59391.017867 -0.551128 
59391.049649 -0.574405 
59391.081431 -0.597856 
59391.113213 -0.621434 
59391.144995 -0.645093 
59391.176777 -0.668785 
59391.208559 -0.692463 
59391.240341 -0.716079 
59391.272123 -0.739585 
59391.303905 -0.762934 
59391.335687 -0.786076 
59391.367469 -0.808963 
59391.399251 -0.831548 
59391.431033 -0.853782 
59391.462815 -0.875617 
59391.494597 -0.897006 
59391.526379 -0.917902 
59391.558161 -0.938258 
59391.589943 -0.958027 
59391.621725 -0.977164 
59391.653507 -0.995623 
59391.685289 -1.013360 
59391.717071 -1.030331 
59391.748853 -1.046493 
59391.780635 -1.061805 
59391.812417 -1.076224 
59391.844199 -1.089711 
59391.875981 -1.102226 
59391.907763 -1.113732 
59391.939545 -1.124192 
59391.971327 -1.133569 
59392.003109 -1.141831 
59392.034891 -1.148943 
59392.066673 -1.154873 
59392.098455 -1.159593 
59392.130237 -1.163072 
59392.162019 -1.165285 
59392.193801 -1.166204 
59392.225583 -1.165806 
59392.257365 -1.164069 
59392.289147 -1.160971 
59392.320929 -1.156495 
59392.352711 -1.150622 
59392.384493 -1.143336 
59392.416275 -1.134625 
59392.448057 -1.124477 
59392.479839 -1.112880 
59392.511621 -1.099828 
59392.543403 -1.085313 
59392.575185 -1.069332 
59392.606967 -1.051881 
59392.638749 -1.032961 
59392.670530 -1.012573 
59392.702312 -0.990719 
59392.734094 -0.967405 
59392.765876 -0.942639 
59392.797658 -0.916428 
59392.829440 -0.888785 
59392.861222 -0.859722 
59392.893004 -0.829253 
59392.924786 -0.797396 
59392.956568 -0.764169 
59392.988350 -0.729592 
59393.020132 -0.693687 
59393.051914 -0.656479 
59393.083696 -0.617993 
59393.115478 -0.578256 
59393.147260 -0.537298 
59393.179042 -0.495150 
59393.210824 -0.451843 
59393.242606 -0.407412 
59393.274388 -0.361893 
59393.306170 -0.315323 
59393.337952 -0.267739 
59393.369734 -0.219183 
59393.401516 -0.169696 
59393.433298 -0.119320 
59393.465080 -0.068099 
59393.496862 -0.016078 
59393.528644 0.036696 
59393.560426 0.090177 
59393.592208 0.144315 
59393.623990 0.199061 
59393.655772 0.254366 
59393.687554 0.310177 
59393.719336 0.366444 
59393.751118 0.423114 
59393.782900 0.480132 
59393.814682 0.537447 
59393.846464 0.595002 
59393.878246 0.652744 
59393.910028 0.710618 
59393.941810 0.768567 
59393.973592 0.826537 
59394.005374 0.884472 
59394.037156 0.942315 
59394.068938 1.000012 
59394.100720 1.057505 
59394.132502 1.114740 
59394.164284 1.171661 
59394.196066 1.228213 
59394.227848 1.284340 
59394.259630 1.339989 
59394.291412 1.395106 
59394.323194 1.449637 
59394.354976 1.503530 
59394.386758 1.556731 
59394.418540 1.609191 
59394.450322 1.660858 
59394.482104 1.711683 
59394.513886 1.761617 
59394.545668 1.810613 
59394.577450 1.858624 
59394.609232 1.905603 
59394.641014 1.951508 
59394.672796 1.996295 
59394.704578 2.039922 
59394.736360 2.082349 
59394.768142 2.123536 
59394.799924 2.163447 
59394.831706 2.202044 
59394.863488 2.239293 
59394.895270 2.275161 
59394.927052 2.309618 
59394.958834 2.342632 
59394.990616 2.374175 
59395.022398 2.404222 
59395.054180 2.432748 
59395.085962 2.459729 
59395.117744 2.485145 
59395.149526 2.508976 
59395.181308 2.531205 
59395.213090 2.551816 
59395.244872 2.570795 
59395.276654 2.588130 
59395.308436 2.603812 
59395.340218 2.617832 
59395.371999 2.630185 
59395.403781 2.640865 
59395.435563 2.649870 
59395.467345 2.657201 
59395.499127 2.662857 
59395.530909 2.666843 
59395.562691 2.669164 
59395.594473 2.669827 
59395.626255 2.668840 
59395.658037 2.666215 
59395.689819 2.661963 
59395.721601 2.656100 
59395.753383 2.648641 
59395.785165 2.639604 
59395.816947 2.629008 
59395.848729 2.616876 
59395.880511 2.603228 
59395.912293 2.588091 
59395.944075 2.571490 
59395.975857 2.553452 
59396.007639 2.534006 
59396.039421 2.513184 
59396.071203 2.491016 
59396.102985 2.467537 
59396.134767 2.442779 
59396.166549 2.416780 
59396.198331 2.389576 
59396.230113 2.361206 
59396.261895 2.331707 
59396.293677 2.301121 
59396.325459 2.269489 
59396.357241 2.236853 
59396.389023 2.203256 
59396.420805 2.168741 
59396.452587 2.133353 
59396.484369 2.097137 
59396.516151 2.060139 
59396.547933 2.022406 
59396.579715 1.983983 
59396.611497 1.944919 
59396.643279 1.905260 
59396.675061 1.865056 
59396.706843 1.824353 
59396.738625 1.783201 
59396.770407 1.741647 
59396.802189 1.699740 
59396.833971 1.657529 
59396.865753 1.615061 
59396.897535 1.572385 
59396.929317 1.529549 
59396.961099 1.486601 
59396.992881 1.443587 
59397.024663 1.400555 
59397.056445 1.357552 
59397.088227 1.314623 
59397.120009 1.271814 
59397.151791 1.229169 
59397.183573 1.186733 
59397.215355 1.144549 
59397.247137 1.102659 
59397.278919 1.061106 
59397.310701 1.019930 
59397.342483 0.979171 
59397.374265 0.938869 
59397.406047 0.899060 
59397.437829 0.859783 
59397.469611 0.821072 
59397.501393 0.782963 
59397.533175 0.745488 
59397.564957 0.708680 
59397.596739 0.672571 
59397.628521 0.637189 
59397.660303 0.602563 
59397.692085 0.568720 
59397.723867 0.535686 
59397.755649 0.503484 
59397.787431 0.472139 
59397.819213 0.441671 
59397.850995 0.412100 
59397.882777 0.383445 
59397.914559 0.355723 
59397.946341 0.328950 
59397.978123 0.303139 
59398.009905 0.278304 
59398.041687 0.254455 
59398.073468 0.231601 
59398.105250 0.209752 
59398.137032 0.188914 
59398.168814 0.169091 
59398.200596 0.150288 
59398.232378 0.132507 
59398.264160 0.115749 
59398.295942 0.100012 
59398.327724 0.085294 
59398.359506 0.071593 
59398.391288 0.058903 
59398.423070 0.047218 
59398.454852 0.036529 
59398.486634 0.026829 
59398.518416 0.018107 
59398.550198 0.010352 
59398.581980 0.003550 
59398.613762 -0.002312 
59398.645544 -0.007250 
59398.677326 -0.011280 
59398.709108 -0.014419 
59398.740890 -0.016685 
59398.772672 -0.018098 
59398.804454 -0.018679 
59398.836236 -0.018449 
59398.868018 -0.017429 
59398.899800 -0.015644 
59398.931582 -0.013117 
59398.963364 -0.009873 
59398.995146 -0.005937 
59399.026928 -0.001336 
59399.058710 0.003905 
59399.090492 0.009757 
59399.122274 0.016193 
59399.154056 0.023185 
59399.185838 0.030703 
59399.217620 0.038719 
59399.249402 0.047204 
59399.281184 0.056128 
59399.312966 0.065460 
59399.344748 0.075170 
59399.376530 0.085229 
59399.408312 0.095607 
59399.440094 0.106271 
59399.471876 0.117194 
59399.503658 0.128343 
59399.535440 0.139689 
59399.567222 0.151202 
59399.599004 0.162852 
59399.630786 0.174609 
59399.662568 0.186445 
59399.694350 0.198329 
59399.726132 0.210235 
59399.757914 0.222133 
59399.789696 0.233995 
59399.821478 0.245796 
59399.853260 0.257507 
59399.885042 0.269104 
59399.916824 0.280560 
59399.948606 0.291850 
59399.980388 0.302951 
59400.012170 0.313840 
59400.043952 0.324492 
59400.075734 0.334888 
59400.107516 0.345005 
59400.139298 0.354823 
59400.171080 0.364323 
59400.202862 0.373486 
59400.234644 0.382295 
59400.266426 0.390732 
59400.298208 0.398783 
59400.329990 0.406432 
59400.361772 0.413665 
59400.393554 0.420469 
59400.425336 0.426833 
59400.457118 0.432745 
59400.488900 0.438196 
59400.520682 0.443176 
59400.552464 0.447678 
59400.584246 0.451695 
59400.616028 0.455220 
59400.647810 0.458249 
59400.679592 0.460778 
59400.711374 0.462803 
59400.743156 0.464324 
59400.774937 0.465340 
59400.806719 0.465849 
59400.838501 0.465854 
59400.870283 0.465356 
59400.902065 0.464358 
59400.933847 0.462864 
59400.965629 0.460879 
59400.997411 0.458409 
59401.029193 0.455460 
59401.060975 0.452039 
59401.092757 0.448155 
59401.124539 0.443816 
59401.156321 0.439033 
59401.188103 0.433815 
59401.219885 0.428175 
59401.251667 0.422125 
59401.283449 0.415675 
59401.315231 0.408842 
59401.347013 0.401637 
59401.378795 0.394075 
59401.410577 0.386172 
59401.442359 0.377943 
59401.474141 0.369403 
59401.505923 0.360571 
59401.537705 0.351461 
59401.569487 0.342092 
59401.601269 0.332481 
59401.633051 0.322645 
59401.664833 0.312604 
59401.696615 0.302375 
59401.728397 0.291978 
59401.760179 0.281430 
59401.791961 0.270750 
59401.823743 0.259958 
59401.855525 0.249073 
59401.887307 0.238113 
59401.919089 0.227098 
59401.950871 0.216046 
59401.982653 0.204977 
59402.014435 0.193909 
59402.046217 0.182860 
59402.077999 0.171850 
59402.109781 0.160897 
59402.141563 0.150017 
59402.173345 0.139230 
59402.205127 0.128552 
59402.236909 0.118000 
59402.268691 0.107592 
59402.300473 0.097343 
59402.332255 0.087269 
59402.364037 0.077386 
59402.395819 0.067708 
59402.427601 0.058250 
59402.459383 0.049026 
59402.491165 0.040049 
59402.522947 0.031333 
59402.554729 0.022888 
59402.586511 0.014728 
59402.618293 0.006862 
59402.650075 -0.000697 
59402.681857 -0.007942 
59402.713639 -0.014863 
59402.745421 -0.021450 
59402.777203 -0.027697 
59402.808985 -0.033597 
59402.840767 -0.039142 
59402.872549 -0.044327 
59402.904331 -0.049148 
59402.936113 -0.053599 
59402.967895 -0.057677 
59402.999677 -0.061380 
59403.031459 -0.064705 
59403.063241 -0.067650 
59403.095023 -0.070215 
59403.126805 -0.072400 
59403.158587 -0.074205 
59403.190369 -0.075631 
59403.222151 -0.076681 
59403.253933 -0.077357 
59403.285715 -0.077662 
59403.317497 -0.077600 
59403.349279 -0.077176 
59403.381061 -0.076395 
59403.412843 -0.075262 
59403.444624 -0.073784 
59403.476406 -0.071968 
59403.508188 -0.069821 
59403.539970 -0.067351 
59403.571752 -0.064567 
59403.603534 -0.061478 
59403.635316 -0.058093 
59403.667098 -0.054422 
59403.698880 -0.050475 
59403.730662 -0.046264 
59403.762444 -0.041799 
59403.794226 -0.037091 
59403.826008 -0.032153 
59403.857790 -0.026997 
59403.889572 -0.021635 
59403.921354 -0.016080 
59403.953136 -0.010345 
59403.984918 -0.004442 
59404.016700 0.001614 
59404.048482 0.007811 
59404.080264 0.014134 
59404.112046 0.020571 
59404.143828 0.027106 
59404.175610 0.033727 
59404.207392 0.040420 
59404.239174 0.047170 
59404.270956 0.053964 
59404.302738 0.060788 
59404.334520 0.067628 
59404.366302 0.074471 
59404.398084 0.081303 
59404.429866 0.088110 
59404.461648 0.094880 
59404.493430 0.101599 
59404.525212 0.108255 
59404.556994 0.114834 
59404.588776 0.121325 
59404.620558 0.127716 
59404.652340 0.133994 
59404.684122 0.140148 
59404.715904 0.146166 
59404.747686 0.152039 
59404.779468 0.157755 
59404.811250 0.163303 
59404.843032 0.168675 
59404.874814 0.173861 
59404.906596 0.178852 
59404.938378 0.183639 
59404.970160 0.188213 
59405.001942 0.192568 
59405.033724 0.196695 
59405.065506 0.200587 
59405.097288 0.204239 
59405.129070 0.207644 
59405.160852 0.210796 
59405.192634 0.213690 
59405.224416 0.216322 
59405.256198 0.218686 
59405.287980 0.220780 
59405.319762 0.222600 
59405.351544 0.224142 
59405.383326 0.225404 
59405.415108 0.226384 
59405.446890 0.227081 
59405.478672 0.227492 
59405.510454 0.227618 
59405.542236 0.227457 
59405.574018 0.227009 
59405.605800 0.226275 
59405.637582 0.225256 
59405.669364 0.223951 
59405.701146 0.222363 
59405.732928 0.220493 
59405.764710 0.218343 
59405.796492 0.215916 
59405.828274 0.213213 
59405.860056 0.210237 
59405.891838 0.206993 
59405.923620 0.203482 
59405.955402 0.199708 
59405.987184 0.195676 
59406.018966 0.191388 
59406.050748 0.186849 
59406.082530 0.182063 
59406.114312 0.177034 
59406.146093 0.171766 
59406.177875 0.166265 
59406.209657 0.160534 
59406.241439 0.154579 
59406.273221 0.148403 
59406.305003 0.142011 
59406.336785 0.135409 
59406.368567 0.128600 
59406.400349 0.121590 
59406.432131 0.114382 
59406.463913 0.106981 
59406.495695 0.099391 
59406.527477 0.091618 
59406.559259 0.083664 
59406.591041 0.075534 
59406.622823 0.067232 
59406.654605 0.058761 
59406.686387 0.050125 
59406.718169 0.041327 
59406.749951 0.032370 
59406.781733 0.023257 
59406.813515 0.013991 
59406.845297 0.004575 
59406.877079 -0.004990 
59406.908861 -0.014701 
59406.940643 -0.024557 
59406.972425 -0.034557 
59407.004207 -0.044698 
59407.035989 -0.054981 
59407.067771 -0.065403 
59407.099553 -0.075966 
59407.131335 -0.086669 
59407.163117 -0.097511 
59407.194899 -0.108494 
59407.226681 -0.119618 
59407.258463 -0.130883 
59407.290245 -0.142291 
59407.322027 -0.153843 
59407.353809 -0.165541 
59407.385591 -0.177386 
59407.417373 -0.189381 
59407.449155 -0.201528 
59407.480937 -0.213828 
59407.512719 -0.226286 
59407.544501 -0.238903 
59407.576283 -0.251682 
59407.608065 -0.264627 
59407.639847 -0.277741 
59407.671629 -0.291026 
59407.703411 -0.304486 
59407.735193 -0.318125 
59407.766975 -0.331946 
59407.798757 -0.345952 
59407.830539 -0.360147 
59407.862321 -0.374534 
59407.894103 -0.389117 
59407.925885 -0.403898 
59407.957667 -0.418882 
59407.989449 -0.434070 
59408.021231 -0.449466 
59408.053013 -0.465073 
59408.084795 -0.480893 
59408.116577 -0.496928 
59408.148359 -0.513181 
59408.180141 -0.529652 
59408.211923 -0.546345 
59408.243705 -0.563259 
59408.275487 -0.580395 
59408.307269 -0.597754 
59408.339051 -0.615335 
59408.370833 -0.633138 
59408.402615 -0.651163 
59408.434397 -0.669406 
59408.466179 -0.687867 
59408.497961 -0.706542 
59408.529743 -0.725429 
59408.561525 -0.744523 
59408.593307 -0.763820 
59408.625089 -0.783316 
59408.656871 -0.803003 
59408.688653 -0.822876 
59408.720435 -0.842928 
59408.752217 -0.863149 
59408.783999 -0.883533 
59408.815781 -0.904068 
59408.847562 -0.924746 
59408.879344 -0.945554 
59408.911126 -0.966480 
59408.942908 -0.987513 
59408.974690 -1.008638 
59409.006472 -1.029840 
59409.038254 -1.051105 
59409.070036 -1.072415 
59409.101818 -1.093754 
59409.133600 -1.115104 
59409.165382 -1.136445 
59409.197164 -1.157758 
59409.228946 -1.179021 
59409.260728 -1.200214 
59409.292510 -1.221313 
59409.324292 -1.242295 
59409.356074 -1.263136 
59409.387856 -1.283810 
59409.419638 -1.304290 
59409.451420 -1.324551 
59409.483202 -1.344564 
59409.514984 -1.364301 
59409.546766 -1.383731 
59409.578548 -1.402825 
59409.610330 -1.421551 
59409.642112 -1.439878 
59409.673894 -1.457774 
59409.705676 -1.475204 
59409.737458 -1.492134 
59409.769240 -1.508532 
59409.801022 -1.524360 
59409.832804 -1.539584 
59409.864586 -1.554166 
59409.896368 -1.568071 
59409.928150 -1.581261 
59409.959932 -1.593698 
59409.991714 -1.605345 
59410.023496 -1.616162 
59410.055278 -1.626111 
59410.087060 -1.635153 
59410.118842 -1.643249 
59410.150624 -1.650359 
59410.182406 -1.656445 
59410.214188 -1.661466 
59410.245970 -1.665384 
59410.277752 -1.668158 
59410.309534 -1.669749 
59410.341316 -1.670119 
59410.373098 -1.669228 
59410.404880 -1.667037 
59410.436662 -1.663509 
59410.468444 -1.658605 
59410.500226 -1.652288 
59410.532008 -1.644521 
59410.563790 -1.635268 
59410.595572 -1.624492 
59410.627354 -1.612159 
59410.659136 -1.598234 
59410.690918 -1.582683 
59410.722700 -1.565475 
59410.754482 -1.546578 
59410.786264 -1.525960 
59410.818046 -1.503591 
59410.849828 -1.479445 
59410.881610 -1.453492 
59410.913392 -1.425707 
59410.945174 -1.396065 
59410.976956 -1.364543 
59411.008738 -1.331117 
59411.040520 -1.295768 
59411.072302 -1.258476 
59411.104084 -1.219224 
59411.135866 -1.177995 
59411.167648 -1.134775 
59411.199430 -1.089551 
59411.231212 -1.042313 
59411.262994 -0.993050 
59411.294776 -0.941756 
59411.326558 -0.888425 
59411.358340 -0.833053 
59411.390122 -0.775639 
59411.421904 -0.716183 
59411.453686 -0.654688 
59411.485468 -0.591157 
59411.517250 -0.525597 
59411.549031 -0.458017 
59411.580813 -0.388427 
59411.612595 -0.316840 
59411.644377 -0.243270 
59411.676159 -0.167735 
59411.707941 -0.090255 
59411.739723 -0.010850 
59411.771505 0.070457 
59411.803287 0.153638 
59411.835069 0.238666 
59411.866851 0.325512 
59411.898633 0.414142 
59411.930415 0.504522 
59411.962197 0.596615 
59411.993979 0.690382 
59412.025761 0.785783 
59412.057543 0.882773 
59412.089325 0.981308 
59412.121107 1.081341 
59412.152889 1.182821 
59412.184671 1.285698 
59412.216453 1.389918 
59412.248235 1.495425 
59412.280017 1.602163 
59412.311799 1.710072 
59412.343581 1.819091 
59412.375363 1.929157 
59412.407145 2.040206 
59412.438927 2.152171 
59412.470709 2.264985 
59412.502491 2.378579 
59412.534273 2.492881 
59412.566055 2.607819 
59412.597837 2.723320 
59412.629619 2.839309 
59412.661401 2.955709 
59412.693183 3.072443 
59412.724965 3.189432 
59412.756747 3.306598 
59412.788529 3.423860 
59412.820311 3.541136 
59412.852093 3.658344 
59412.883875 3.775403 
59412.915657 3.892228 
59412.947439 4.008735 
59412.979221 4.124842 
59413.011003 4.240462 
59413.042785 4.355511 
59413.074567 4.469905 
59413.106349 4.583558 
59413.138131 4.696385 
59413.169913 4.808302 
59413.201695 4.919223 
59413.233477 5.029064 
59413.265259 5.137742 
59413.297041 5.245173 
59413.328823 5.351273 
59413.360605 5.455962 
59413.392387 5.559156 
59413.424169 5.660777 
59413.455951 5.760744 
59413.487733 5.858979 
59413.519515 5.955404 
59413.551297 6.049943 
59413.583079 6.142522 
59413.614861 6.233067 
59413.646643 6.321505 
59413.678425 6.407768 
59413.710207 6.491785 
59413.741989 6.573491 
59413.773771 6.652819 
59413.805553 6.729708 
59413.837335 6.804095 
59413.869117 6.875922 
59413.900899 6.945131 
59413.932681 7.011667 
59413.964463 7.075479 
59413.996245 7.136516 
59414.028027 7.194730 
59414.059809 7.250075 
59414.091591 7.302509 
59414.123373 7.351992 
59414.155155 7.398485 
59414.186937 7.441954 
59414.218719 7.482367 
59414.250500 7.519693 
59414.282282 7.553906 
59414.314064 7.584982 
59414.345846 7.612900 
59414.377628 7.637641 
59414.409410 7.659190 
59414.441192 7.677535 
59414.472974 7.692666 
59414.504756 7.704577 
59414.536538 7.713263 
59414.568320 7.718724 
59414.600102 7.720963 
59414.631884 7.719984 
59414.663666 7.715797 
59414.695448 7.708411 
59414.727230 7.697842 
59414.759012 7.684105 
59414.790794 7.667222 
59414.822576 7.647215 
59414.854358 7.624110 
59414.886140 7.597934 
59414.917922 7.568720 
59414.949704 7.536501 
59414.981486 7.501315 
59415.013268 7.463200 
59415.045050 7.422199 
59415.076832 7.378356 
59415.108614 7.331718 
59415.140396 7.282334 
59415.172178 7.230258 
59415.203960 7.175543 
59415.235742 7.118245 
59415.267524 7.058424 
59415.299306 6.996140 
59415.331088 6.931456 
59415.362870 6.864437 
59415.394652 6.795151 
59415.426434 6.723664 
59415.458216 6.650049 
59415.489998 6.574376 
59415.521780 6.496719 
59415.553562 6.417154 
59415.585344 6.335757 
59415.617126 6.252605 
59415.648908 6.167777 
59415.680690 6.081354 
59415.712472 5.993415 
59415.744254 5.904044 
59415.776036 5.813322 
59415.807818 5.721332 
59415.839600 5.628160 
59415.871382 5.533889 
59415.903164 5.438604 
59415.934946 5.342390 
59415.966728 5.245333 
59415.998510 5.147517 
59416.030292 5.049029 
59416.062074 4.949953 
59416.093856 4.850375 
59416.125638 4.750379 
59416.157420 4.650050 
59416.189202 4.549471 
59416.220984 4.448726 
59416.252766 4.347898 
59416.284548 4.247067 
59416.316330 4.146315 
59416.348112 4.045722 
59416.379894 3.945366 
59416.411676 3.845325 
59416.443458 3.745676 
59416.475240 3.646494 
59416.507022 3.547851 
59416.538804 3.449822 
59416.570586 3.352475 
59416.602368 3.255880 
59416.634150 3.160104 
59416.665932 3.065212 
59416.697714 2.971269 
59416.729496 2.878336 
59416.761278 2.786473 
59416.793060 2.695736 
59416.824842 2.606183 
59416.856624 2.517866 
59416.888406 2.430837 
59416.920188 2.345145 
59416.951969 2.260836 
59416.983751 2.177955 
59417.015533 2.096544 
59417.047315 2.016643 
59417.079097 1.938290 
59417.110879 1.861518 
59417.142661 1.786361 
59417.174443 1.712849 
59417.206225 1.641009 
59417.238007 1.570866 
59417.269789 1.502443 
59417.301571 1.435759 
59417.333353 1.370834 
59417.365135 1.307680 
59417.396917 1.246313 
59417.428699 1.186740 
59417.460481 1.128970 
59417.492263 1.073009 
59417.524045 1.018859 
59417.555827 0.966521 
59417.587609 0.915992 
59417.619391 0.867269 
59417.651173 0.820345 
59417.682955 0.775212 
59417.714737 0.731858 
59417.746519 0.690270 
59417.778301 0.650434 
59417.810083 0.612332 
59417.841865 0.575945 
59417.873647 0.541251 
59417.905429 0.508227 
59417.937211 0.476850 
59417.968993 0.447091 
59418.000775 0.418922 
59418.032557 0.392314 
59418.064339 0.367235 
59418.096121 0.343652 
59418.127903 0.321530 
59418.159685 0.300833 
59418.191467 0.281525 
59418.223249 0.263567 
59418.255031 0.246920 
59418.286813 0.231542 
59418.318595 0.217394 
59418.350377 0.204432 
59418.382159 0.192614 
59418.413941 0.181896 
59418.445723 0.172233 
59418.477505 0.163580 
59418.509287 0.155893 
59418.541069 0.149126 
59418.572851 0.143232 
59418.604633 0.138165 
59418.636415 0.133879 
59418.668197 0.130328 
59418.699979 0.127465 
59418.731761 0.125245 
59418.763543 0.123620 
59418.795325 0.122546 
59418.827107 0.121978 
59418.858889 0.121869 
59418.890671 0.122177 
59418.922453 0.122857 
59418.954235 0.123865 
59418.986017 0.125161 
59419.017799 0.126701 
59419.049581 0.128446 
59419.081363 0.130356 
59419.113145 0.132391 
59419.144927 0.134514 
59419.176709 0.136689 
59419.208491 0.138879 
59419.240273 0.141051 
59419.272055 0.143172 
59419.303837 0.145209 
59419.335619 0.147132 
59419.367401 0.148913 
59419.399183 0.150524 
59419.430965 0.151938 
59419.462747 0.153132 
59419.494529 0.154081 
59419.526311 0.154765 
59419.558093 0.155164 
59419.589875 0.155258 
59419.621656 0.155032 
59419.653438 0.154469 
59419.685220 0.153558 
59419.717002 0.152284 
59419.748784 0.150639 
59419.780566 0.148614 
59419.812348 0.146201 
59419.844130 0.143396 
59419.875912 0.140193 
59419.907694 0.136592 
59419.939476 0.132591 
59419.971258 0.128192 
59420.003040 0.123396 
59420.034822 0.118209 
59420.066604 0.112635 
59420.098386 0.106681 
59420.130168 0.100356 
59420.161950 0.093669 
59420.193732 0.086632 
59420.225514 0.079256 
59420.257296 0.071556 
59420.289078 0.063547 
59420.320860 0.055243 
59420.352642 0.046664 
59420.384424 0.037826 
59420.416206 0.028749 
59420.447988 0.019454 
59420.479770 0.009960 
59420.511552 0.000291 
59420.543334 -0.009532 
59420.575116 -0.019485 
59420.606898 -0.029544 
59420.638680 -0.039684 
59420.670462 -0.049880 
59420.702244 -0.060108 
59420.734026 -0.070340 
59420.765808 -0.080552 
59420.797590 -0.090716 
59420.829372 -0.100805 
59420.861154 -0.110794 
59420.892936 -0.120656 
59420.924718 -0.130364 
59420.956500 -0.139891 
59420.988282 -0.149212 
59421.020064 -0.158300 
59421.051846 -0.167129 
59421.083628 -0.175675 
59421.115410 -0.183913 
59421.147192 -0.191817 
59421.178974 -0.199366 
59421.210756 -0.206535 
59421.242538 -0.213302 
59421.274320 -0.219646 
59421.306102 -0.225546 
59421.337884 -0.230983 
59421.369666 -0.235937 
59421.401448 -0.240392 
59421.433230 -0.244330 
59421.465012 -0.247735 
59421.496794 -0.250594 
59421.528576 -0.252894 
59421.560358 -0.254621 
59421.592140 -0.255767 
59421.623922 -0.256321 
59421.655704 -0.256276 
59421.687486 -0.255625 
59421.719268 -0.254364 
59421.751050 -0.252488 
59421.782832 -0.249995 
59421.814614 -0.246886 
59421.846396 -0.243160 
59421.878178 -0.238821 
59421.909960 -0.233872 
59421.941742 -0.228320 
59421.973524 -0.222171 
59422.005306 -0.215434 
59422.037088 -0.208119 
59422.068870 -0.200238 
59422.100652 -0.191805 
59422.132434 -0.182835 
59422.164216 -0.173343 
59422.195998 -0.163349 
59422.227780 -0.152871 
59422.259562 -0.141931 
59422.291344 -0.130551 
59422.323125 -0.118754 
59422.354907 -0.106566 
59422.386689 -0.094014 
59422.418471 -0.081125 
59422.450253 -0.067927 
59422.482035 -0.054452 
59422.513817 -0.040731 
59422.545599 -0.026797 
59422.577381 -0.012682 
59422.609163 0.001579 
59422.640945 0.015950 
59422.672727 0.030394 
59422.704509 0.044875 
59422.736291 0.059354 
59422.768073 0.073794 
59422.799855 0.088154 
59422.831637 0.102396 
59422.863419 0.116478 
59422.895201 0.130361 
59422.926983 0.144003 
59422.958765 0.157363 
59422.990547 0.170400 
59423.022329 0.183072 
59423.054111 0.195338 
59423.085893 0.207158 
59423.117675 0.218489 
59423.149457 0.229291 
59423.181239 0.239523 
59423.213021 0.249145 
59423.244803 0.258117 
59423.276585 0.266402 
59423.308367 0.273959 
59423.340149 0.280751 
59423.371931 0.286743 
59423.403713 0.291896 
59423.435495 0.296178 
59423.467277 0.299554 
59423.499059 0.301991 
59423.530841 0.303457 
59423.562623 0.303924 
59423.594405 0.303361 
59423.626187 0.301741 
59423.657969 0.299039 
59423.689751 0.295230 
59423.721533 0.290292 
59423.753315 0.284204 
59423.785097 0.276946 
59423.816879 0.268502 
59423.848661 0.258855 
59423.880443 0.247992 
59423.912225 0.235903 
59423.944007 0.222576 
59423.975789 0.208006 
59424.007571 0.192185 
59424.039353 0.175113 
59424.071135 0.156786 
59424.102917 0.137207 
59424.134699 0.116380 
59424.166481 0.094309 
59424.198263 0.071003 
59424.230045 0.046472 
59424.261827 0.020729 
59424.293609 -0.006211 
59424.325391 -0.034331 
59424.357173 -0.063611 
59424.388955 -0.094030 
59424.420737 -0.125563 
59424.452519 -0.158183 
59424.484301 -0.191863 
59424.516083 -0.226570 
59424.547865 -0.262272 
59424.579647 -0.298933 
59424.611429 -0.336515 
59424.643211 -0.374979 
59424.674993 -0.414282 
59424.706775 -0.454381 
59424.738557 -0.495230 
59424.770339 -0.536781 
59424.802121 -0.578984 
59424.833903 -0.621787 
59424.865685 -0.665137 
59424.897467 -0.708979 
59424.929249 -0.753256 
59424.961031 -0.797910 
59424.992813 -0.842881 
59425.024594 -0.888108 
59425.056376 -0.933528 
59425.088158 -0.979078 
59425.119940 -1.024692 
59425.151722 -1.070305 
59425.183504 -1.115850 
59425.215286 -1.161258 
59425.247068 -1.206462 
59425.278850 -1.251392 
59425.310632 -1.295979 
59425.342414 -1.340152 
59425.374196 -1.383840 
59425.405978 -1.426973 
59425.437760 -1.469480 
59425.469542 -1.511290 
59425.501324 -1.552332 
59425.533106 -1.592535 
59425.564888 -1.631829 
59425.596670 -1.670144 
59425.628452 -1.707411 
59425.660234 -1.743560 
59425.692016 -1.778525 
59425.723798 -1.812237 
59425.755580 -1.844632 
59425.787362 -1.875643 
59425.819144 -1.905207 
59425.850926 -1.933262 
59425.882708 -1.959747 
59425.914490 -1.984603 
59425.946272 -2.007771 
59425.978054 -2.029196 
59426.009836 -2.048823 
59426.041618 -2.066602 
59426.073400 -2.082481 
59426.105182 -2.096412 
59426.136964 -2.108351 
59426.168746 -2.118254 
59426.200528 -2.126079 
59426.232310 -2.131790 
59426.264092 -2.135350 
59426.295874 -2.136726 
59426.327656 -2.135887 
59426.359438 -2.132808 
59426.391220 -2.127462 
59426.423002 -2.119830 
59426.454784 -2.109891 
59426.486566 -2.097631 
59426.518348 -2.083038 
59426.550130 -2.066102 
59426.581912 -2.046817 
59426.613694 -2.025182 
59426.645476 -2.001196 
59426.677258 -1.974864 
59426.709040 -1.946193 
59426.740822 -1.915194 
59426.772604 -1.881880 
59426.804386 -1.846270 
59426.836168 -1.808384 
59426.867950 -1.768246 
59426.899732 -1.725884 
59426.931514 -1.681329 
59426.963296 -1.634616 
59426.995078 -1.585781 
59427.026860 -1.534865 
59427.058642 -1.481914 
59427.090424 -1.426974 
59427.122206 -1.370096 
59427.153988 -1.311334 
59427.185770 -1.250743 
59427.217552 -1.188385 
59427.249334 -1.124322 
59427.281116 -1.058618 
59427.312898 -0.991344 
59427.344680 -0.922569 
59427.376462 -0.852368 
59427.408244 -0.780816 
59427.440026 -0.707993 
59427.471808 -0.633980 
59427.503590 -0.558859 
59427.535372 -0.482717 
59427.567154 -0.405642 
59427.598936 -0.327721 
59427.630718 -0.249047 
59427.662500 -0.169713 
59427.694282 -0.089813 
59427.726063 -0.009444 
59427.757845 0.071298 
59427.789627 0.152314 
59427.821409 0.233505 
59427.853191 0.314770 
59427.884973 0.396008 
59427.916755 0.477118 
59427.948537 0.557996 
59427.980319 0.638541 
59428.012101 0.718650 
59428.043883 0.798220 
59428.075665 0.877148 
59428.107447 0.955333 
59428.139229 1.032672 
59428.171011 1.109063 
59428.202793 1.184407 
59428.234575 1.258603 
59428.266357 1.331554 
59428.298139 1.403160 
59428.329921 1.473327 
59428.361703 1.541959 
59428.393485 1.608964 
59428.425267 1.674251 
59428.457049 1.737729 
59428.488831 1.799312 
59428.520613 1.858915 
59428.552395 1.916454 
59428.584177 1.971851 
59428.615959 2.025027 
59428.647741 2.075908 
59428.679523 2.124421 
59428.711305 2.170499 
59428.743087 2.214074 
59428.774869 2.255085 
59428.806651 2.293472 
59428.838433 2.329180 
59428.870215 2.362156 
59428.901997 2.392353 
59428.933779 2.419725 
59428.965561 2.444231 
59428.997343 2.465836 
59429.029125 2.484505 
59429.060907 2.500210 
59429.092689 2.512928 
59429.124471 2.522636 
59429.156253 2.529319 
59429.188035 2.532966 
59429.219817 2.533569 
59429.251599 2.531125 
59429.283381 2.525636 
59429.315163 2.517108 
59429.346945 2.505551 
59429.378727 2.490980 
59429.410509 2.473415 
59429.442291 2.452880 
59429.474073 2.429405 
59429.505855 2.403021 
59429.537637 2.373766 
59429.569419 2.341684 
59429.601201 2.306820 
59429.632983 2.269225 
59429.664765 2.228956 
59429.696547 2.186070 
59429.728329 2.140634 
59429.760111 2.092714 
59429.791893 2.042383 
59429.823675 1.989717 
59429.855457 1.934798 
59429.887239 1.877708 
59429.919021 1.818536 
59429.950803 1.757373 
59429.982585 1.694316 
59430.014367 1.629462 
59430.046149 1.562914 
59430.077931 1.494777 
59430.109713 1.425160 
59430.141495 1.354173 
59430.173277 1.281932 
59430.205059 1.208554 
59430.236841 1.134157 
59430.268623 1.058864 
59430.300405 0.982800 
59430.332187 0.906089 
59430.363969 0.828861 
59430.395751 0.751246 
59430.427532 0.673375 
59430.459314 0.595381 
59430.491096 0.517398 
59430.522878 0.439562 
59430.554660 0.362009 
59430.586442 0.284876 
59430.618224 0.208300 
59430.650006 0.132419 
59430.681788 0.057371 
59430.713570 -0.016707 
59430.745352 -0.089675 
59430.777134 -0.161398 
59430.808916 -0.231739 
59430.840698 -0.300562 
59430.872480 -0.367731 
59430.904262 -0.433114 
59430.936044 -0.496577 
59430.967826 -0.557991 
59430.999608 -0.617226 
59431.031390 -0.674154 
59431.063172 -0.728652 
59431.094954 -0.780596 
59431.126736 -0.829866 
59431.158518 -0.876345 
59431.190300 -0.919916 
59431.222082 -0.960470 
59431.253864 -0.997896 
59431.285646 -1.032090 
59431.317428 -1.062950 
59431.349210 -1.090377 
59431.380992 -1.114277 
59431.412774 -1.134559 
59431.444556 -1.151136 
59431.476338 -1.163927 
59431.508120 -1.172853 
59431.539902 -1.177841 
59431.571684 -1.178821 
59431.603466 -1.175729 
59431.635248 -1.168506 
59431.667030 -1.157097 
59431.698812 -1.141453 
59431.730594 -1.121528 
59431.762376 -1.097283 
59431.794158 -1.068685 
59431.825940 -1.035704 
59431.857722 -0.998316 
59431.889504 -0.956505 
59431.921286 -0.910256 
59431.953068 -0.859564 
59431.984850 -0.804425 
59432.016632 -0.744846 
59432.048414 -0.680834 
59432.080196 -0.612406 
59432.111978 -0.539582 
59432.143760 -0.462388 
59432.175542 -0.380857 
59432.207324 -0.295027 
59432.239106 -0.204939 
59432.270888 -0.110645 
59432.302670 -0.012196 
59432.334452 0.090347 
59432.366234 0.196919 
59432.398016 0.307449 
59432.429798 0.421864 
59432.461580 0.540080 
59432.493362 0.662014 
59432.525144 0.787573 
59432.556926 0.916663 
59432.588708 -0.000001 
