# time model 
59325.801227 5.113086 
59325.833009 5.592739 
59325.864791 6.075819 
59325.896573 6.561675 
59325.928355 7.049642 
59325.960137 7.539040 
59325.991919 8.029181 
59326.023701 8.519363 
59326.055483 9.008875 
59326.087265 9.496996 
59326.119047 9.982997 
59326.150829 10.466143 
59326.182611 10.945689 
59326.214393 11.420888 
59326.246175 11.890986 
59326.277957 12.355229 
59326.309739 12.812856 
59326.341521 13.263107 
59326.373303 13.705223 
59326.405085 14.138442 
59326.436867 14.562006 
59326.468649 14.975161 
59326.500431 15.377153 
59326.532213 15.767236 
59326.563995 16.144668 
59326.595777 16.508716 
59326.627559 16.858652 
59326.659341 17.193760 
59326.691123 17.513332 
59326.722905 17.816671 
59326.754687 18.103093 
59326.786469 18.371928 
59326.818251 18.622517 
59326.850033 18.854219 
59326.881815 19.066406 
59326.913597 19.258470 
59326.945379 19.429820 
59326.977161 19.579881 
59327.008943 19.708101 
59327.040725 19.813946 
59327.072507 19.896906 
59327.104289 19.956491 
59327.136071 19.992234 
59327.167853 20.003692 
59327.199635 19.990446 
59327.231417 19.952104 
59327.263199 19.888296 
59327.294981 19.798681 
59327.326763 19.682945 
59327.358545 19.540802 
59327.390327 19.371990 
59327.422109 19.176281 
59327.453891 18.953473 
59327.485673 18.703394 
59327.517455 18.425901 
59327.549237 18.120883 
59327.581019 17.788259 
59327.612801 17.427976 
59327.644583 17.040017 
59327.676365 16.624391 
59327.708147 16.181143 
59327.739929 15.710346 
59327.771711 15.212107 
59327.803493 14.686562 
59327.835275 14.133880 
59327.867057 13.554263 
59327.898839 12.947941 
59327.930621 12.315179 
59327.962402 11.656270 
59327.994184 10.971539 
59328.025966 10.261342 
59328.057748 9.526066 
59328.089530 8.766126 
59328.121312 7.981969 
59328.153094 7.174068 
59328.184876 6.342928 
59328.216658 5.489082 
59328.248440 4.613087 
59328.280222 3.715532 
59328.312004 2.797030 
59328.343786 1.858219 
59328.375568 0.899766 
59328.407350 -0.077642 
59328.439132 -1.073291 
59328.470914 -2.086445 
59328.502696 -3.116346 
59328.534478 -4.162214 
59328.566260 -5.223250 
59328.598042 -6.298633 
59328.629824 -7.387524 
59328.661606 -8.489068 
59328.693388 -9.602390 
59328.725170 -10.726603 
59328.756952 -11.860802 
59328.788734 -13.004068 
59328.820516 -14.155473 
59328.852298 -15.314072 
59328.884080 -16.478914 
59328.915862 -17.649036 
59328.947644 -18.823467 
59328.979426 -20.001229 
59329.011208 -21.181337 
59329.042990 -22.362802 
59329.074772 -23.544630 
59329.106554 -24.725825 
59329.138336 -25.905389 
59329.170118 -27.082324 
59329.201900 -28.255633 
59329.233682 -29.424319 
59329.265464 -30.587390 
59329.297246 -31.743856 
59329.329028 -32.892736 
59329.360810 -34.033051 
59329.392592 -35.163832 
59329.424374 -36.284119 
59329.456156 -37.392961 
59329.487938 -38.489417 
59329.519720 -39.572559 
59329.551502 -40.641472 
59329.583284 -41.695255 
59329.615066 -42.733022 
59329.646848 -43.753903 
59329.678630 -44.757045 
59329.710412 -45.741614 
59329.742194 -46.706793 
59329.773976 -47.651786 
59329.805758 -48.575819 
59329.837540 -49.478138 
59329.869322 -50.358013 
59329.901104 -51.214734 
59329.932886 -52.047620 
59329.964668 -52.856011 
59329.996450 -53.639275 
59330.028232 -54.396803 
59330.060014 -55.128017 
59330.091796 -55.832364 
59330.123578 -56.509319 
59330.155360 -57.158386 
59330.187142 -57.779099 
59330.218924 -58.371020 
59330.250706 -58.933743 
59330.282488 -59.466890 
59330.314270 -59.970116 
59330.346052 -60.443106 
59330.377834 -60.885576 
59330.409616 -61.297274 
59330.441398 -61.677980 
59330.473180 -62.027505 
59330.504962 -62.345693 
59330.536744 -62.632421 
59330.568526 -62.887595 
59330.600308 -63.111156 
59330.632090 -63.303077 
59330.663871 -63.463360 
59330.695653 -63.592043 
59330.727435 -63.689193 
59330.759217 -63.754909 
59330.790999 -63.789322 
59330.822781 -63.792593 
59330.854563 -63.764914 
59330.886345 -63.706507 
59330.918127 -63.617625 
59330.949909 -63.498549 
59330.981691 -63.349591 
59331.013473 -63.171088 
59331.045255 -62.963409 
59331.077037 -62.726948 
59331.108819 -62.462126 
59331.140601 -62.169391 
59331.172383 -61.849215 
59331.204165 -61.502098 
59331.235947 -61.128559 
59331.267729 -60.729146 
59331.299511 -60.304425 
59331.331293 -59.854986 
59331.363075 -59.381441 
59331.394857 -58.884419 
59331.426639 -58.364571 
59331.458421 -57.822565 
59331.490203 -57.259086 
59331.521985 -56.674839 
59331.553767 -56.070540 
59331.585549 -55.446922 
59331.617331 -54.804732 
59331.649113 -54.144729 
59331.680895 -53.467683 
59331.712677 -52.774378 
59331.744459 -52.065603 
59331.776241 -51.342160 
59331.808023 -50.604856 
59331.839805 -49.854505 
59331.871587 -49.091929 
59331.903369 -48.317953 
59331.935151 -47.533404 
59331.966933 -46.739114 
59331.998715 -45.935916 
59332.030497 -45.124643 
59332.062279 -44.306129 
59332.094061 -43.481205 
59332.125843 -42.650699 
59332.157625 -41.815439 
59332.189407 -40.976246 
59332.221189 -40.133935 
59332.252971 -39.289316 
59332.284753 -38.443192 
59332.316535 -37.596358 
59332.348317 -36.749599 
59332.380099 -35.903691 
59332.411881 -35.059399 
59332.443663 -34.217476 
59332.475445 -33.378662 
59332.507227 -32.543686 
59332.539009 -31.713262 
59332.570791 -30.888088 
59332.602573 -30.068848 
59332.634355 -29.256210 
59332.666137 -28.450824 
59332.697919 -27.653324 
59332.729701 -26.864323 
59332.761483 -26.084421 
59332.793265 -25.314192 
59332.825047 -24.554196 
59332.856829 -23.804969 
59332.888611 -23.067028 
59332.920393 -22.340869 
59332.952175 -21.626967 
59332.983957 -20.925772 
59333.015739 -20.237715 
59333.047521 -19.563205 
59333.079303 -18.902625 
59333.111085 -18.256337 
59333.142867 -17.624681 
59333.174649 -17.007970 
59333.206431 -16.406498 
59333.238213 -15.820532 
59333.269995 -15.250316 
59333.301777 -14.696071 
59333.333559 -14.157994 
59333.365340 -13.636259 
59333.397122 -13.131015 
59333.428904 -12.642389 
59333.460686 -12.170484 
59333.492468 -11.715378 
59333.524250 -11.277130 
59333.556032 -10.855772 
59333.587814 -10.451316 
59333.619596 -10.063750 
59333.651378 -9.693043 
59333.683160 -9.339139 
59333.714942 -9.001962 
59333.746724 -8.681416 
59333.778506 -8.377384 
59333.810288 -8.089728 
59333.842070 -7.818291 
59333.873852 -7.562899 
59333.905634 -7.323356 
59333.937416 -7.099449 
59333.969198 -6.890951 
59334.000980 -6.697612 
59334.032762 -6.519172 
59334.064544 -6.355350 
59334.096326 -6.205853 
59334.128108 -6.070374 
59334.159890 -5.948589 
59334.191672 -5.840165 
59334.223454 -5.744753 
59334.255236 -5.661995 
59334.287018 -5.591520 
59334.318800 -5.532947 
59334.350582 -5.485888 
59334.382364 -5.449942 
59334.414146 -5.424703 
59334.445928 -5.409756 
59334.477710 -5.404681 
59334.509492 -5.409049 
59334.541274 -5.422430 
59334.573056 -5.444385 
59334.604838 -5.474476 
59334.636620 -5.512257 
59334.668402 -5.557285 
59334.700184 -5.609111 
59334.731966 -5.667288 
59334.763748 -5.731368 
59334.795530 -5.800904 
59334.827312 -5.875449 
59334.859094 -5.954560 
59334.890876 -6.037795 
59334.922658 -6.124717 
59334.954440 -6.214892 
59334.986222 -6.307890 
59335.018004 -6.403288 
59335.049786 -6.500668 
59335.081568 -6.599618 
59335.113350 -6.699734 
59335.145132 -6.800620 
59335.176914 -6.901885 
59335.208696 -7.003152 
59335.240478 -7.104048 
59335.272260 -7.204213 
59335.304042 -7.303297 
59335.335824 -7.400958 
59335.367606 -7.496868 
59335.399388 -7.590709 
59335.431170 -7.682174 
59335.462952 -7.770970 
59335.494734 -7.856815 
59335.526516 -7.939440 
59335.558298 -8.018590 
59335.590080 -8.094022 
59335.621862 -8.165507 
59335.653644 -8.232831 
59335.685426 -8.295790 
59335.717208 -8.354199 
59335.748990 -8.407884 
59335.780772 -8.456687 
59335.812554 -8.500462 
59335.844336 -8.539079 
59335.876118 -8.572424 
59335.907900 -8.600394 
59335.939682 -8.622904 
59335.971464 -8.639880 
59336.003246 -8.651264 
59336.035028 -8.657013 
59336.066809 -8.657097 
59336.098591 -8.651500 
59336.130373 -8.640220 
59336.162155 -8.623269 
59336.193937 -8.600672 
59336.225719 -8.572466 
59336.257501 -8.538705 
59336.289283 -8.499450 
59336.321065 -8.454779 
59336.352847 -8.404780 
59336.384629 -8.349554 
59336.416411 -8.289211 
59336.448193 -8.223876 
59336.479975 -8.153681 
59336.511757 -8.078770 
59336.543539 -7.999297 
59336.575321 -7.915425 
59336.607103 -7.827328 
59336.638885 -7.735185 
59336.670667 -7.639187 
59336.702449 -7.539531 
59336.734231 -7.436420 
59336.766013 -7.330066 
59336.797795 -7.220688 
59336.829577 -7.108507 
59336.861359 -6.993753 
59336.893141 -6.876659 
59336.924923 -6.757464 
59336.956705 -6.636410 
59336.988487 -6.513740 
59337.020269 -6.389704 
59337.052051 -6.264551 
59337.083833 -6.138533 
59337.115615 -6.011904 
59337.147397 -5.884918 
59337.179179 -5.757828 
59337.210961 -5.630889 
59337.242743 -5.504355 
59337.274525 -5.378476 
59337.306307 -5.253504 
59337.338089 -5.129686 
59337.369871 -5.007269 
59337.401653 -4.886493 
59337.433435 -4.767598 
59337.465217 -4.650818 
59337.496999 -4.536384 
59337.528781 -4.424521 
59337.560563 -4.315448 
59337.592345 -4.209380 
59337.624127 -4.106524 
59337.655909 -4.007084 
59337.687691 -3.911253 
59337.719473 -3.819219 
59337.751255 -3.731162 
59337.783037 -3.647256 
59337.814819 -3.567663 
59337.846601 -3.492540 
59337.878383 -3.422035 
59337.910165 -3.356286 
59337.941947 -3.295422 
59337.973729 -3.239564 
59338.005511 -3.188822 
59338.037293 -3.143297 
59338.069075 -3.103081 
59338.100857 -3.068254 
59338.132639 -3.038888 
59338.164421 -3.015044 
59338.196203 -2.996773 
59338.227985 -2.984116 
59338.259767 -2.977102 
59338.291549 -2.975753 
59338.323331 -2.980077 
59338.355113 -2.990073 
59338.386895 -3.005732 
59338.418677 -3.027032 
59338.450459 -3.053942 
59338.482241 -3.086420 
59338.514023 -3.124416 
59338.545805 -3.167868 
59338.577587 -3.216706 
59338.609369 -3.270851 
59338.641151 -3.330211 
59338.672933 -3.394690 
59338.704715 -3.464179 
59338.736497 -3.538563 
59338.768278 -3.617718 
59338.800060 -3.701510 
59338.831842 -3.789799 
59338.863624 -3.882437 
59338.895406 -3.979268 
59338.927188 -4.080130 
59338.958970 -4.184854 
59338.990752 -4.293264 
59339.022534 -4.405179 
59339.054316 -4.520411 
59339.086098 -4.638768 
59339.117880 -4.760052 
59339.149662 -4.884061 
59339.181444 -5.010588 
59339.213226 -5.139424 
59339.245008 -5.270355 
59339.276790 -5.403164 
59339.308572 -5.537631 
59339.340354 -5.673536 
59339.372136 -5.810654 
59339.403918 -5.948761 
59339.435700 -6.087632 
59339.467482 -6.227039 
59339.499264 -6.366757 
59339.531046 -6.506558 
59339.562828 -6.646217 
59339.594610 -6.785509 
59339.626392 -6.924211 
59339.658174 -7.062101 
59339.689956 -7.198959 
59339.721738 -7.334570 
59339.753520 -7.468718 
59339.785302 -7.601194 
59339.817084 -7.731791 
59339.848866 -7.860305 
59339.880648 -7.986539 
59339.912430 -8.110298 
59339.944212 -8.231395 
59339.975994 -8.349646 
59340.007776 -8.464874 
59340.039558 -8.576907 
59340.071340 -8.685580 
59340.103122 -8.790734 
59340.134904 -8.892218 
59340.166686 -8.989886 
59340.198468 -9.083602 
59340.230250 -9.173235 
59340.262032 -9.258664 
59340.293814 -9.339773 
59340.325596 -9.416458 
59340.357378 -9.488619 
59340.389160 -9.556168 
59340.420942 -9.619023 
59340.452724 -9.677113 
59340.484506 -9.730373 
59340.516288 -9.778750 
59340.548070 -9.822197 
59340.579852 -9.860677 
59340.611634 -9.894164 
59340.643416 -9.922638 
59340.675198 -9.946090 
59340.706980 -9.964518 
59340.738762 -9.977932 
59340.770544 -9.986349 
59340.802326 -9.989794 
59340.834108 -9.988304 
59340.865890 -9.981921 
59340.897672 -9.970699 
59340.929454 -9.954697 
59340.961236 -9.933986 
59340.993018 -9.908643 
59341.024800 -9.878754 
59341.056582 -9.844411 
59341.088364 -9.805717 
59341.120146 -9.762780 
59341.151928 -9.715716 
59341.183710 -9.664648 
59341.215492 -9.609705 
59341.247274 -9.551025 
59341.279056 -9.488750 
59341.310838 -9.423028 
59341.342620 -9.354015 
59341.374402 -9.281870 
59341.406184 -9.206758 
59341.437965 -9.128849 
59341.469747 -9.048318 
59341.501529 -8.965342 
59341.533311 -8.880106 
59341.565093 -8.792794 
59341.596875 -8.703596 
59341.628657 -8.612705 
59341.660439 -8.520314 
59341.692221 -8.426620 
59341.724003 -8.331822 
59341.755785 -8.236120 
59341.787567 -8.139714 
59341.819349 -8.042807 
59341.851131 -7.945601 
59341.882913 -7.848296 
59341.914695 -7.751096 
59341.946477 -7.654201 
59341.978259 -7.557810 
59342.010041 -7.462121 
59342.041823 -7.367332 
59342.073605 -7.273637 
59342.105387 -7.181226 
59342.137169 -7.090290 
59342.168951 -7.001013 
59342.200733 -6.913579 
59342.232515 -6.828165 
59342.264297 -6.744946 
59342.296079 -6.664092 
59342.327861 -6.585767 
59342.359643 -6.510133 
59342.391425 -6.437342 
59342.423207 -6.367546 
59342.454989 -6.300886 
59342.486771 -6.237501 
59342.518553 -6.177522 
59342.550335 -6.121072 
59342.582117 -6.068270 
59342.613899 -6.019226 
59342.645681 -5.974045 
59342.677463 -5.932821 
59342.709245 -5.895645 
59342.741027 -5.862597 
59342.772809 -5.833752 
59342.804591 -5.809173 
59342.836373 -5.788920 
59342.868155 -5.773042 
59342.899937 -5.761580 
59342.931719 -5.754568 
59342.963501 -5.752030 
59342.995283 -5.753983 
59343.027065 -5.760435 
59343.058847 -5.771387 
59343.090629 -5.786829 
59343.122411 -5.806747 
59343.154193 -5.831113 
59343.185975 -5.859897 
59343.217757 -5.893055 
59343.249539 -5.930540 
59343.281321 -5.972293 
59343.313103 -6.018251 
59343.344885 -6.068339 
59343.376667 -6.122477 
59343.408449 -6.180578 
59343.440231 -6.242547 
59343.472013 -6.308280 
59343.503795 -6.377669 
59343.535577 -6.450598 
59343.567359 -6.526943 
59343.599141 -6.606577 
59343.630923 -6.689365 
59343.662705 -6.775164 
59343.694487 -6.863830 
59343.726269 -6.955210 
59343.758051 -7.049147 
59343.789833 -7.145480 
59343.821615 -7.244042 
59343.853397 -7.344664 
59343.885179 -7.447170 
59343.916961 -7.551382 
59343.948743 -7.657120 
59343.980525 -7.764199 
59344.012307 -7.872432 
59344.044089 -7.981629 
59344.075871 -8.091600 
59344.107653 -8.202151 
59344.139434 -8.313087 
59344.171216 -8.424213 
59344.202998 -8.535333 
59344.234780 -8.646250 
59344.266562 -8.756768 
59344.298344 -8.866690 
59344.330126 -8.975821 
59344.361908 -9.083965 
59344.393690 -9.190930 
59344.425472 -9.296524 
59344.457254 -9.400556 
59344.489036 -9.502840 
59344.520818 -9.603191 
59344.552600 -9.701426 
59344.584382 -9.797367 
59344.616164 -9.890839 
59344.647946 -9.981670 
59344.679728 -10.069693 
59344.711510 -10.154745 
59344.743292 -10.236667 
59344.775074 -10.315308 
59344.806856 -10.390518 
59344.838638 -10.462154 
59344.870420 -10.530080 
59344.902202 -10.594166 
59344.933984 -10.654284 
59344.965766 -10.710318 
59344.997548 -10.762155 
59345.029330 -10.809689 
59345.061112 -10.852823 
59345.092894 -10.891464 
59345.124676 -10.925528 
59345.156458 -10.954938 
59345.188240 -10.979625 
59345.220022 -10.999527 
59345.251804 -11.014590 
59345.283586 -11.024766 
59345.315368 -11.030017 
59345.347150 -11.030313 
59345.378932 -11.025630 
59345.410714 -11.015953 
59345.442496 -11.001276 
59345.474278 -10.981599 
59345.506060 -10.956932 
59345.537842 -10.927291 
59345.569624 -10.892702 
59345.601406 -10.853196 
59345.633188 -10.808815 
59345.664970 -10.759606 
59345.696752 -10.705627 
59345.728534 -10.646939 
59345.760316 -10.583615 
59345.792098 -10.515732 
59345.823880 -10.443377 
59345.855662 -10.366641 
59345.887444 -10.285624 
59345.919226 -10.200432 
59345.951008 -10.111177 
59345.982790 -10.017980 
59346.014572 -9.920964 
59346.046354 -9.820262 
59346.078136 -9.716009 
59346.109918 -9.608348 
59346.141700 -9.497427 
59346.173482 -9.383398 
59346.205264 -9.266418 
59346.237046 -9.146650 
59346.268828 -9.024259 
59346.300610 -8.899415 
59346.332392 -8.772291 
59346.364174 -8.643066 
59346.395956 -8.511917 
59346.427738 -8.379030 
59346.459520 -8.244588 
59346.491302 -8.108780 
59346.523084 -7.971794 
59346.554866 -7.833822 
59346.586648 -7.695056 
59346.618430 -7.555689 
59346.650212 -7.415915 
59346.681994 -7.275928 
59346.713776 -7.135922 
59346.745558 -6.996091 
59346.777340 -6.856629 
59346.809122 -6.717727 
59346.840903 -6.579576 
59346.872685 -6.442367 
59346.904467 -6.306287 
59346.936249 -6.171522 
59346.968031 -6.038255 
59346.999813 -5.906665 
59347.031595 -5.776932 
59347.063377 -5.649228 
59347.095159 -5.523726 
59347.126941 -5.400591 
59347.158723 -5.279986 
59347.190505 -5.162070 
59347.222287 -5.046997 
59347.254069 -4.934917 
59347.285851 -4.825973 
59347.317633 -4.720304 
59347.349415 -4.618044 
59347.381197 -4.519320 
59347.412979 -4.424256 
59347.444761 -4.332966 
59347.476543 -4.245561 
59347.508325 -4.162145 
59347.540107 -4.082814 
59347.571889 -4.007660 
59347.603671 -3.936765 
59347.635453 -3.870207 
59347.667235 -3.808057 
59347.699017 -3.750376 
59347.730799 -3.697222 
59347.762581 -3.648642 
59347.794363 -3.604678 
59347.826145 -3.565366 
59347.857927 -3.530731 
59347.889709 -3.500793 
59347.921491 -3.475566 
59347.953273 -3.455053 
59347.985055 -3.439253 
59348.016837 -3.428157 
59348.048619 -3.421748 
59348.080401 -3.420001 
59348.112183 -3.422888 
59348.143965 -3.430368 
59348.175747 -3.442399 
59348.207529 -3.458928 
59348.239311 -3.479897 
59348.271093 -3.505242 
59348.302875 -3.534890 
59348.334657 -3.568766 
59348.366439 -3.606784 
59348.398221 -3.648856 
59348.430003 -3.694886 
59348.461785 -3.744773 
59348.493567 -3.798410 
59348.525349 -3.855686 
59348.557131 -3.916483 
59348.588913 -3.980681 
59348.620695 -4.048154 
59348.652477 -4.118770 
59348.684259 -4.192394 
59348.716041 -4.268889 
59348.747823 -4.348113 
59348.779605 -4.429918 
59348.811387 -4.514158 
59348.843169 -4.600679 
59348.874951 -4.689328 
59348.906733 -4.779948 
59348.938515 -4.872380 
59348.970297 -4.966464 
59349.002079 -5.062037 
59349.033861 -5.158936 
59349.065643 -5.256997 
59349.097425 -5.356055 
59349.129207 -5.455944 
59349.160989 -5.556497 
59349.192771 -5.657551 
59349.224553 -5.758938 
59349.256335 -5.860495 
59349.288117 -5.962058 
59349.319899 -6.063465 
59349.351681 -6.164553 
59349.383463 -6.265164 
59349.415245 -6.365141 
59349.447027 -6.464327 
59349.478809 -6.562571 
59349.510591 -6.659721 
59349.542372 -6.755631 
59349.574154 -6.850157 
59349.605936 -6.943157 
59349.637718 -7.034495 
59349.669500 -7.124037 
59349.701282 -7.211655 
59349.733064 -7.297221 
59349.764846 -7.380617 
59349.796628 -7.461725 
59349.828410 -7.540434 
59349.860192 -7.616637 
59349.891974 -7.690232 
59349.923756 -7.761123 
59349.955538 -7.829218 
59349.987320 -7.894431 
59350.019102 -7.956683 
59350.050884 -8.015897 
59350.082666 -8.072005 
59350.114448 -8.124944 
59350.146230 -8.174655 
59350.178012 -8.221088 
59350.209794 -8.264197 
59350.241576 -8.303941 
59350.273358 -8.340287 
59350.305140 -8.373207 
59350.336922 -8.402680 
59350.368704 -8.428691 
59350.400486 -8.451228 
59350.432268 -8.470289 
59350.464050 -8.485877 
59350.495832 -8.497998 
59350.527614 -8.506667 
59350.559396 -8.511905 
59350.591178 -8.513735 
59350.622960 -8.512191 
59350.654742 -8.507307 
59350.686524 -8.499126 
59350.718306 -8.487696 
59350.750088 -8.473068 
59350.781870 -8.455301 
59350.813652 -8.434456 
59350.845434 -8.410601 
59350.877216 -8.383807 
59350.908998 -8.354151 
59350.940780 -8.321714 
59350.972562 -8.286578 
59351.004344 -8.248834 
59351.036126 -8.208573 
59351.067908 -8.165891 
59351.099690 -8.120887 
59351.131472 -8.073662 
59351.163254 -8.024322 
59351.195036 -7.972975 
59351.226818 -7.919730 
59351.258600 -7.864700 
59351.290382 -7.807999 
59351.322164 -7.749745 
59351.353946 -7.690053 
59351.385728 -7.629045 
59351.417510 -7.566839 
59351.449292 -7.503557 
59351.481074 -7.439321 
59351.512856 -7.374253 
59351.544638 -7.308476 
59351.576420 -7.242112 
59351.608202 -7.175282 
59351.639984 -7.108110 
59351.671766 -7.040714 
59351.703548 -6.973216 
59351.735330 -6.905735 
59351.767112 -6.838387 
59351.798894 -6.771288 
59351.830676 -6.704553 
59351.862458 -6.638293 
59351.894240 -6.572618 
59351.926022 -6.507635 
59351.957804 -6.443450 
59351.989586 -6.380164 
59352.021368 -6.317876 
59352.053150 -6.256682 
59352.084932 -6.196674 
59352.116714 -6.137943 
59352.148496 -6.080572 
59352.180278 -6.024645 
59352.212060 -5.970239 
59352.243841 -5.917427 
59352.275623 -5.866280 
59352.307405 -5.816863 
59352.339187 -5.769237 
59352.370969 -5.723459 
59352.402751 -5.679582 
59352.434533 -5.637652 
59352.466315 -5.597713 
59352.498097 -5.559803 
59352.529879 -5.523956 
59352.561661 -5.490200 
59352.593443 -5.458558 
59352.625225 -5.429050 
59352.657007 -5.401691 
59352.688789 -5.376488 
59352.720571 -5.353446 
59352.752353 -5.332566 
59352.784135 -5.313841 
59352.815917 -5.297261 
59352.847699 -5.282812 
59352.879481 -5.270474 
59352.911263 -5.260222 
59352.943045 -5.252028 
59352.974827 -5.245858 
59353.006609 -5.241675 
59353.038391 -5.239438 
59353.070173 -5.239098 
59353.101955 -5.240608 
59353.133737 -5.243911 
59353.165519 -5.248951 
59353.197301 -5.255665 
59353.229083 -5.263988 
59353.260865 -5.273851 
59353.292647 -5.285183 
59353.324429 -5.297908 
59353.356211 -5.311948 
59353.387993 -5.327222 
59353.419775 -5.343646 
59353.451557 -5.361136 
59353.483339 -5.379603 
59353.515121 -5.398956 
59353.546903 -5.419104 
59353.578685 -5.439953 
59353.610467 -5.461407 
59353.642249 -5.483371 
59353.674031 -5.505748 
59353.705813 -5.528438 
59353.737595 -5.551342 
59353.769377 -5.574362 
59353.801159 -5.597398 
59353.832941 -5.620350 
59353.864723 -5.643118 
59353.896505 -5.665604 
59353.928287 -5.687708 
59353.960069 -5.709334 
59353.991851 -5.730384 
59354.023633 -5.750762 
59354.055415 -5.770375 
59354.087197 -5.789131 
59354.118979 -5.806937 
59354.150761 -5.823705 
59354.182543 -5.839350 
59354.214325 -5.853785 
59354.246107 -5.866930 
59354.277889 -5.878704 
59354.309671 -5.889033 
59354.341453 -5.897842 
59354.373235 -5.905060 
59354.405017 -5.910623 
59354.436799 -5.914464 
59354.468581 -5.916526 
59354.500363 -5.916751 
59354.532145 -5.915087 
59354.563927 -5.911486 
59354.595709 -5.905903 
59354.627491 -5.898298 
59354.659273 -5.888635 
59354.691055 -5.876882 
59354.722837 -5.863012 
59354.754619 -5.847002 
59354.786401 -5.828834 
59354.818183 -5.808493 
59354.849965 -5.785971 
59354.881747 -5.761263 
59354.913529 -5.734368 
59354.945310 -5.705292 
59354.977092 -5.674045 
59355.008874 -5.640639 
59355.040656 -5.605094 
59355.072438 -5.567434 
59355.104220 -5.527685 
59355.136002 -5.485881 
59355.167784 -5.442059 
59355.199566 -5.396260 
59355.231348 -5.348529 
59355.263130 -5.298918 
59355.294912 -5.247481 
59355.326694 -5.194276 
59355.358476 -5.139366 
59355.390258 -5.082817 
59355.422040 -5.024701 
59355.453822 -4.965090 
59355.485604 -4.904064 
59355.517386 -4.841702 
59355.549168 -4.778091 
59355.580950 -4.713317 
59355.612732 -4.647472 
59355.644514 -4.580648 
59355.676296 -4.512943 
59355.708078 -4.444454 
59355.739860 -4.375285 
59355.771642 -4.305537 
59355.803424 -4.235316 
59355.835206 -4.164730 
59355.866988 -4.093887 
59355.898770 -4.022898 
59355.930552 -3.951874 
59355.962334 -3.880928 
59355.994116 -3.810173 
59356.025898 -3.739724 
59356.057680 -3.669694 
59356.089462 -3.600200 
59356.121244 -3.531354 
59356.153026 -3.463273 
59356.184808 -3.396069 
59356.216590 -3.329857 
59356.248372 -3.264750 
59356.280154 -3.200859 
59356.311936 -3.138296 
59356.343718 -3.077168 
59356.375500 -3.017584 
59356.407282 -2.959649 
59356.439064 -2.903468 
59356.470846 -2.849142 
59356.502628 -2.796771 
59356.534410 -2.746450 
59356.566192 -2.698274 
59356.597974 -2.652335 
59356.629756 -2.608720 
59356.661538 -2.567514 
59356.693320 -2.528799 
59356.725102 -2.492652 
59356.756884 -2.459148 
59356.788666 -2.428357 
59356.820448 -2.400346 
59356.852230 -2.375178 
59356.884012 -2.352910 
59356.915794 -2.333597 
59356.947576 -2.317288 
59356.979358 -2.304028 
59357.011140 -2.293858 
59357.042922 -2.286814 
59357.074704 -2.282926 
59357.106486 -2.282222 
59357.138268 -2.284722 
59357.170050 -2.290443 
59357.201832 -2.299397 
59357.233614 -2.311591 
59357.265396 -2.327025 
59357.297178 -2.345698 
59357.328960 -2.367600 
59357.360742 -2.392719 
59357.392524 -2.421035 
59357.424306 -2.452526 
59357.456088 -2.487164 
59357.487870 -2.524915 
59357.519652 -2.565742 
59357.551434 -2.609602 
59357.583216 -2.656448 
59357.614997 -2.706227 
59357.646779 -2.758883 
59357.678561 -2.814355 
59357.710343 -2.872577 
59357.742125 -2.933480 
59357.773907 -2.996990 
59357.805689 -3.063028 
59357.837471 -3.131514 
59357.869253 -3.202361 
59357.901035 -3.275480 
59357.932817 -3.350779 
59357.964599 -3.428161 
59357.996381 -3.507526 
59358.028163 -3.588773 
59358.059945 -3.671797 
59358.091727 -3.756489 
59358.123509 -3.842739 
59358.155291 -3.930434 
59358.187073 -4.019460 
59358.218855 -4.109700 
59358.250637 -4.201034 
59358.282419 -4.293343 
59358.314201 -4.386505 
59358.345983 -4.480399 
59358.377765 -4.574898 
59358.409547 -4.669881 
59358.441329 -4.765220 
59358.473111 -4.860792 
59358.504893 -4.956470 
59358.536675 -5.052129 
59358.568457 -5.147644 
59358.600239 -5.242889 
59358.632021 -5.337741 
59358.663803 -5.432077 
59358.695585 -5.525774 
59358.727367 -5.618712 
59358.759149 -5.710770 
59358.790931 -5.801831 
59358.822713 -5.891779 
59358.854495 -5.980500 
59358.886277 -6.067882 
59358.918059 -6.153815 
59358.949841 -6.238193 
59358.981623 -6.320912 
59359.013405 -6.401870 
59359.045187 -6.480968 
59359.076969 -6.558113 
59359.108751 -6.633211 
59359.140533 -6.706175 
59359.172315 -6.776920 
59359.204097 -6.845365 
59359.235879 -6.911432 
59359.267661 -6.975050 
59359.299443 -7.036147 
59359.331225 -7.094661 
59359.363007 -7.150529 
59359.394789 -7.203695 
59359.426571 -7.254108 
59359.458353 -7.301720 
59359.490135 -7.346488 
59359.521917 -7.388373 
59359.553699 -7.427343 
59359.585481 -7.463367 
59359.617263 -7.496421 
59359.649045 -7.526485 
59359.680827 -7.553545 
59359.712609 -7.577590 
59359.744391 -7.598614 
59359.776173 -7.616617 
59359.807955 -7.631602 
59359.839737 -7.643576 
59359.871519 -7.652554 
59359.903301 -7.658553 
59359.935083 -7.661593 
59359.966865 -7.661702 
59359.998647 -7.658910 
59360.030429 -7.653251 
59360.062211 -7.644765 
59360.093993 -7.633494 
59360.125775 -7.619485 
59360.157557 -7.602790 
59360.189339 -7.583462 
59360.221121 -7.561559 
59360.252903 -7.537142 
59360.284685 -7.510278 
59360.316466 -7.481033 
59360.348248 -7.449478 
59360.380030 -7.415687 
59360.411812 -7.379738 
59360.443594 -7.341708 
59360.475376 -7.301680 
59360.507158 -7.259737 
59360.538940 -7.215965 
59360.570722 -7.170451 
59360.602504 -7.123286 
59360.634286 -7.074559 
59360.666068 -7.024364 
59360.697850 -6.972793 
59360.729632 -6.919940 
59360.761414 -6.865901 
59360.793196 -6.810771 
59360.824978 -6.754646 
59360.856760 -6.697622 
59360.888542 -6.639796 
59360.920324 -6.581264 
59360.952106 -6.522120 
59360.983888 -6.462460 
59361.015670 -6.402379 
59361.047452 -6.341970 
59361.079234 -6.281324 
59361.111016 -6.220533 
59361.142798 -6.159687 
59361.174580 -6.098873 
59361.206362 -6.038178 
59361.238144 -5.977685 
59361.269926 -5.917477 
59361.301708 -5.857633 
59361.333490 -5.798231 
59361.365272 -5.739345 
59361.397054 -5.681048 
59361.428836 -5.623409 
59361.460618 -5.566495 
59361.492400 -5.510368 
59361.524182 -5.455089 
59361.555964 -5.400714 
59361.587746 -5.347298 
59361.619528 -5.294890 
59361.651310 -5.243537 
59361.683092 -5.193281 
59361.714874 -5.144163 
59361.746656 -5.096217 
59361.778438 -5.049475 
59361.810220 -5.003966 
59361.842002 -4.959713 
59361.873784 -4.916736 
59361.905566 -4.875052 
59361.937348 -4.834674 
59361.969130 -4.795609 
59362.000912 -4.757863 
59362.032694 -4.721436 
59362.064476 -4.686326 
59362.096258 -4.652525 
59362.128040 -4.620023 
59362.159822 -4.588806 
59362.191604 -4.558855 
59362.223386 -4.530150 
59362.255168 -4.502666 
59362.286950 -4.476374 
59362.318732 -4.451242 
59362.350514 -4.427236 
59362.382296 -4.404317 
59362.414078 -4.382446 
59362.445860 -4.361578 
59362.477642 -4.341666 
59362.509424 -4.322662 
59362.541206 -4.304514 
59362.572988 -4.287168 
59362.604770 -4.270569 
59362.636552 -4.254659 
59362.668334 -4.239377 
59362.700116 -4.224663 
59362.731898 -4.210453 
59362.763680 -4.196684 
59362.795462 -4.183291 
59362.827244 -4.170207 
59362.859026 -4.157366 
59362.890808 -4.144700 
59362.922590 -4.132142 
59362.954372 -4.119623 
59362.986154 -4.107077 
59363.017935 -4.094436 
59363.049717 -4.081632 
59363.081499 -4.068599 
59363.113281 -4.055273 
59363.145063 -4.041588 
59363.176845 -4.027482 
59363.208627 -4.012892 
59363.240409 -3.997760 
59363.272191 -3.982026 
59363.303973 -3.965635 
59363.335755 -3.948533 
59363.367537 -3.930669 
59363.399319 -3.911993 
59363.431101 -3.892460 
59363.462883 -3.872028 
59363.494665 -3.850655 
59363.526447 -3.828306 
59363.558229 -3.804947 
59363.590011 -3.780549 
59363.621793 -3.755087 
59363.653575 -3.728537 
59363.685357 -3.700883 
59363.717139 -3.672112 
59363.748921 -3.642212 
59363.780703 -3.611180 
59363.812485 -3.579016 
59363.844267 -3.545722 
59363.876049 -3.511308 
59363.907831 -3.475787 
59363.939613 -3.439177 
59363.971395 -3.401502 
59364.003177 -3.362789 
59364.034959 -3.323072 
59364.066741 -3.282387 
59364.098523 -3.240779 
59364.130305 -3.198294 
59364.162087 -3.154986 
59364.193869 -3.110912 
59364.225651 -3.066135 
59364.257433 -3.020722 
59364.289215 -2.974746 
59364.320997 -2.928284 
59364.352779 -2.881417 
59364.384561 -2.834233 
59364.416343 -2.786822 
59364.448125 -2.739279 
59364.479907 -2.691706 
59364.511689 -2.644204 
59364.543471 -2.596884 
59364.575253 -2.549855 
59364.607035 -2.503236 
59364.638817 -2.457144 
59364.670599 -2.411702 
59364.702381 -2.367037 
59364.734163 -2.323278 
59364.765945 -2.280556 
59364.797727 -2.239007 
59364.829509 -2.198767 
59364.861291 -2.159976 
59364.893073 -2.122775 
59364.924855 -2.087306 
59364.956637 -2.053715 
59364.988419 -2.022146 
59365.020201 -1.992748 
59365.051983 -1.965666 
59365.083765 -1.941048 
59365.115547 -1.919044 
59365.147329 -1.899799 
59365.179111 -1.883462 
59365.210893 -1.870179 
59365.242675 -1.860095 
59365.274457 -1.853355 
59365.306239 -1.850102 
59365.338021 -1.850476 
59365.369803 -1.854615 
59365.401585 -1.862656 
59365.433367 -1.874732 
59365.465149 -1.890972 
59365.496931 -1.911503 
59365.528713 -1.936447 
59365.560495 -1.965925 
59365.592277 -2.000049 
59365.624059 -2.038929 
59365.655841 -2.082671 
59365.687623 -2.131374 
59365.719404 -2.185131 
59365.751186 -2.244031 
59365.782968 -2.308156 
59365.814750 -2.377582 
59365.846532 -2.452378 
59365.878314 -2.532607 
59365.910096 -2.618322 
59365.941878 -2.709574 
59365.973660 -2.806401 
59366.005442 -2.908836 
59366.037224 -3.016904 
59366.069006 -3.130620 
59366.100788 -3.249994 
59366.132570 -3.375023 
59366.164352 -3.505699 
59366.196134 -3.642003 
59366.227916 -3.783907 
59366.259698 -3.931375 
59366.291480 -4.084361 
59366.323262 -4.242809 
59366.355044 -4.406654 
59366.386826 -4.575822 
59366.418608 -4.750228 
59366.450390 -4.929778 
59366.482172 -5.114368 
59366.513954 -5.303885 
59366.545736 -5.498205 
59366.577518 -5.697194 
59366.609300 -5.900710 
59366.641082 -6.108600 
59366.672864 -6.320700 
59366.704646 -6.536840 
59366.736428 -6.756836 
59366.768210 -6.980498 
59366.799992 -7.207624 
59366.831774 -7.438005 
59366.863556 -7.671423 
59366.895338 -7.907647 
59366.927120 -8.146443 
59366.958902 -8.387565 
59366.990684 -8.630758 
59367.022466 -8.875761 
59367.054248 -9.122304 
59367.086030 -9.370110 
59367.117812 -9.618893 
59367.149594 -9.868362 
59367.181376 -10.118216 
59367.213158 -10.368152 
59367.244940 -10.617857 
59367.276722 -10.867013 
59367.308504 -11.115296 
59367.340286 -11.362380 
59367.372068 -11.607929 
59367.403850 -11.851606 
59367.435632 -12.093069 
59367.467414 -12.331973 
59367.499196 -12.567968 
59367.530978 -12.800702 
59367.562760 -13.029821 
59367.594542 -13.254969 
59367.626324 -13.475788 
59367.658106 -13.691918 
59367.689888 -13.902999 
59367.721670 -14.108673 
59367.753452 -14.308578 
59367.785234 -14.502356 
59367.817016 -14.689648 
59367.848798 -14.870099 
59367.880580 -15.043354 
59367.912362 -15.209062 
59367.944144 -15.366874 
59367.975926 -15.516445 
59368.007708 -15.657435 
59368.039490 -15.789507 
59368.071272 -15.912330 
59368.103054 -16.025578 
59368.134836 -16.128932 
59368.166618 -16.222078 
59368.198400 -16.304709 
59368.230182 -16.376527 
59368.261964 -16.437241 
59368.293746 -16.486568 
59368.325528 -16.524233 
59368.357310 -16.549972 
59368.389092 -16.563530 
59368.420873 -16.564661 
59368.452655 -16.553131 
59368.484437 -16.528715 
59368.516219 -16.491201 
59368.548001 -16.440388 
59368.579783 -16.376087 
59368.611565 -16.298121 
59368.643347 -16.206326 
59368.675129 -16.100551 
59368.706911 -15.980659 
59368.738693 -15.846526 
59368.770475 -15.698041 
59368.802257 -15.535109 
59368.834039 -15.357649 
59368.865821 -15.165593 
59368.897603 -14.958890 
59368.929385 -14.737503 
59368.961167 -14.501411 
59368.992949 -14.250607 
59369.024731 -13.985102 
59369.056513 -13.704921 
59369.088295 -13.410106 
59369.120077 -13.100712 
59369.151859 -12.776814 
59369.183641 -12.438501 
59369.215423 -12.085878 
59369.247205 -11.719067 
59369.278987 -11.338204 
59369.310769 -10.943445 
59369.342551 -10.534958 
59369.374333 -10.112929 
59369.406115 -9.677559 
59369.437897 -9.229066 
59369.469679 -8.767682 
59369.501461 -8.293656 
59369.533243 -7.807250 
59369.565025 -7.308744 
59369.596807 -6.798432 
59369.628589 -6.276620 
59369.660371 -5.743633 
59369.692153 -5.199805 
59369.723935 -4.645489 
59369.755717 -4.081047 
59369.787499 -3.506858 
59369.819281 -2.923310 
59369.851063 -2.330807 
59369.882845 -1.729764 
59369.914627 -1.120606 
59369.946409 -0.503771 
59369.978191 0.120291 
59370.009973 0.751123 
59370.041755 1.388255 
59370.073537 2.031209 
59370.105319 2.679497 
59370.137101 3.332624 
59370.168883 3.990085 
59370.200665 4.651370 
59370.232447 5.315960 
59370.264229 5.983329 
59370.296011 6.652949 
59370.327793 7.324282 
59370.359575 7.996790 
59370.391357 8.669926 
59370.423139 9.343143 
59370.454921 10.015890 
59370.486703 10.687614 
59370.518485 11.357761 
59370.550267 12.025773 
59370.582049 12.691094 
59370.613831 13.353169 
59370.645613 14.011441 
59370.677395 14.665356 
59370.709177 15.314363 
59370.740959 15.957911 
59370.772741 16.595454 
59370.804523 17.226450 
59370.836305 17.850361 
59370.868087 18.466655 
59370.899869 19.074803 
59370.931651 19.674284 
59370.963433 20.264586 
59370.995215 20.845201 
59371.026997 21.415631 
59371.058779 21.975386 
59371.090561 22.523985 
59371.122342 23.060957 
59371.154124 23.585841 
59371.185906 24.098189 
59371.217688 24.597560 
59371.249470 25.083529 
59371.281252 25.555680 
59371.313034 26.013612 
59371.344816 26.456937 
59371.376598 26.885280 
59371.408380 27.298281 
59371.440162 27.695592 
59371.471944 28.076884 
59371.503726 28.441840 
59371.535508 28.790160 
59371.567290 29.121561 
59371.599072 29.435774 
59371.630854 29.732548 
59371.662636 30.011649 
59371.694418 30.272861 
59371.726200 30.515983 
59371.757982 30.740834 
59371.789764 30.947251 
59371.821546 31.135086 
59371.853328 31.304214 
59371.885110 31.454523 
59371.916892 31.585924 
59371.948674 31.698344 
59371.980456 31.791730 
59372.012238 31.866046 
59372.044020 31.921277 
59372.075802 31.957426 
59372.107584 31.974513 
59372.139366 31.972578 
59372.171148 31.951680 
59372.202930 31.911897 
59372.234712 31.853322 
59372.266494 31.776072 
59372.298276 31.680276 
59372.330058 31.566086 
59372.361840 31.433668 
59372.393622 31.283209 
59372.425404 31.114910 
59372.457186 30.928992 
59372.488968 30.725690 
59372.520750 30.505258 
59372.552532 30.267965 
59372.584314 30.014096 
59372.616096 29.743951 
59372.647878 29.457846 
59372.679660 29.156111 
59372.711442 28.839091 
59372.743224 28.507144 
59372.775006 28.160644 
59372.806788 27.799974 
59372.838570 27.425533 
59372.870352 27.037730 
59372.902134 26.636987 
59372.933916 26.223736 
59372.965698 25.798421 
59372.997480 25.361494 
59373.029262 24.913418 
59373.061044 24.454664 
59373.092826 23.985713 
59373.124608 23.507052 
59373.156390 23.019176 
59373.188172 22.522586 
59373.219954 22.017791 
59373.251736 21.505304 
59373.283518 20.985642 
59373.315300 20.459328 
59373.347082 19.926887 
59373.378864 19.388850 
59373.410646 18.845747 
59373.442428 18.298111 
59373.474210 17.746477 
59373.505992 17.191381 
59373.537774 16.633356 
59373.569556 16.072938 
59373.601338 15.510661 
59373.633120 14.947054 
59373.664902 14.382648 
59373.696684 13.817969 
59373.728466 13.253538 
59373.760248 12.689875 
59373.792029 12.127492 
59373.823811 11.566899 
59373.855593 11.008597 
59373.887375 10.453083 
59373.919157 9.900846 
59373.950939 9.352367 
59373.982721 8.808120 
59374.014503 8.268571 
59374.046285 7.734177 
59374.078067 7.205383 
59374.109849 6.682627 
59374.141631 6.166337 
59374.173413 5.656927 
59374.205195 5.154804 
59374.236977 4.660361 
59374.268759 4.173980 
59374.300541 3.696029 
59374.332323 3.226865 
59374.364105 2.766833 
59374.395887 2.316263 
59374.427669 1.875472 
59374.459451 1.444762 
59374.491233 1.024425 
59374.523015 0.614733 
59374.554797 0.215947 
59374.586579 -0.171686 
59374.618361 -0.547936 
59374.650143 -0.912588 
59374.681925 -1.265440 
59374.713707 -1.606307 
59374.745489 -1.935020 
59374.777271 -2.251424 
59374.809053 -2.555380 
59374.840835 -2.846765 
59374.872617 -3.125470 
59374.904399 -3.391403 
59374.936181 -3.644488 
59374.967963 -3.884663 
59374.999745 -4.111883 
59375.031527 -4.326115 
59375.063309 -4.527347 
59375.095091 -4.715576 
59375.126873 -4.890817 
59375.158655 -5.053101 
59375.190437 -5.202472 
59375.222219 -5.338987 
59375.254001 -5.462720 
59375.285783 -5.573758 
59375.317565 -5.672201 
59375.349347 -5.758163 
59375.381129 -5.831772 
59375.412911 -5.893167 
59375.444693 -5.942502 
59375.476475 -5.979942 
59375.508257 -6.005664 
59375.540039 -6.019856 
59375.571821 -6.022719 
59375.603603 -6.014463 
59375.635385 -5.995310 
59375.667167 -5.965492 
59375.698949 -5.925249 
59375.730731 -5.874832 
59375.762513 -5.814501 
59375.794295 -5.744523 
59375.826077 -5.665175 
59375.857859 -5.576740 
59375.889641 -5.479508 
59375.921423 -5.373776 
59375.953205 -5.259849 
59375.984987 -5.138035 
59376.016769 -5.008649 
59376.048551 -4.872010 
59376.080333 -4.728442 
59376.112115 -4.578271 
59376.143897 -4.421830 
59376.175679 -4.259451 
59376.207461 -4.091471 
59376.239243 -3.918227 
59376.271025 -3.740060 
59376.302807 -3.557310 
59376.334589 -3.370318 
59376.366371 -3.179425 
59376.398153 -2.984971 
59376.429935 -2.787298 
59376.461717 -2.586743 
59376.493498 -2.383644 
59376.525280 -2.178334 
59376.557062 -1.971147 
59376.588844 -1.762411 
59376.620626 -1.552452 
59376.652408 -1.341592 
59376.684190 -1.130148 
59376.715972 -0.918434 
59376.747754 -0.706757 
59376.779536 -0.495420 
59376.811318 -0.284720 
59376.843100 -0.074948 
59376.874882 0.133611 
59376.906664 0.340681 
59376.938446 0.545989 
59376.970228 0.749272 
59377.002010 0.950275 
59377.033792 1.148749 
59377.065574 1.344453 
59377.097356 1.537157 
59377.129138 1.726637 
59377.160920 1.912678 
59377.192702 2.095074 
59377.224484 2.273629 
59377.256266 2.448156 
59377.288048 2.618476 
59377.319830 2.784421 
59377.351612 2.945832 
59377.383394 3.102561 
59377.415176 3.254467 
59377.446958 3.401422 
59377.478740 3.543306 
59377.510522 3.680009 
59377.542304 3.811432 
59377.574086 3.937486 
59377.605868 4.058090 
59377.637650 4.173175 
59377.669432 4.282682 
59377.701214 4.386560 
59377.732996 4.484770 
59377.764778 4.577281 
59377.796560 4.664073 
59377.828342 4.745134 
59377.860124 4.820462 
59377.891906 4.890066 
59377.923688 4.953960 
59377.955470 5.012172 
59377.987252 5.064735 
59378.019034 5.111691 
59378.050816 5.153093 
59378.082598 5.188998 
59378.114380 5.219476 
59378.146162 5.244600 
59378.177944 5.264454 
59378.209726 5.279127 
59378.241508 5.288716 
59378.273290 5.293324 
59378.305072 5.293062 
59378.336854 5.288045 
59378.368636 5.278396 
59378.400418 5.264242 
59378.432200 5.245717 
59378.463982 5.222958 
59378.495764 5.196108 
59378.527546 5.165315 
59378.559328 5.130729 
59378.591110 5.092506 
59378.622892 5.050804 
59378.654674 5.005784 
59378.686456 4.957611 
59378.718238 4.906453 
59378.750020 4.852477 
59378.781802 4.795855 
59378.813584 4.736760 
59378.845366 4.675364 
59378.877148 4.611843 
59378.908930 4.546372 
59378.940712 4.479126 
59378.972494 4.410279 
59379.004276 4.340009 
59379.036058 4.268487 
59379.067840 4.195889 
59379.099622 4.122385 
59379.131404 4.048147 
59379.163186 3.973343 
59379.194967 3.898140 
59379.226749 3.822702 
59379.258531 3.747190 
59379.290313 3.671764 
59379.322095 3.596579 
59379.353877 3.521787 
59379.385659 3.447537 
59379.417441 3.373975 
59379.449223 3.301240 
59379.481005 3.229470 
59379.512787 3.158796 
59379.544569 3.089347 
59379.576351 3.021246 
59379.608133 2.954611 
59379.639915 2.889554 
59379.671697 2.826183 
59379.703479 2.764602 
59379.735261 2.704906 
59379.767043 2.647188 
59379.798825 2.591533 
59379.830607 2.538022 
59379.862389 2.486729 
59379.894171 2.437723 
59379.925953 2.391065 
59379.957735 2.346814 
59379.989517 2.305020 
59380.021299 2.265727 
59380.053081 2.228974 
59380.084863 2.194795 
59380.116645 2.163216 
59380.148427 2.134259 
59380.180209 2.107939 
59380.211991 2.084264 
59380.243773 2.063240 
59380.275555 2.044864 
59380.307337 2.029128 
59380.339119 2.016019 
59380.370901 2.005519 
59380.402683 1.997605 
59380.434465 1.992247 
59380.466247 1.989412 
59380.498029 1.989060 
59380.529811 1.991150 
59380.561593 1.995632 
59380.593375 2.002454 
59380.625157 2.011560 
59380.656939 2.022889 
59380.688721 2.036377 
59380.720503 2.051955 
59380.752285 2.069551 
59380.784067 2.089091 
59380.815849 2.110497 
59380.847631 2.133688 
59380.879413 2.158580 
59380.911195 2.185087 
59380.942977 2.213122 
59380.974759 2.242593 
59381.006541 2.273410 
59381.038323 2.305478 
59381.070105 2.338703 
59381.101887 2.372990 
59381.133669 2.408241 
59381.165451 2.444359 
59381.197233 2.481248 
59381.229015 2.518808 
59381.260797 2.556943 
59381.292579 2.595555 
59381.324361 2.634548 
59381.356143 2.673825 
59381.387925 2.713292 
59381.419707 2.752854 
59381.451489 2.792420 
59381.483271 2.831898 
59381.515053 2.871200 
59381.546835 2.910239 
59381.578617 2.948930 
59381.610399 2.987191 
59381.642181 3.024943 
59381.673963 3.062108 
59381.705745 3.098613 
59381.737527 3.134387 
59381.769309 3.169363 
59381.801091 3.203476 
59381.832873 3.236666 
59381.864655 3.268877 
59381.896436 3.300054 
59381.928218 3.330150 
59381.960000 3.359119 
59381.991782 3.386921 
59382.023564 3.413518 
59382.055346 3.438879 
59382.087128 3.462975 
59382.118910 3.485784 
59382.150692 3.507286 
59382.182474 3.527467 
59382.214256 3.546317 
59382.246038 3.563830 
59382.277820 3.580008 
59382.309602 3.594852 
59382.341384 3.608373 
59382.373166 3.620583 
59382.404948 3.631500 
59382.436730 3.641147 
59382.468512 3.649550 
59382.500294 3.656741 
59382.532076 3.662755 
59382.563858 3.667634 
59382.595640 3.671420 
59382.627422 3.674162 
59382.659204 3.675913 
59382.690986 3.676730 
59382.722768 3.676672 
59382.754550 3.675803 
59382.786332 3.674190 
59382.818114 3.671906 
59382.849896 3.669023 
59382.881678 3.665619 
59382.913460 3.661775 
59382.945242 3.657572 
59382.977024 3.653098 
59383.008806 3.648440 
59383.040588 3.643688 
59383.072370 3.638934 
59383.104152 3.634274 
59383.135934 3.629802 
59383.167716 3.625616 
59383.199498 3.621815 
59383.231280 3.618497 
59383.263062 3.615765 
59383.294844 3.613718 
59383.326626 3.612458 
59383.358408 3.612087 
59383.390190 3.612706 
59383.421972 3.614415 
59383.453754 3.617317 
59383.485536 3.621510 
59383.517318 3.627094 
59383.549100 3.634167 
59383.580882 3.642824 
59383.612664 3.653161 
59383.644446 3.665270 
59383.676228 3.679242 
59383.708010 3.695165 
59383.739792 3.713126 
59383.771574 3.733208 
59383.803356 3.755490 
59383.835138 3.780052 
59383.866920 3.806965 
59383.898702 3.836301 
59383.930484 3.868126 
59383.962266 3.902504 
59383.994048 3.939492 
59384.025830 3.979147 
59384.057612 4.021518 
59384.089394 4.066650 
59384.121176 4.114586 
59384.152958 4.165361 
59384.184740 4.219007 
59384.216522 4.275550 
59384.248304 4.335012 
59384.280086 4.397408 
59384.311868 4.462749 
59384.343650 4.531041 
59384.375432 4.602283 
59384.407214 4.676469 
59384.438996 4.753587 
59384.470778 4.833622 
59384.502560 4.916549 
59384.534342 5.002341 
59384.566124 5.090962 
59384.597905 5.182373 
59384.629687 5.276528 
59384.661469 5.373375 
59384.693251 5.472858 
59384.725033 5.574912 
59384.756815 5.679470 
59384.788597 5.786457 
59384.820379 5.895793 
59384.852161 6.007394 
59384.883943 6.121169 
59384.915725 6.237023 
59384.947507 6.354854 
59384.979289 6.474556 
59385.011071 6.596020 
59385.042853 6.719129 
59385.074635 6.843763 
59385.106417 6.969799 
59385.138199 7.097106 
59385.169981 7.225552 
59385.201763 7.355001 
59385.233545 7.485311 
59385.265327 7.616338 
59385.297109 7.747935 
59385.328891 7.879952 
59385.360673 8.012233 
59385.392455 8.144624 
59385.424237 8.276965 
59385.456019 8.409095 
59385.487801 8.540852 
59385.519583 8.672070 
59385.551365 8.802583 
59385.583147 8.932224 
59385.614929 9.060825 
59385.646711 9.188215 
59385.678493 9.314225 
59385.710275 9.438687 
59385.742057 9.561428 
59385.773839 9.682281 
59385.805621 9.801077 
59385.837403 9.917647 
59385.869185 10.031825 
59385.900967 10.143445 
59385.932749 10.252345 
59385.964531 10.358362 
59385.996313 10.461336 
59386.028095 10.561113 
59386.059877 10.657536 
59386.091659 10.750457 
59386.123441 10.839726 
59386.155223 10.925199 
59386.187005 11.006738 
59386.218787 11.084205 
59386.250569 11.157469 
59386.282351 11.226402 
59386.314133 11.290882 
59386.345915 11.350792 
59386.377697 11.406020 
59386.409479 11.456458 
59386.441261 11.502006 
59386.473043 11.542568 
59386.504825 11.578056 
59386.536607 11.608385 
59386.568389 11.633480 
59386.600171 11.653271 
59386.631953 11.667693 
59386.663735 11.676691 
59386.695517 11.680215 
59386.727299 11.678222 
59386.759081 11.670677 
59386.790863 11.657553 
59386.822645 11.638828 
59386.854427 11.614489 
59386.886209 11.584532 
59386.917991 11.548957 
59386.949773 11.507775 
59386.981555 11.461002 
59387.013337 11.408665 
59387.045119 11.350795 
59387.076901 11.287433 
59387.108683 11.218628 
59387.140465 11.144435 
59387.172247 11.064917 
59387.204029 10.980145 
59387.235811 10.890198 
59387.267593 10.795162 
59387.299374 10.695130 
59387.331156 10.590202 
59387.362938 10.480487 
59387.394720 10.366098 
59387.426502 10.247157 
59387.458284 10.123793 
59387.490066 9.996140 
59387.521848 9.864339 
59387.553630 9.728538 
59387.585412 9.588891 
59387.617194 9.445556 
59387.648976 9.298698 
59387.680758 9.148489 
59387.712540 8.995103 
59387.744322 8.838721 
59387.776104 8.679528 
59387.807886 8.517714 
59387.839668 8.353473 
59387.871450 8.187002 
59387.903232 8.018502 
59387.935014 7.848180 
59387.966796 7.676241 
59387.998578 7.502898 
59388.030360 7.328362 
59388.062142 7.152850 
59388.093924 6.976578 
59388.125706 6.799765 
59388.157488 6.622631 
59388.189270 6.445396 
59388.221052 6.268282 
59388.252834 6.091510 
59388.284616 5.915302 
59388.316398 5.739879 
59388.348180 5.565462 
59388.379962 5.392268 
59388.411744 5.220516 
59388.443526 5.050423 
59388.475308 4.882202 
59388.507090 4.716064 
59388.538872 4.552219 
59388.570654 4.390872 
59388.602436 4.232226 
59388.634218 4.076479 
59388.666000 3.923826 
59388.697782 3.774458 
59388.729564 3.628560 
59388.761346 3.486314 
59388.793128 3.347894 
59388.824910 3.213472 
59388.856692 3.083211 
59388.888474 2.957270 
59388.920256 2.835802 
59388.952038 2.718951 
59388.983820 2.606857 
59389.015602 2.499651 
59389.047384 2.397459 
59389.079166 2.300396 
59389.110948 2.208573 
59389.142730 2.122092 
59389.174512 2.041045 
59389.206294 1.965519 
59389.238076 1.895589 
59389.269858 1.831325 
59389.301640 1.772787 
59389.333422 1.720025 
59389.365204 1.673081 
59389.396986 1.631989 
59389.428768 1.596772 
59389.460550 1.567446 
59389.492332 1.544017 
59389.524114 1.526480 
59389.555896 1.514822 
59389.587678 1.509022 
59389.619460 1.509049 
59389.651242 1.514860 
59389.683024 1.526406 
59389.714806 1.543629 
59389.746588 1.566458 
59389.778370 1.594817 
59389.810152 1.628618 
59389.841934 1.667766 
59389.873716 1.712157 
59389.905498 1.761676 
59389.937280 1.816203 
59389.969061 1.875605 
59390.000843 1.939746 
59390.032625 2.008477 
59390.064407 2.081643 
59390.096189 2.159083 
59390.127971 2.240625 
59390.159753 2.326092 
59390.191535 2.415299 
59390.223317 2.508055 
59390.255099 2.604161 
59390.286881 2.703413 
59390.318663 2.805599 
59390.350445 2.910503 
59390.382227 3.017904 
59390.414009 3.127572 
59390.445791 3.239277 
59390.477573 3.352781 
59390.509355 3.467843 
59390.541137 3.584218 
59390.572919 3.701656 
59390.604701 3.819907 
59390.636483 3.938714 
59390.668265 4.057821 
59390.700047 4.176967 
59390.731829 4.295890 
59390.763611 4.414328 
59390.795393 4.532017 
59390.827175 4.648691 
59390.858957 4.764085 
59390.890739 4.877933 
59390.922521 4.989971 
59390.954303 5.099935 
59390.986085 5.207561 
59391.017867 5.312588 
59391.049649 5.414756 
59391.081431 5.513809 
59391.113213 5.609491 
59391.144995 5.701551 
59391.176777 5.789740 
59391.208559 5.873815 
59391.240341 5.953535 
59391.272123 6.028664 
59391.303905 6.098970 
59391.335687 6.164229 
59391.367469 6.224220 
59391.399251 6.278728 
59391.431033 6.327544 
59391.462815 6.370468 
59391.494597 6.407304 
59391.526379 6.437864 
59391.558161 6.461966 
59391.589943 6.479439 
59391.621725 6.490117 
59391.653507 6.493844 
59391.685289 6.490470 
59391.717071 6.479855 
59391.748853 6.461870 
59391.780635 6.436391 
59391.812417 6.403307 
59391.844199 6.362515 
59391.875981 6.313920 
59391.907763 6.257440 
59391.939545 6.193000 
59391.971327 6.120537 
59392.003109 6.039999 
59392.034891 5.951341 
59392.066673 5.854532 
59392.098455 5.749549 
59392.130237 5.636382 
59392.162019 5.515029 
59392.193801 5.385500 
59392.225583 5.247816 
59392.257365 5.102009 
59392.289147 4.948119 
59392.320929 4.786200 
59392.352711 4.616316 
59392.384493 4.438539 
59392.416275 4.252955 
59392.448057 4.059658 
59392.479839 3.858753 
59392.511621 3.650356 
59392.543403 3.434592 
59392.575185 3.211597 
59392.606967 2.981517 
59392.638749 2.744505 
59392.670530 2.500727 
59392.702312 2.250355 
59392.734094 1.993574 
59392.765876 1.730575 
59392.797658 1.461557 
59392.829440 1.186730 
59392.861222 0.906311 
59392.893004 0.620524 
59392.924786 0.329602 
59392.956568 0.033784 
59392.988350 -0.266683 
59393.020132 -0.571546 
59393.051914 -0.880544 
59393.083696 -1.193412 
59393.115478 -1.509878 
59393.147260 -1.829665 
59393.179042 -2.152491 
59393.210824 -2.478069 
59393.242606 -2.806108 
59393.274388 -3.136312 
59393.306170 -3.468383 
59393.337952 -3.802018 
59393.369734 -4.136912 
59393.401516 -4.472759 
59393.433298 -4.809248 
59393.465080 -5.146069 
59393.496862 -5.482908 
59393.528644 -5.819453 
59393.560426 -6.155389 
59393.592208 -6.490402 
59393.623990 -6.824179 
59393.655772 -7.156406 
59393.687554 -7.486772 
59393.719336 -7.814965 
59393.751118 -8.140677 
59393.782900 -8.463601 
59393.814682 -8.783434 
59393.846464 -9.099875 
59393.878246 -9.412626 
59393.910028 -9.721394 
59393.941810 -10.025888 
59393.973592 -10.325825 
59394.005374 -10.620923 
59394.037156 -10.910908 
59394.068938 -11.195509 
59394.100720 -11.474465 
59394.132502 -11.747516 
59394.164284 -12.014413 
59394.196066 -12.274911 
59394.227848 -12.528772 
59394.259630 -12.775768 
59394.291412 -13.015677 
59394.323194 -13.248285 
59394.354976 -13.473385 
59394.386758 -13.690781 
59394.418540 -13.900285 
59394.450322 -14.101716 
59394.482104 -14.294903 
59394.513886 -14.479687 
59394.545668 -14.655914 
59394.577450 -14.823444 
59394.609232 -14.982143 
59394.641014 -15.131890 
59394.672796 -15.272572 
59394.704578 -15.404088 
59394.736360 -15.526345 
59394.768142 -15.639264 
59394.799924 -15.742772 
59394.831706 -15.836811 
59394.863488 -15.921330 
59394.895270 -15.996291 
59394.927052 -16.061665 
59394.958834 -16.117436 
59394.990616 -16.163595 
59395.022398 -16.200147 
59395.054180 -16.227107 
59395.085962 -16.244498 
59395.117744 -16.252357 
59395.149526 -16.250728 
59395.181308 -16.239669 
59395.213090 -16.219245 
59395.244872 -16.189532 
59395.276654 -16.150618 
59395.308436 -16.102597 
59395.340218 -16.045575 
59395.371999 -15.979669 
59395.403781 -15.905001 
59395.435563 -15.821705 
59395.467345 -15.729925 
59395.499127 -15.629810 
59395.530909 -15.521521 
59395.562691 -15.405225 
59395.594473 -15.281098 
59395.626255 -15.149323 
59395.658037 -15.010090 
59395.689819 -14.863598 
59395.721601 -14.710052 
59395.753383 -14.549662 
59395.785165 -14.382647 
59395.816947 -14.209230 
59395.848729 -14.029640 
59395.880511 -13.844112 
59395.912293 -13.652885 
59395.944075 -13.456203 
59395.975857 -13.254316 
59396.007639 -13.047476 
59396.039421 -12.835939 
59396.071203 -12.619964 
59396.102985 -12.399814 
59396.134767 -12.175755 
59396.166549 -11.948052 
59396.198331 -11.716977 
59396.230113 -11.482799 
59396.261895 -11.245790 
59396.293677 -11.006224 
59396.325459 -10.764373 
59396.357241 -10.520511 
59396.389023 -10.274911 
59396.420805 -10.027846 
59396.452587 -9.779586 
59396.484369 -9.530404 
59396.516151 -9.280566 
59396.547933 -9.030340 
59396.579715 -8.779991 
59396.611497 -8.529780 
59396.643279 -8.279966 
59396.675061 -8.030805 
59396.706843 -7.782549 
59396.738625 -7.535446 
59396.770407 -7.289740 
59396.802189 -7.045671 
59396.833971 -6.803474 
59396.865753 -6.563379 
59396.897535 -6.325611 
59396.929317 -6.090387 
59396.961099 -5.857923 
59396.992881 -5.628426 
59397.024663 -5.402096 
59397.056445 -5.179128 
59397.088227 -4.959712 
59397.120009 -4.744027 
59397.151791 -4.532248 
59397.183573 -4.324543 
59397.215355 -4.121071 
59397.247137 -3.921985 
59397.278919 -3.727429 
59397.310701 -3.537540 
59397.342483 -3.352448 
59397.374265 -3.172273 
59397.406047 -2.997129 
59397.437829 -2.827121 
59397.469611 -2.662345 
59397.501393 -2.502890 
59397.533175 -2.348836 
59397.564957 -2.200256 
59397.596739 -2.057213 
59397.628521 -1.919762 
59397.660303 -1.787950 
59397.692085 -1.661816 
59397.723867 -1.541390 
59397.755649 -1.426694 
59397.787431 -1.317743 
59397.819213 -1.214543 
59397.850995 -1.117091 
59397.882777 -1.025376 
59397.914559 -0.939383 
59397.946341 -0.859083 
59397.978123 -0.784445 
59398.009905 -0.715428 
59398.041687 -0.651984 
59398.073468 -0.594056 
59398.105250 -0.541584 
59398.137032 -0.494498 
59398.168814 -0.452722 
59398.200596 -0.416174 
59398.232378 -0.384765 
59398.264160 -0.358401 
59398.295942 -0.336980 
59398.327724 -0.320397 
59398.359506 -0.308540 
59398.391288 -0.301292 
59398.423070 -0.298531 
59398.454852 -0.300130 
59398.486634 -0.305958 
59398.518416 -0.315880 
59398.550198 -0.329757 
59398.581980 -0.347444 
59398.613762 -0.368795 
59398.645544 -0.393661 
59398.677326 -0.421889 
59398.709108 -0.453322 
59398.740890 -0.487804 
59398.772672 -0.525174 
59398.804454 -0.565270 
59398.836236 -0.607928 
59398.868018 -0.652984 
59398.899800 -0.700272 
59398.931582 -0.749624 
59398.963364 -0.800875 
59398.995146 -0.853856 
59399.026928 -0.908400 
59399.058710 -0.964339 
59399.090492 -1.021508 
59399.122274 -1.079740 
59399.154056 -1.138871 
59399.185838 -1.198737 
59399.217620 -1.259176 
59399.249402 -1.320029 
59399.281184 -1.381137 
59399.312966 -1.442344 
59399.344748 -1.503498 
59399.376530 -1.564447 
59399.408312 -1.625044 
59399.440094 -1.685144 
59399.471876 -1.744606 
59399.503658 -1.803292 
59399.535440 -1.861068 
59399.567222 -1.917804 
59399.599004 -1.973374 
59399.630786 -2.027656 
59399.662568 -2.080532 
59399.694350 -2.131888 
59399.726132 -2.181617 
59399.757914 -2.229614 
59399.789696 -2.275781 
59399.821478 -2.320024 
59399.853260 -2.362253 
59399.885042 -2.402385 
59399.916824 -2.440341 
59399.948606 -2.476048 
59399.980388 -2.509439 
59400.012170 -2.540450 
59400.043952 -2.569024 
59400.075734 -2.595111 
59400.107516 -2.618663 
59400.139298 -2.639641 
59400.171080 -2.658009 
59400.202862 -2.673738 
59400.234644 -2.686804 
59400.266426 -2.697188 
59400.298208 -2.704878 
59400.329990 -2.709865 
59400.361772 -2.712147 
59400.393554 -2.711728 
59400.425336 -2.708615 
59400.457118 -2.702822 
59400.488900 -2.694367 
59400.520682 -2.683273 
59400.552464 -2.669570 
59400.584246 -2.653289 
59400.616028 -2.634469 
59400.647810 -2.613151 
59400.679592 -2.589383 
59400.711374 -2.563214 
59400.743156 -2.534702 
59400.774937 -2.503903 
59400.806719 -2.470882 
59400.838501 -2.435704 
59400.870283 -2.398440 
59400.902065 -2.359163 
59400.933847 -2.317951 
59400.965629 -2.274881 
59400.997411 -2.230037 
59401.029193 -2.183505 
59401.060975 -2.135371 
59401.092757 -2.085725 
59401.124539 -2.034660 
59401.156321 -1.982270 
59401.188103 -1.928649 
59401.219885 -1.873895 
59401.251667 -1.818107 
59401.283449 -1.761384 
59401.315231 -1.703826 
59401.347013 -1.645536 
59401.378795 -1.586614 
59401.410577 -1.527163 
59401.442359 -1.467285 
59401.474141 -1.407083 
59401.505923 -1.346659 
59401.537705 -1.286114 
59401.569487 -1.225550 
59401.601269 -1.165067 
59401.633051 -1.104764 
59401.664833 -1.044741 
59401.696615 -0.985093 
59401.728397 -0.925916 
59401.760179 -0.867305 
59401.791961 -0.809352 
59401.823743 -0.752146 
59401.855525 -0.695777 
59401.887307 -0.640329 
59401.919089 -0.585888 
59401.950871 -0.532533 
59401.982653 -0.480343 
59402.014435 -0.429394 
59402.046217 -0.379759 
59402.077999 -0.331508 
59402.109781 -0.284708 
59402.141563 -0.239421 
59402.173345 -0.195710 
59402.205127 -0.153630 
59402.236909 -0.113235 
59402.268691 -0.074576 
59402.300473 -0.037699 
59402.332255 -0.002648 
59402.364037 0.030540 
59402.395819 0.061827 
59402.427601 0.091183 
59402.459383 0.118578 
59402.491165 0.143989 
59402.522947 0.167396 
59402.554729 0.188780 
59402.586511 0.208130 
59402.618293 0.225436 
59402.650075 0.240693 
59402.681857 0.253898 
59402.713639 0.265056 
59402.745421 0.274170 
59402.777203 0.281251 
59402.808985 0.286311 
59402.840767 0.289368 
59402.872549 0.290441 
59402.904331 0.289554 
59402.936113 0.286733 
59402.967895 0.282009 
59402.999677 0.275416 
59403.031459 0.266989 
59403.063241 0.256768 
59403.095023 0.244796 
59403.126805 0.231118 
59403.158587 0.215782 
59403.190369 0.198837 
59403.222151 0.180339 
59403.253933 0.160341 
59403.285715 0.138902 
59403.317497 0.116081 
59403.349279 0.091940 
59403.381061 0.066543 
59403.412843 0.039956 
59403.444624 0.012245 
59403.476406 -0.016520 
59403.508188 -0.046271 
59403.539970 -0.076935 
59403.571752 -0.108440 
59403.603534 -0.140714 
59403.635316 -0.173682 
59403.667098 -0.207269 
59403.698880 -0.241401 
59403.730662 -0.276000 
59403.762444 -0.310993 
59403.794226 -0.346302 
59403.826008 -0.381852 
59403.857790 -0.417566 
59403.889572 -0.453369 
59403.921354 -0.489185 
59403.953136 -0.524940 
59403.984918 -0.560560 
59404.016700 -0.595970 
59404.048482 -0.631100 
59404.080264 -0.665876 
59404.112046 -0.700229 
59404.143828 -0.734089 
59404.175610 -0.767388 
59404.207392 -0.800059 
59404.239174 -0.832038 
59404.270956 -0.863260 
59404.302738 -0.893665 
59404.334520 -0.923190 
59404.366302 -0.951779 
59404.398084 -0.979375 
59404.429866 -1.005923 
59404.461648 -1.031370 
59404.493430 -1.055666 
59404.525212 -1.078763 
59404.556994 -1.100614 
59404.588776 -1.121176 
59404.620558 -1.140406 
59404.652340 -1.158264 
59404.684122 -1.174715 
59404.715904 -1.189722 
59404.747686 -1.203252 
59404.779468 -1.215277 
59404.811250 -1.225766 
59404.843032 -1.234696 
59404.874814 -1.242041 
59404.906596 -1.247782 
59404.938378 -1.251899 
59404.970160 -1.254376 
59405.001942 -1.255198 
59405.033724 -1.254353 
59405.065506 -1.251831 
59405.097288 -1.247624 
59405.129070 -1.241726 
59405.160852 -1.234134 
59405.192634 -1.224845 
59405.224416 -1.213859 
59405.256198 -1.201179 
59405.287980 -1.186807 
59405.319762 -1.170750 
59405.351544 -1.153015 
59405.383326 -1.133609 
59405.415108 -1.112543 
59405.446890 -1.089828 
59405.478672 -1.065477 
59405.510454 -1.039504 
59405.542236 -1.011925 
59405.574018 -0.982755 
59405.605800 -0.952011 
59405.637582 -0.919713 
59405.669364 -0.885878 
59405.701146 -0.850526 
59405.732928 -0.813678 
59405.764710 -0.775355 
59405.796492 -0.735578 
59405.828274 -0.694368 
59405.860056 -0.651747 
59405.891838 -0.607738 
59405.923620 -0.562362 
59405.955402 -0.515642 
59405.987184 -0.467600 
59406.018966 -0.418259 
59406.050748 -0.367639 
59406.082530 -0.315762 
59406.114312 -0.262650 
59406.146093 -0.208323 
59406.177875 -0.152802 
59406.209657 -0.096106 
59406.241439 -0.038253 
59406.273221 0.020737 
59406.305003 0.080847 
59406.336785 0.142060 
59406.368567 0.204361 
59406.400349 0.267734 
59406.432131 0.332165 
59406.463913 0.397640 
59406.495695 0.464148 
59406.527477 0.531676 
59406.559259 0.600215 
59406.591041 0.669756 
59406.622823 0.740289 
59406.654605 0.811807 
59406.686387 0.884305 
59406.718169 0.957776 
59406.749951 1.032216 
59406.781733 1.107622 
59406.813515 1.183992 
59406.845297 1.261322 
59406.877079 1.339614 
59406.908861 1.418866 
59406.940643 1.499079 
59406.972425 1.580254 
59407.004207 1.662395 
59407.035989 1.745503 
59407.067771 1.829581 
59407.099553 1.914634 
59407.131335 2.000664 
59407.163117 2.087676 
59407.194899 2.175674 
59407.226681 2.264663 
59407.258463 2.354647 
59407.290245 2.445630 
59407.322027 2.537616 
59407.353809 2.630610 
59407.385591 2.724613 
59407.417373 2.819628 
59407.449155 2.915659 
59407.480937 3.012704 
59407.512719 3.110766 
59407.544501 3.209842 
59407.576283 3.309931 
59407.608065 3.411030 
59407.639847 3.513132 
59407.671629 3.616232 
59407.703411 3.720322 
59407.735193 3.825392 
59407.766975 3.931428 
59407.798757 4.038418 
59407.830539 4.146344 
59407.862321 4.255187 
59407.894103 4.364927 
59407.925885 4.475538 
59407.957667 4.586994 
59407.989449 4.699265 
59408.021231 4.812318 
59408.053013 4.926117 
59408.084795 5.040623 
59408.116577 5.155791 
59408.148359 5.271577 
59408.180141 5.387930 
59408.211923 5.504795 
59408.243705 5.622117 
59408.275487 5.739832 
59408.307269 5.857876 
59408.339051 5.976178 
59408.370833 6.094665 
59408.402615 6.213258 
59408.434397 6.331875 
59408.466179 6.450428 
59408.497961 6.568828 
59408.529743 6.686977 
59408.561525 6.804775 
59408.593307 6.922118 
59408.625089 7.038895 
59408.656871 7.154993 
59408.688653 7.270293 
59408.720435 7.384671 
59408.752217 7.498000 
59408.783999 7.610148 
59408.815781 7.720976 
59408.847562 7.830345 
59408.879344 7.938107 
59408.911126 8.044113 
59408.942908 8.148207 
59408.974690 8.250232 
59409.006472 8.350024 
59409.038254 8.447415 
59409.070036 8.542236 
59409.101818 8.634311 
59409.133600 8.723461 
59409.165382 8.809504 
59409.197164 8.892256 
59409.228946 8.971526 
59409.260728 9.047123 
59409.292510 9.118851 
59409.324292 9.186514 
59409.356074 9.249911 
59409.387856 9.308839 
59409.419638 9.363094 
59409.451420 9.412468 
59409.483202 9.456753 
59409.514984 9.495740 
59409.546766 9.529216 
59409.578548 9.556969 
59409.610330 9.578788 
59409.642112 9.594457 
59409.673894 9.603763 
59409.705676 9.606493 
59409.737458 9.602433 
59409.769240 9.591371 
59409.801022 9.573094 
59409.832804 9.547392 
59409.864586 9.514056 
59409.896368 9.472878 
59409.928150 9.423654 
59409.959932 9.366180 
59409.991714 9.300258 
59410.023496 9.225688 
59410.055278 9.142279 
59410.087060 9.049841 
59410.118842 8.948187 
59410.150624 8.837136 
59410.182406 8.716511 
59410.214188 8.586142 
59410.245970 8.445860 
59410.277752 8.295506 
59410.309534 8.134925 
59410.341316 7.963967 
59410.373098 7.782492 
59410.404880 7.590365 
59410.436662 7.387456 
59410.468444 7.173646 
59410.500226 6.948823 
59410.532008 6.712881 
59410.563790 6.465726 
59410.595572 6.207268 
59410.627354 5.937431 
59410.659136 5.656144 
59410.690918 5.363348 
59410.722700 5.058992 
59410.754482 4.743036 
59410.786264 4.415450 
59410.818046 4.076214 
59410.849828 3.725319 
59410.881610 3.362766 
59410.913392 2.988568 
59410.945174 2.602749 
59410.976956 2.205343 
59411.008738 1.796397 
59411.040520 1.375968 
59411.072302 0.944127 
59411.104084 0.500954 
59411.135866 0.046543 
59411.167648 -0.419000 
59411.199430 -0.895559 
59411.231212 -1.383004 
59411.262994 -1.881193 
59411.294776 -2.389973 
59411.326558 -2.909178 
59411.358340 -3.438629 
59411.390122 -3.978136 
59411.421904 -4.527497 
59411.453686 -5.086498 
59411.485468 -5.654913 
59411.517250 -6.232502 
59411.549031 -6.819016 
59411.580813 -7.414193 
59411.612595 -8.017760 
59411.644377 -8.629432 
59411.676159 -9.248914 
59411.707941 -9.875897 
59411.739723 -10.510066 
59411.771505 -11.151091 
59411.803287 -11.798633 
59411.835069 -12.452343 
59411.866851 -13.111863 
59411.898633 -13.776825 
59411.930415 -14.446849 
59411.962197 -15.121550 
59411.993979 -15.800532 
59412.025761 -16.483391 
59412.057543 -17.169716 
59412.089325 -17.859085 
59412.121107 -18.551074 
59412.152889 -19.245247 
59412.184671 -19.941164 
59412.216453 -20.638380 
59412.248235 -21.336441 
59412.280017 -22.034890 
59412.311799 -22.733265 
59412.343581 -23.431100 
59412.375363 -24.127923 
59412.407145 -24.823262 
59412.438927 -25.516638 
59412.470709 -26.207572 
59412.502491 -26.895582 
59412.534273 -27.580187 
59412.566055 -28.260901 
59412.597837 -28.937239 
59412.629619 -29.608718 
59412.661401 -30.274854 
59412.693183 -30.935162 
59412.724965 -31.589162 
59412.756747 -32.236374 
59412.788529 -32.876322 
59412.820311 -33.508531 
59412.852093 -34.132531 
59412.883875 -34.747856 
59412.915657 -35.354045 
59412.947439 -35.950642 
59412.979221 -36.537196 
59413.011003 -37.113262 
59413.042785 -37.678404 
59413.074567 -38.232190 
59413.106349 -38.774199 
59413.138131 -39.304014 
59413.169913 -39.821231 
59413.201695 -40.325452 
59413.233477 -40.816291 
59413.265259 -41.293369 
59413.297041 -41.756320 
59413.328823 -42.204789 
59413.360605 -42.638431 
59413.392387 -43.056912 
59413.424169 -43.459913 
59413.455951 -43.847125 
59413.487733 -44.218252 
59413.519515 -44.573013 
59413.551297 -44.911139 
59413.583079 -45.232375 
59413.614861 -45.536482 
59413.646643 -45.823232 
59413.678425 -46.092415 
59413.710207 -46.343835 
59413.741989 -46.577311 
59413.773771 -46.792678 
59413.805553 -46.989785 
59413.837335 -47.168500 
59413.869117 -47.328705 
59413.900899 -47.470297 
59413.932681 -47.593192 
59413.964463 -47.697322 
59413.996245 -47.782634 
59414.028027 -47.849093 
59414.059809 -47.896680 
59414.091591 -47.925392 
59414.123373 -47.935246 
59414.155155 -47.926271 
59414.186937 -47.898517 
59414.218719 -47.852047 
59414.250500 -47.786943 
59414.282282 -47.703302 
59414.314064 -47.601240 
59414.345846 -47.480886 
59414.377628 -47.342386 
59414.409410 -47.185904 
59414.441192 -47.011616 
59414.472974 -46.819718 
59414.504756 -46.610417 
59414.536538 -46.383938 
59414.568320 -46.140519 
59414.600102 -45.880414 
59414.631884 -45.603890 
59414.663666 -45.311230 
59414.695448 -45.002727 
59414.727230 -44.678689 
59414.759012 -44.339439 
59414.790794 -43.985309 
59414.822576 -43.616645 
59414.854358 -43.233805 
59414.886140 -42.837156 
59414.917922 -42.427078 
59414.949704 -42.003960 
59414.981486 -41.568202 
59415.013268 -41.120213 
59415.045050 -40.660411 
59415.076832 -40.189221 
59415.108614 -39.707078 
59415.140396 -39.214423 
59415.172178 -38.711705 
59415.203960 -38.199378 
59415.235742 -37.677903 
59415.267524 -37.147745 
59415.299306 -36.609376 
59415.331088 -36.063269 
59415.362870 -35.509903 
59415.394652 -34.949760 
59415.426434 -34.383322 
59415.458216 -33.811077 
59415.489998 -33.233510 
59415.521780 -32.651109 
59415.553562 -32.064363 
59415.585344 -31.473760 
59415.617126 -30.879785 
59415.648908 -30.282925 
59415.680690 -29.683663 
59415.712472 -29.082480 
59415.744254 -28.479854 
59415.776036 -27.876257 
59415.807818 -27.272162 
59415.839600 -26.668032 
59415.871382 -26.064329 
59415.903164 -25.461505 
59415.934946 -24.860011 
59415.966728 -24.260286 
59415.998510 -23.662766 
59416.030292 -23.067878 
59416.062074 -22.476040 
59416.093856 -21.887663 
59416.125638 -21.303147 
59416.157420 -20.722886 
59416.189202 -20.147261 
59416.220984 -19.576645 
59416.252766 -19.011400 
59416.284548 -18.451877 
59416.316330 -17.898416 
59416.348112 -17.351345 
59416.379894 -16.810982 
59416.411676 -16.277631 
59416.443458 -15.751585 
59416.475240 -15.233124 
59416.507022 -14.722516 
59416.538804 -14.220015 
59416.570586 -13.725862 
59416.602368 -13.240285 
59416.634150 -12.763500 
59416.665932 -12.295707 
59416.697714 -11.837094 
59416.729496 -11.387835 
59416.761278 -10.948090 
59416.793060 -10.518005 
59416.824842 -10.097713 
59416.856624 -9.687331 
59416.888406 -9.286965 
59416.920188 -8.896705 
59416.951969 -8.516628 
59416.983751 -8.146798 
59417.015533 -7.787264 
59417.047315 -7.438063 
59417.079097 -7.099217 
59417.110879 -6.770737 
59417.142661 -6.452617 
59417.174443 -6.144843 
59417.206225 -5.847386 
59417.238007 -5.560203 
59417.269789 -5.283241 
59417.301571 -5.016435 
59417.333353 -4.759707 
59417.365135 -4.512969 
59417.396917 -4.276120 
59417.428699 -4.049050 
59417.460481 -3.831638 
59417.492263 -3.623752 
59417.524045 -3.425252 
59417.555827 -3.235985 
59417.587609 -3.055794 
59417.619391 -2.884509 
59417.651173 -2.721953 
59417.682955 -2.567943 
59417.714737 -2.422286 
59417.746519 -2.284782 
59417.778301 -2.155226 
59417.810083 -2.033406 
59417.841865 -1.919103 
59417.873647 -1.812096 
59417.905429 -1.712155 
59417.937211 -1.619048 
59417.968993 -1.532538 
59418.000775 -1.452386 
59418.032557 -1.378347 
59418.064339 -1.310178 
59418.096121 -1.247628 
59418.127903 -1.190449 
59418.159685 -1.138389 
59418.191467 -1.091198 
59418.223249 -1.048621 
59418.255031 -1.010408 
59418.286813 -0.976307 
59418.318595 -0.946066 
59418.350377 -0.919438 
59418.382159 -0.896173 
59418.413941 -0.876027 
59418.445723 -0.858757 
59418.477505 -0.844123 
59418.509287 -0.831889 
59418.541069 -0.821822 
59418.572851 -0.813693 
59418.604633 -0.807279 
59418.636415 -0.802360 
59418.668197 -0.798722 
59418.699979 -0.796157 
59418.731761 -0.794462 
59418.763543 -0.793439 
59418.795325 -0.792899 
59418.827107 -0.792657 
59418.858889 -0.792537 
59418.890671 -0.792368 
59418.922453 -0.791989 
59418.954235 -0.791243 
59418.986017 -0.789983 
59419.017799 -0.788070 
59419.049581 -0.785372 
59419.081363 -0.781765 
59419.113145 -0.777135 
59419.144927 -0.771374 
59419.176709 -0.764384 
59419.208491 -0.756074 
59419.240273 -0.746364 
59419.272055 -0.735181 
59419.303837 -0.722460 
59419.335619 -0.708145 
59419.367401 -0.692190 
59419.399183 -0.674556 
59419.430965 -0.655213 
59419.462747 -0.634138 
59419.494529 -0.611320 
59419.526311 -0.586752 
59419.558093 -0.560438 
59419.589875 -0.532388 
59419.621656 -0.502621 
59419.653438 -0.471164 
59419.685220 -0.438050 
59419.717002 -0.403320 
59419.748784 -0.367023 
59419.780566 -0.329213 
59419.812348 -0.289952 
59419.844130 -0.249308 
59419.875912 -0.207355 
59419.907694 -0.164173 
59419.939476 -0.119846 
59419.971258 -0.074466 
59420.003040 -0.028128 
59420.034822 0.019067 
59420.066604 0.067016 
59420.098386 0.115610 
59420.130168 0.164736 
59420.161950 0.214280 
59420.193732 0.264123 
59420.225514 0.314145 
59420.257296 0.364221 
59420.289078 0.414227 
59420.320860 0.464037 
59420.352642 0.513522 
59420.384424 0.562554 
59420.416206 0.611005 
59420.447988 0.658745 
59420.479770 0.705647 
59420.511552 0.751581 
59420.543334 0.796421 
59420.575116 0.840042 
59420.606898 0.882320 
59420.638680 0.923134 
59420.670462 0.962365 
59420.702244 0.999897 
59420.734026 1.035617 
59420.765808 1.069415 
59420.797590 1.101186 
59420.829372 1.130829 
59420.861154 1.158246 
59420.892936 1.183347 
59420.924718 1.206042 
59420.956500 1.226252 
59420.988282 1.243900 
59421.020064 1.258915 
59421.051846 1.271234 
59421.083628 1.280798 
59421.115410 1.287557 
59421.147192 1.291466 
59421.178974 1.292487 
59421.210756 1.290590 
59421.242538 1.285752 
59421.274320 1.277958 
59421.306102 1.267198 
59421.337884 1.253473 
59421.369666 1.236790 
59421.401448 1.217164 
59421.433230 1.194618 
59421.465012 1.169183 
59421.496794 1.140898 
59421.528576 1.109810 
59421.560358 1.075973 
59421.592140 1.039452 
59421.623922 1.000317 
59421.655704 0.958645 
59421.687486 0.914525 
59421.719268 0.868050 
59421.751050 0.819322 
59421.782832 0.768451 
59421.814614 0.715552 
59421.846396 0.660750 
59421.878178 0.604176 
59421.909960 0.545967 
59421.941742 0.486267 
59421.973524 0.425227 
59422.005306 0.363003 
59422.037088 0.299759 
59422.068870 0.235663 
59422.100652 0.170887 
59422.132434 0.105610 
59422.164216 0.040017 
59422.195998 -0.025707 
59422.227780 -0.091368 
59422.259562 -0.156771 
59422.291344 -0.221718 
59422.323125 -0.286006 
59422.354907 -0.349432 
59422.386689 -0.411788 
59422.418471 -0.472866 
59422.450253 -0.532455 
59422.482035 -0.590346 
59422.513817 -0.646325 
59422.545599 -0.700181 
59422.577381 -0.751702 
59422.609163 -0.800678 
59422.640945 -0.846898 
59422.672727 -0.890153 
59422.704509 -0.930238 
59422.736291 -0.966947 
59422.768073 -1.000080 
59422.799855 -1.029438 
59422.831637 -1.054828 
59422.863419 -1.076057 
59422.895201 -1.092942 
59422.926983 -1.105301 
59422.958765 -1.112958 
59422.990547 -1.115743 
59423.022329 -1.113495 
59423.054111 -1.106054 
59423.085893 -1.093273 
59423.117675 -1.075008 
59423.149457 -1.051124 
59423.181239 -1.021496 
59423.213021 -0.986004 
59423.244803 -0.944540 
59423.276585 -0.897004 
59423.308367 -0.843304 
59423.340149 -0.783361 
59423.371931 -0.717103 
59423.403713 -0.644469 
59423.435495 -0.565410 
59423.467277 -0.479887 
59423.499059 -0.387871 
59423.530841 -0.289346 
59423.562623 -0.184307 
59423.594405 -0.072759 
59423.626187 0.045279 
59423.657969 0.169777 
59423.689751 0.300694 
59423.721533 0.437975 
59423.753315 0.581554 
59423.785097 0.731353 
59423.816879 0.887280 
59423.848661 1.049234 
59423.880443 1.217097 
59423.912225 1.390744 
59423.944007 1.570034 
59423.975789 1.754816 
59424.007571 1.944925 
59424.039353 2.140185 
59424.071135 2.340411 
59424.102917 2.545401 
59424.134699 2.754946 
59424.166481 2.968824 
59424.198263 3.186802 
59424.230045 3.408636 
59424.261827 3.634074 
59424.293609 3.862850 
59424.325391 4.094691 
59424.357173 4.329312 
59424.388955 4.566422 
59424.420737 4.805718 
59424.452519 5.046891 
59424.484301 5.289622 
59424.516083 5.533585 
59424.547865 5.778448 
59424.579647 6.023869 
59424.611429 6.269505 
59424.643211 6.515001 
59424.674993 6.760002 
59424.706775 7.004144 
59424.738557 7.247062 
59424.770339 7.488386 
59424.802121 7.727741 
59424.833903 7.964753 
59424.865685 8.199043 
59424.897467 8.430231 
59424.929249 8.657937 
59424.961031 8.881780 
59424.992813 9.101380 
59425.024594 9.316356 
59425.056376 9.526331 
59425.088158 9.730928 
59425.119940 9.929773 
59425.151722 10.122497 
59425.183504 10.308733 
59425.215286 10.488119 
59425.247068 10.660299 
59425.278850 10.824921 
59425.310632 10.981642 
59425.342414 11.130122 
59425.374196 11.270033 
59425.405978 11.401052 
59425.437760 11.522866 
59425.469542 11.635171 
59425.501324 11.737673 
59425.533106 11.830088 
59425.564888 11.912143 
59425.596670 11.983577 
59425.628452 12.044140 
59425.660234 12.093596 
59425.692016 12.131720 
59425.723798 12.158302 
59425.755580 12.173146 
59425.787362 12.176069 
59425.819144 12.166903 
59425.850926 12.145496 
59425.882708 12.111711 
59425.914490 12.065426 
59425.946272 12.006538 
59425.978054 11.934957 
59426.009836 11.850613 
59426.041618 11.753449 
59426.073400 11.643430 
59426.105182 11.520535 
59426.136964 11.384763 
59426.168746 11.236129 
59426.200528 11.074666 
59426.232310 10.900428 
59426.264092 10.713484 
59426.295874 10.513922 
59426.327656 10.301850 
59426.359438 10.077392 
59426.391220 9.840691 
59426.423002 9.591910 
59426.454784 9.331227 
59426.486566 9.058841 
59426.518348 8.774967 
59426.550130 8.479837 
59426.581912 8.173704 
59426.613694 7.856835 
59426.645476 7.529515 
59426.677258 7.192046 
59426.709040 6.844746 
59426.740822 6.487951 
59426.772604 6.122009 
59426.804386 5.747288 
59426.836168 5.364166 
59426.867950 4.973040 
59426.899732 4.574319 
59426.931514 4.168426 
59426.963296 3.755795 
59426.995078 3.336876 
59427.026860 2.912129 
59427.058642 2.482025 
59427.090424 2.047046 
59427.122206 1.607686 
59427.153988 1.164447 
59427.185770 0.717838 
59427.217552 0.268379 
59427.249334 -0.183403 
59427.281116 -0.636975 
59427.312898 -1.091799 
59427.344680 -1.547329 
59427.376462 -2.003017 
59427.408244 -2.458310 
59427.440026 -2.912652 
59427.471808 -3.365486 
59427.503590 -3.816253 
59427.535372 -4.264393 
59427.567154 -4.709347 
59427.598936 -5.150555 
59427.630718 -5.587463 
59427.662500 -6.019516 
59427.694282 -6.446164 
59427.726063 -6.866862 
59427.757845 -7.281069 
59427.789627 -7.688251 
59427.821409 -8.087880 
59427.853191 -8.479437 
59427.884973 -8.862410 
59427.916755 -9.236298 
59427.948537 -9.600609 
59427.980319 -9.954861 
59428.012101 -10.298586 
59428.043883 -10.631326 
59428.075665 -10.952639 
59428.107447 -11.262095 
59428.139229 -11.559279 
59428.171011 -11.843792 
59428.202793 -12.115249 
59428.234575 -12.373285 
59428.266357 -12.617551 
59428.298139 -12.847714 
59428.329921 -13.063463 
59428.361703 -13.264504 
59428.393485 -13.450564 
59428.425267 -13.621389 
59428.457049 -13.776747 
59428.488831 -13.916427 
59428.520613 -14.040240 
59428.552395 -14.148018 
59428.584177 -14.239617 
59428.615959 -14.314916 
59428.647741 -14.373816 
59428.679523 -14.416243 
59428.711305 -14.442146 
59428.743087 -14.451498 
59428.774869 -14.444297 
59428.806651 -14.420565 
59428.838433 -14.380350 
59428.870215 -14.323722 
59428.901997 -14.250779 
59428.933779 -14.161641 
59428.965561 -14.056454 
59428.997343 -13.935391 
59429.029125 -13.798645 
59429.060907 -13.646438 
59429.092689 -13.479015 
59429.124471 -13.296644 
59429.156253 -13.099620 
59429.188035 -12.888258 
59429.219817 -12.662900 
59429.251599 -12.423910 
59429.283381 -12.171675 
59429.315163 -11.906603 
59429.346945 -11.629127 
59429.378727 -11.339699 
59429.410509 -11.038794 
59429.442291 -10.726906 
59429.474073 -10.404551 
59429.505855 -10.072262 
59429.537637 -9.730593 
59429.569419 -9.380115 
59429.601201 -9.021417 
59429.632983 -8.655104 
59429.664765 -8.281800 
59429.696547 -7.902140 
59429.728329 -7.516776 
59429.760111 -7.126374 
59429.791893 -6.731612 
59429.823675 -6.333180 
59429.855457 -5.931780 
59429.887239 -5.528123 
59429.919021 -5.122932 
59429.950803 -4.716934 
59429.982585 -4.310868 
59430.014367 -3.905476 
59430.046149 -3.501507 
59430.077931 -3.099716 
59430.109713 -2.700859 
59430.141495 -2.305696 
59430.173277 -1.914987 
59430.205059 -1.529494 
59430.236841 -1.149978 
59430.268623 -0.777197 
59430.300405 -0.411910 
59430.332187 -0.054867 
59430.363969 0.293182 
59430.395751 0.631496 
59430.427532 0.959339 
59430.459314 1.275983 
59430.491096 1.580711 
59430.522878 1.872814 
59430.554660 2.151594 
59430.586442 2.416366 
59430.618224 2.666456 
59430.650006 2.901207 
59430.681788 3.119974 
59430.713570 3.322130 
59430.745352 3.507063 
59430.777134 3.674180 
59430.808916 3.822906 
59430.840698 3.952686 
59430.872480 4.062985 
59430.904262 4.153288 
59430.936044 4.223105 
59430.967826 4.271965 
59430.999608 4.299423 
59431.031390 4.305058 
59431.063172 4.288473 
59431.094954 4.249296 
59431.126736 4.187182 
59431.158518 4.101814 
59431.190300 3.992900 
59431.222082 3.860178 
59431.253864 3.703412 
59431.285646 3.522397 
59431.317428 3.316955 
59431.349210 3.086940 
59431.380992 2.832234 
59431.412774 2.552751 
59431.444556 2.248432 
59431.476338 1.919254 
59431.508120 1.565220 
59431.539902 1.186366 
59431.571684 0.782760 
59431.603466 0.354500 
59431.635248 -0.098285 
59431.667030 -0.575433 
59431.698812 -1.076753 
59431.730594 -1.602023 
59431.762376 -2.150988 
59431.794158 -2.723364 
59431.825940 -3.318837 
59431.857722 -3.937061 
59431.889504 -4.577662 
59431.921286 -5.240234 
59431.953068 -5.924346 
59431.984850 -6.629534 
59432.016632 -7.355308 
59432.048414 -8.101150 
59432.080196 -8.866514 
59432.111978 -9.650830 
59432.143760 -10.453499 
59432.175542 -11.273898 
59432.207324 -12.111379 
59432.239106 -12.965271 
59432.270888 -13.834879 
59432.302670 -14.719486 
59432.334452 -15.618353 
59432.366234 -16.530722 
59432.398016 -17.455813 
59432.429798 -18.392828 
59432.461580 -19.340951 
59432.493362 -20.299350 
59432.525144 -21.267176 
59432.556926 -22.243565 
59432.588708 -0.000052 
