# time Tc_folded Tref_folded value value_err offset model full_model val_compare val_compare_err residuals residuals_err jitter jitter_flag offset_flag subset_flag 
59334.700184 0.000000 0.000000 -54.716667 0.950000 -50.418990 -0.523770 -50.942760 -4.297677 0.950000 -3.773907 0.950000 1.895760  -1   2  -1 
59334.703954 0.000000 0.000000 -53.866667 0.950000 -50.418990 -0.524355 -50.943345 -3.447677 0.950000 -2.923322 0.950000 1.895760  -1   2  -1 
59334.711459 0.000000 0.000000 -54.216667 0.950000 -50.418990 -0.525516 -50.944506 -3.797677 0.950000 -3.272161 0.950000 1.895760  -1   2  -1 
59334.934601 0.000000 0.000000 -59.983333 0.950000 -58.281562 -0.556810 -58.838373 -1.701771 0.950000 -1.144960 0.950000 1.895760  -1   3  -1 
59334.935678 0.000000 0.000000 -60.633333 0.950000 -58.281562 -0.556946 -58.838508 -2.351771 0.950000 -1.794825 0.950000 1.895760  -1   3  -1 
59334.936754 0.000000 0.000000 -59.216667 0.950000 -58.281562 -0.557080 -58.838643 -0.935105 0.950000 -0.378024 0.950000 1.895760  -1   3  -1 
59336.069824 0.000000 0.000000 -61.100000 0.950000 -58.281562 -0.598954 -58.880516 -2.818438 0.950000 -2.219484 0.950000 1.895760  -1   3  -1 
59336.071983 0.000000 0.000000 -60.883333 0.950000 -58.281562 -0.598836 -58.880398 -2.601771 0.950000 -2.002935 0.950000 1.895760  -1   3  -1 
59336.073065 0.000000 0.000000 -56.733333 0.950000 -58.281562 -0.598777 -58.880339 1.548229 0.950000 2.147006 0.950000 1.895760  -1   3  -1 
59336.087932 0.000000 0.000000 -73.800000 0.950000 -72.811447 -0.597945 -73.409392 -0.988553 0.950000 -0.390608 0.950000 1.895760  -1   0  -1 
59336.113567 0.000000 0.000000 -74.433333 0.950000 -72.811447 -0.596433 -73.407879 -1.621886 0.950000 -1.025454 0.950000 1.895760  -1   0  -1 
59336.116529 0.000000 0.000000 -72.733333 0.950000 -72.811447 -0.596252 -73.407698 0.078114 0.950000 0.674365 0.950000 1.895760  -1   0  -1 
59337.794690 0.000000 0.000000 -49.966667 0.950000 -50.418990 -0.358088 -50.777079 0.452323 0.950000 0.810412 0.950000 1.895760  -1   2  -1 
59337.802213 0.000000 0.000000 -50.250000 0.950000 -50.418990 -0.356850 -50.775840 0.168990 0.950000 0.525840 0.950000 1.895760  -1   2  -1 
59337.805964 0.000000 0.000000 -52.816667 0.950000 -50.418990 -0.356234 -50.775224 -2.397677 0.950000 -2.041443 0.950000 1.895760  -1   2  -1 
59338.101617 0.000000 0.000000 -73.116667 0.950000 -72.811447 -0.310370 -73.121816 -0.305220 0.950000 0.005149 0.950000 1.895760  -1   0  -1 
59338.106766 0.000000 0.000000 -76.166667 0.950000 -72.811447 -0.309628 -73.121075 -3.355220 0.950000 -3.045592 0.950000 1.895760  -1   0  -1 
59338.111894 0.000000 0.000000 -72.666667 0.950000 -72.811447 -0.308892 -73.120338 0.144780 0.950000 0.453671 0.950000 1.895760  -1   0  -1 
59340.098120 0.000000 0.000000 -60.116667 0.950000 -58.281562 -0.269963 -58.551525 -1.835105 0.950000 -1.565142 0.950000 1.895760  -1   3  -1 
59340.099194 0.000000 0.000000 -59.983333 0.950000 -58.281562 -0.270075 -58.551637 -1.701771 0.950000 -1.431696 0.950000 1.895760  -1   3  -1 
59340.101354 0.000000 0.000000 -60.550000 0.950000 -58.281562 -0.270300 -58.551862 -2.268438 0.950000 -1.998138 0.950000 1.895760  -1   3  -1 
59340.125153 0.000000 0.000000 -70.300000 0.950000 -72.811447 -0.272807 -73.084254 2.511447 0.950000 2.784254 0.950000 1.895760  -1   0  -1 
59340.134329 0.000000 0.000000 -72.866667 0.950000 -72.811447 -0.273786 -73.085233 -0.055220 0.950000 0.218566 0.950000 1.895760  -1   0  -1 
59340.148161 0.000000 0.000000 -68.533333 0.950000 -72.811447 -0.275275 -73.086722 4.278114 0.950000 4.553389 0.950000 1.895760  -1   0  -1 
59341.954385 0.000000 0.000000 -59.533333 0.950000 -58.281562 -0.470517 -58.752080 -1.251771 0.950000 -0.781253 0.950000 1.895760  -1   3  -1 
59341.957620 0.000000 0.000000 -59.716667 0.950000 -58.281562 -0.470637 -58.752199 -1.435105 0.950000 -0.964468 0.950000 1.895760  -1   3  -1 
59341.958695 0.000000 0.000000 -55.016667 0.950000 -58.281562 -0.470676 -58.752238 3.264895 0.950000 3.735571 0.950000 1.895760  -1   3  -1 
59341.996746 0.000000 0.000000 -71.316667 0.950000 -72.811447 -0.471958 -73.283404 1.494780 0.950000 1.966737 0.950000 1.895760  -1   0  -1 
59342.000684 0.000000 0.000000 -72.216667 0.950000 -72.811447 -0.472078 -73.283525 0.594780 0.950000 1.066858 0.950000 1.895760  -1   0  -1 
59343.674792 0.000000 0.000000 -53.333333 0.950000 -50.418990 -0.311071 -50.730061 -2.914343 0.950000 -2.603272 0.950000 1.895760  -1   2  -1 
59343.682301 0.000000 0.000000 -51.850000 0.950000 -50.418990 -0.309583 -50.728573 -1.431010 0.950000 -1.121427 0.950000 1.895760  -1   2  -1 
59343.689815 0.000000 0.000000 -50.800000 0.950000 -50.418990 -0.308091 -50.727081 -0.381010 0.950000 -0.072919 0.950000 1.895760  -1   2  -1 
59344.038460 0.000000 0.000000 -77.833333 0.950000 -72.811447 -0.236433 -73.047879 -5.021886 0.950000 -4.785454 0.950000 1.895760  -1   0  -1 
59344.047124 0.000000 0.000000 -75.633333 0.950000 -72.811447 -0.234624 -73.046071 -2.821886 0.950000 -2.587262 0.950000 1.895760  -1   0  -1 
59344.054785 0.000000 0.000000 -73.050000 0.950000 -72.811447 -0.233026 -73.044472 -0.238553 0.950000 -0.005528 0.950000 1.895760  -1   0  -1 
59344.090520 0.000000 0.000000 -59.566667 0.950000 -58.281562 -0.225575 -58.507137 -1.285105 0.950000 -1.059530 0.950000 1.895760  -1   3  -1 
59344.093753 0.000000 0.000000 -57.016667 0.950000 -58.281562 -0.224901 -58.506464 1.264895 0.950000 1.489797 0.950000 1.895760  -1   3  -1 
59344.094826 0.000000 0.000000 -55.883333 0.950000 -58.281562 -0.224678 -58.506240 2.398229 0.950000 2.622907 0.950000 1.895760  -1   3  -1 
59345.052239 0.000000 0.000000 -71.833333 0.950000 -72.811447 -0.059198 -72.870644 0.978114 0.950000 1.037311 0.950000 1.895760  -1   0  -1 
59345.054836 0.000000 0.000000 -71.700000 0.950000 -72.811447 -0.058916 -72.870362 1.111447 0.950000 1.170362 0.950000 1.895760  -1   0  -1 
59345.062635 0.000000 0.000000 -71.133333 0.950000 -72.811447 -0.058078 -72.869524 1.678114 0.950000 1.736191 0.950000 1.895760  -1   0  -1 
59348.691508 0.000000 0.000000 -48.633333 0.950000 -50.418990 -1.158243 -51.577233 1.785657 0.950000 2.943900 0.950000 1.895760  -1   2  -1 
59348.699020 0.000000 0.000000 -49.933333 0.950000 -50.418990 -1.161773 -51.580764 0.485657 0.950000 1.647431 0.950000 1.895760  -1   2  -1 
59348.702790 0.000000 0.000000 -55.850000 0.950000 -50.418990 -1.163542 -51.582532 -5.431010 0.950000 -4.267468 0.950000 1.895760  -1   2  -1 
59349.021951 0.000000 0.000000 -74.950000 0.950000 -72.811447 -1.303625 -74.115072 -2.138553 0.950000 -0.834928 0.950000 1.895760  -1   0  -1 
59349.026999 0.000000 0.000000 -73.216667 0.950000 -72.811447 -1.305669 -74.117115 -0.405220 0.950000 0.900448 0.950000 1.895760  -1   0  -1 
59349.032064 0.000000 0.000000 -72.666667 0.950000 -72.811447 -1.307713 -74.119160 0.144780 0.950000 1.452493 0.950000 1.895760  -1   0  -1 
59350.089948 0.000000 0.000000 -72.450000 0.950000 -72.811447 -1.572746 -74.384192 0.361447 0.950000 1.934192 0.950000 1.895760  -1   0  -1 
59350.092419 0.000000 0.000000 -71.983333 0.950000 -72.811447 -1.572937 -74.384383 0.828114 0.950000 2.401050 0.950000 1.895760  -1   0  -1 
59350.106715 0.000000 0.000000 -74.616667 0.950000 -72.811447 -1.574002 -74.385448 -1.805220 0.950000 -0.231219 0.950000 1.895760  -1   0  -1 
59350.920251 0.000000 0.000000 -71.933333 0.950000 -72.811447 -1.521388 -74.332835 0.878114 0.950000 2.399502 0.950000 1.895760  -1   0  -1 
59351.708087 0.000000 0.000000 -55.500000 0.950000 -50.418990 -1.297508 -51.716499 -5.081010 0.950000 -3.783501 0.950000 1.895760  -1   2  -1 
59351.715613 0.000000 0.000000 -55.816667 0.950000 -50.418990 -1.294840 -51.713830 -5.397677 0.950000 -4.102837 0.950000 1.895760  -1   2  -1 
59351.726880 0.000000 0.000000 -51.000000 0.950000 -50.418990 -1.290832 -51.709823 -0.581010 0.950000 0.709823 0.950000 1.895760  -1   2  -1 
59352.098517 0.000000 0.000000 -71.966667 0.950000 -72.811447 -1.152825 -73.964271 0.844780 0.950000 1.997604 0.950000 1.895760  -1   0  -1 
59352.108322 0.000000 0.000000 -72.800000 0.950000 -72.811447 -1.149093 -73.960539 0.011447 0.950000 1.160539 0.950000 1.895760  -1   0  -1 
59352.122068 0.000000 0.000000 -72.483333 0.950000 -72.811447 -1.143859 -73.955305 0.328114 0.950000 1.471972 0.950000 1.895760  -1   0  -1 
59353.715347 0.000000 0.000000 -52.500000 0.950000 -50.418990 -0.680275 -51.099266 -2.081010 0.950000 -1.400734 0.950000 1.895760  -1   2  -1 
59353.719104 0.000000 0.000000 -51.050000 0.950000 -50.418990 -0.679828 -51.098818 -0.631010 0.950000 0.048818 0.950000 1.895760  -1   2  -1 
59353.722869 0.000000 0.000000 -48.066667 0.950000 -50.418990 -0.679383 -51.098374 2.352323 0.950000 3.031707 0.950000 1.895760  -1   2  -1 
59354.076145 0.000000 0.000000 -71.883333 0.950000 -72.811447 -0.656165 -73.467612 0.928114 0.950000 1.584279 0.950000 1.895760  -1   0  -1 
59354.101312 0.000000 0.000000 -72.616667 0.950000 -72.811447 -0.655926 -73.467373 0.194780 0.950000 0.850706 0.950000 1.895760  -1   0  -1 
59354.104255 0.000000 0.000000 -73.250000 0.950000 -72.811447 -0.655910 -73.467357 -0.438553 0.950000 0.217357 0.950000 1.895760  -1   0  -1 
59356.710684 0.000000 0.000000 -49.516667 0.950000 -50.418990 -1.331107 -51.750098 0.902323 0.950000 2.233431 0.950000 1.895760  -1   2  -1 
59356.721985 0.000000 0.000000 -52.666667 0.950000 -50.418990 -1.334756 -51.753747 -2.247677 0.950000 -0.912920 0.950000 1.895760  -1   2  -1 
59356.725745 0.000000 0.000000 -51.733333 0.950000 -50.418990 -1.335967 -51.754957 -1.314343 0.950000 0.021624 0.950000 1.895760  -1   2  -1 
59357.087914 0.000000 0.000000 -60.000000 0.950000 -58.281562 -1.443068 -59.724630 -1.718438 0.950000 -0.275370 0.950000 1.895760  -1   3  -1 
59357.090082 0.000000 0.000000 -60.383333 0.950000 -58.281562 -1.443645 -59.725208 -2.101771 0.950000 -0.658125 0.950000 1.895760  -1   3  -1 
59357.092248 0.000000 0.000000 -62.016667 0.950000 -58.281562 -1.444221 -59.725784 -3.735105 0.950000 -2.290883 0.950000 1.895760  -1   3  -1 
59358.923301 0.000000 0.000000 -73.616667 0.950000 -72.811447 -1.576744 -74.388191 -0.805220 0.950000 0.771524 0.950000 1.895760  -1   0  -1 
59358.931249 0.000000 0.000000 -73.250000 0.950000 -72.811447 -1.575847 -74.387294 -0.438553 0.950000 1.137294 0.950000 1.895760  -1   0  -1 
59358.937426 0.000000 0.000000 -73.483333 0.950000 -72.811447 -1.575143 -74.386590 -0.671886 0.950000 0.903257 0.950000 1.895760  -1   0  -1 
59358.952972 0.000000 0.000000 -62.200000 0.950000 -58.281562 -1.573346 -59.854908 -3.918438 0.950000 -2.345092 0.950000 1.895760  -1   3  -1 
59358.954053 0.000000 0.000000 -59.366667 0.950000 -58.281562 -1.573220 -59.854782 -1.085105 0.950000 0.488115 0.950000 1.895760  -1   3  -1 
59358.956208 0.000000 0.000000 -59.716667 0.950000 -58.281562 -1.572967 -59.854530 -1.435105 0.950000 0.137863 0.950000 1.895760  -1   3  -1 
59361.683491 0.000000 0.000000 -50.250000 0.950000 -50.418990 -1.170523 -51.589514 0.168990 0.950000 1.339514 0.950000 1.895760  -1   2  -1 
59361.687248 0.000000 0.000000 -56.883333 0.950000 -50.418990 -1.170357 -51.589347 -6.464343 0.950000 -5.293986 0.950000 1.895760  -1   2  -1 
59361.691012 0.000000 0.000000 -50.800000 0.950000 -50.418990 -1.170191 -51.589181 -0.381010 0.950000 0.789181 0.950000 1.895760  -1   2  -1 
59361.944566 0.000000 0.000000 -79.083333 0.950000 -72.811447 -1.162734 -73.974181 -6.271886 0.950000 -5.109152 0.950000 1.895760  -1   0  -1 
59361.947357 0.000000 0.000000 -74.766667 0.950000 -72.811447 -1.162691 -73.974138 -1.955220 0.950000 -0.792529 0.950000 1.895760  -1   0  -1 
59361.957166 0.000000 0.000000 -74.333333 0.950000 -72.811447 -1.162546 -73.973993 -1.521886 0.950000 -0.359340 0.950000 1.895760  -1   0  -1 
59362.136140 0.000000 0.000000 -60.316667 0.950000 -58.281562 -1.161602 -59.443164 -2.035105 0.950000 -0.873503 0.950000 1.895760  -1   3  -1 
59362.137220 0.000000 0.000000 -59.983333 0.950000 -58.281562 -1.161605 -59.443168 -1.701771 0.950000 -0.540165 0.950000 1.895760  -1   3  -1 
59362.138308 0.000000 0.000000 -59.283333 0.950000 -58.281562 -1.161609 -59.443172 -1.001771 0.950000 0.159839 0.950000 1.895760  -1   3  -1 
59364.917885 0.000000 0.000000 -60.483333 0.950000 -58.281562 -1.179253 -59.460815 -2.201771 0.950000 -1.022518 0.950000 1.895760  -1   3  -1 
59364.918966 0.000000 0.000000 -64.483333 0.950000 -58.281562 -1.179156 -59.460718 -6.201771 0.950000 -5.022615 0.950000 1.895760  -1   3  -1 
59364.921142 0.000000 0.000000 -61.950000 0.950000 -58.281562 -1.178960 -59.460522 -3.668438 0.950000 -2.489478 0.950000 1.895760  -1   3  -1 
59365.067320 0.000000 0.000000 -76.000000 0.950000 -72.811447 -1.164832 -73.976279 -3.188553 0.950000 -2.023721 0.950000 1.895760  -1   0  -1 
59365.069993 0.000000 0.000000 -75.566667 0.950000 -72.811447 -1.164557 -73.976003 -2.755220 0.950000 -1.590664 0.950000 1.895760  -1   0  -1 
59365.075398 0.000000 0.000000 -73.750000 0.950000 -72.811447 -1.163998 -73.975444 -0.938553 0.950000 0.225444 0.950000 1.895760  -1   0  -1 
59365.648355 0.000000 0.000000 -53.250000 0.950000 -50.418990 -1.093633 -51.512624 -2.831010 0.950000 -1.737376 0.950000 1.895760  -1   2  -1 
59365.652118 0.000000 0.000000 -49.583333 0.950000 -50.418990 -1.093119 -51.512109 0.835657 0.950000 1.928776 0.950000 1.895760  -1   2  -1 
59365.659667 0.000000 0.000000 -50.516667 0.950000 -50.418990 -1.092085 -51.511075 -0.097677 0.950000 0.994408 0.950000 1.895760  -1   2  -1 
59365.941188 0.000000 0.000000 -72.800000 0.950000 -72.811447 -1.052937 -73.864383 0.011447 0.950000 1.064383 0.950000 1.895760  -1   0  -1 
59365.959824 0.000000 0.000000 -71.450000 0.950000 -72.811447 -1.050341 -73.861788 1.361447 0.950000 2.411788 0.950000 1.895760  -1   0  -1 
59369.761210 0.000000 0.000000 -51.666667 0.950000 -50.418990 -1.525262 -51.944253 -1.247677 0.950000 0.277586 0.950000 1.895760  -1   2  -1 
59369.768738 0.000000 0.000000 -48.800000 0.950000 -50.418990 -1.528301 -51.947292 1.618990 0.950000 3.147292 0.950000 1.895760  -1   2  -1 
59369.776263 0.000000 0.000000 -49.616667 0.950000 -50.418990 -1.531339 -51.950330 0.802323 0.950000 2.333663 0.950000 1.895760  -1   2  -1 
59369.910940 0.000000 0.000000 -58.650000 0.950000 -58.281562 -1.585726 -59.867289 -0.368438 0.950000 1.217289 0.950000 1.895760  -1   3  -1 
59369.912028 0.000000 0.000000 -61.266667 0.950000 -58.281562 -1.586165 -59.867728 -2.985105 0.950000 -1.398939 0.950000 1.895760  -1   3  -1 
59369.913108 0.000000 0.000000 -60.633333 0.950000 -58.281562 -1.586601 -59.868163 -2.351771 0.950000 -0.765170 0.950000 1.895760  -1   3  -1 
59370.023276 0.000000 0.000000 -73.100000 0.950000 -72.811447 -1.630878 -74.442325 -0.288553 0.950000 1.342325 0.950000 1.895760  -1   0  -1 
59370.025654 0.000000 0.000000 -72.283333 0.950000 -72.811447 -1.631830 -74.443276 0.528114 0.950000 2.159943 0.950000 1.895760  -1   0  -1 
59370.030553 0.000000 0.000000 -75.700000 0.950000 -72.811447 -1.633789 -74.445236 -2.888553 0.950000 -1.254764 0.950000 1.895760  -1   0  -1 
59374.802541 0.000000 0.000000 -55.016667 0.950000 -50.418990 -1.720549 -52.139539 -4.597677 0.950000 -2.877128 0.950000 1.895760  -1   2  -1 
59374.806302 0.000000 0.000000 -54.700000 0.950000 -50.418990 -1.720165 -52.139156 -4.281010 0.950000 -2.560844 0.950000 1.895760  -1   2  -1 
59374.810063 0.000000 0.000000 -54.816667 0.950000 -50.418990 -1.719784 -52.138775 -4.397677 0.950000 -2.677892 0.950000 1.895760  -1   2  -1 
59376.787767 0.000000 0.000000 -50.866667 0.950000 -50.418990 -1.946484 -52.365474 -0.447677 0.950000 1.498807 0.950000 1.895760  -1   2  -1 
59376.791518 0.000000 0.000000 -51.600000 0.950000 -50.418990 -1.947608 -52.366598 -1.181010 0.950000 0.766598 0.950000 1.895760  -1   2  -1 
59376.799035 0.000000 0.000000 -52.550000 0.950000 -50.418990 -1.949865 -52.368855 -2.131010 0.950000 -0.181145 0.950000 1.895760  -1   2  -1 
59376.948922 0.000000 0.000000 -56.850000 0.950000 -58.281562 -1.995984 -60.277547 1.431562 0.950000 3.427547 0.950000 1.895760  -1   3  -1 
59376.951075 0.000000 0.000000 -63.950000 0.950000 -58.281562 -1.996661 -60.278223 -5.668438 0.950000 -3.671777 0.950000 1.895760  -1   3  -1 
59376.952157 0.000000 0.000000 -58.733333 0.950000 -58.281562 -1.997001 -60.278563 -0.451771 0.950000 1.545230 0.950000 1.895760  -1   3  -1 
59377.106321 0.000000 0.000000 -73.850000 0.950000 -72.811447 -2.046207 -74.857654 -1.038553 0.950000 1.007654 0.950000 1.895760  -1   0  -1 
59377.108935 0.000000 0.000000 -73.916667 0.950000 -72.811447 -2.047052 -74.858499 -1.105220 0.950000 0.941832 0.950000 1.895760  -1   0  -1 
59377.116326 0.000000 0.000000 -76.050000 0.950000 -72.811447 -2.049444 -74.860890 -3.238553 0.950000 -1.189110 0.950000 1.895760  -1   0  -1 
59377.628949 0.000000 0.000000 -49.950000 0.950000 -50.418990 -2.216088 -52.635078 0.468990 0.950000 2.685078 0.950000 1.895760  -1   2  -1 
59377.636479 0.000000 0.000000 -49.500000 0.950000 -50.418990 -2.218475 -52.637465 0.918990 0.950000 3.137465 0.950000 1.895760  -1   2  -1 
59377.640253 0.000000 0.000000 -53.566667 0.950000 -50.418990 -2.219670 -52.638660 -3.147677 0.950000 -0.928007 0.950000 1.895760  -1   2  -1 
59378.026109 0.000000 0.000000 -79.550000 0.950000 -72.811447 -2.334800 -75.146246 -6.738553 0.950000 -4.403754 0.950000 1.895760  -1   0  -1 
59378.031599 0.000000 0.000000 -79.350000 0.950000 -72.811447 -2.336310 -75.147756 -6.538553 0.950000 -4.202244 0.950000 1.895760  -1   0  -1 
59378.035635 0.000000 0.000000 -79.200000 0.950000 -72.811447 -2.337417 -75.148863 -6.388553 0.950000 -4.051137 0.950000 1.895760  -1   0  -1 
59379.024886 0.000000 0.000000 -78.300000 0.950000 -72.811447 -2.514242 -75.325689 -5.488553 0.950000 -2.974311 0.950000 1.895760  -1   0  -1 
59379.027585 0.000000 0.000000 -77.933333 0.950000 -72.811447 -2.514417 -75.325864 -5.121886 0.950000 -2.607469 0.950000 1.895760  -1   0  -1 
59379.734125 0.000000 0.000000 -57.433333 0.950000 -50.418990 -2.496846 -52.915837 -7.014343 0.950000 -4.517496 0.950000 1.895760  -1   2  -1 
59379.737891 0.000000 0.000000 -56.033333 0.950000 -50.418990 -2.496425 -52.915415 -5.614343 0.950000 -3.117918 0.950000 1.895760  -1   2  -1 
59379.749170 0.000000 0.000000 -57.450000 0.950000 -50.418990 -2.495144 -52.914135 -7.031010 0.950000 -4.535865 0.950000 1.895760  -1   2  -1 
59379.927944 0.000000 0.000000 -75.900000 0.950000 -72.811447 -2.471069 -75.282516 -3.088553 0.950000 -0.617484 0.950000 1.895760  -1   0  -1 
59379.940910 0.000000 0.000000 -73.533333 0.950000 -72.811447 -2.469057 -75.280503 -0.721886 0.950000 1.747170 0.950000 1.895760  -1   0  -1 
59379.943737 0.000000 0.000000 -79.350000 0.950000 -72.811447 -2.468613 -75.280060 -6.538553 0.950000 -4.069940 0.950000 1.895760  -1   0  -1 
59380.041449 0.000000 0.000000 -59.933333 0.950000 -58.281562 -2.452296 -60.733859 -1.651771 0.950000 0.800526 0.950000 1.895760  -1   3  -1 
59380.044695 0.000000 0.000000 -58.583333 0.950000 -58.281562 -2.451722 -60.733284 -0.301771 0.950000 2.149951 0.950000 1.895760  -1   3  -1 
59380.045775 0.000000 0.000000 -59.016667 0.950000 -58.281562 -2.451530 -60.733093 -0.735105 0.950000 1.716426 0.950000 1.895760  -1   3  -1 
59381.742082 0.000000 0.000000 -50.483333 0.950000 -50.418990 -2.025465 -52.444455 -0.064343 0.950000 1.961122 0.950000 1.895760  -1   2  -1 
59381.745840 0.000000 0.000000 -49.400000 0.950000 -50.418990 -2.024618 -52.443608 1.018990 0.950000 3.043608 0.950000 1.895760  -1   2  -1 
59381.749613 0.000000 0.000000 -52.583333 0.950000 -50.418990 -2.023770 -52.442760 -2.164343 0.950000 -0.140573 0.950000 1.895760  -1   2  -1 
59381.964035 0.000000 0.000000 -74.200000 0.950000 -72.811447 -1.979331 -74.790777 -1.388553 0.950000 0.590777 0.950000 1.895760  -1   0  -1 
59381.966642 0.000000 0.000000 -73.750000 0.950000 -72.811447 -1.978839 -74.790286 -0.938553 0.950000 1.040286 0.950000 1.895760  -1   0  -1 
59381.969218 0.000000 0.000000 -70.400000 0.950000 -72.811447 -1.978355 -74.789802 2.411447 0.950000 4.389802 0.950000 1.895760  -1   0  -1 
59382.115350 0.000000 0.000000 -62.633333 0.950000 -58.281562 -1.952999 -60.234562 -4.351771 0.950000 -2.398771 0.950000 1.895760  -1   3  -1 
59382.116432 0.000000 0.000000 -61.450000 0.950000 -58.281562 -1.952827 -60.234390 -3.168438 0.950000 -1.215610 0.950000 1.895760  -1   3  -1 
59382.117507 0.000000 0.000000 -61.900000 0.950000 -58.281562 -1.952657 -60.234220 -3.618438 0.950000 -1.665780 0.950000 1.895760  -1   3  -1 
59383.644277 0.000000 0.000000 -51.500000 0.950000 -50.418990 -1.998725 -52.417715 -1.081010 0.950000 0.917715 0.950000 1.895760  -1   2  -1 
59383.648053 0.000000 0.000000 -54.066667 0.950000 -50.418990 -1.999564 -52.418554 -3.647677 0.950000 -1.648113 0.950000 1.895760  -1   2  -1 
59383.655584 0.000000 0.000000 -51.733333 0.950000 -50.418990 -2.001247 -52.420238 -1.314343 0.950000 0.686905 0.950000 1.895760  -1   2  -1 
59383.978595 0.000000 0.000000 -60.683333 0.950000 -58.281562 -2.084357 -60.365919 -2.401771 0.950000 -0.317414 0.950000 1.895760  -1   3  -1 
59383.979676 0.000000 0.000000 -59.300000 0.950000 -58.281562 -2.084668 -60.366230 -1.018438 0.950000 1.066230 0.950000 1.895760  -1   3  -1 
59383.981846 0.000000 0.000000 -60.383333 0.950000 -58.281562 -2.085293 -60.366855 -2.101771 0.950000 -0.016478 0.950000 1.895760  -1   3  -1 
59383.992473 0.000000 0.000000 -72.050000 0.950000 -72.811447 -2.088365 -74.899811 0.761447 0.950000 2.849811 0.950000 1.895760  -1   0  -1 
59384.002278 0.000000 0.000000 -76.266667 0.950000 -72.811447 -2.091216 -74.902663 -3.455220 0.950000 -1.364004 0.950000 1.895760  -1   0  -1 
59384.007238 0.000000 0.000000 -75.783333 0.950000 -72.811447 -2.092665 -74.904111 -2.971886 0.950000 -0.879222 0.950000 1.895760  -1   0  -1 
59384.628010 0.000000 0.000000 -53.200000 0.950000 -50.418990 -2.298538 -52.717528 -2.781010 0.950000 -0.482472 0.950000 1.895760  -1   2  -1 
59384.631782 0.000000 0.000000 -51.700000 0.950000 -50.418990 -2.299888 -52.718878 -1.281010 0.950000 1.018878 0.950000 1.895760  -1   2  -1 
59384.635541 0.000000 0.000000 -53.383333 0.950000 -50.418990 -2.301234 -52.720224 -2.964343 0.950000 -0.663109 0.950000 1.895760  -1   2  -1 
59385.055212 0.000000 0.000000 -75.566667 0.950000 -72.811447 -2.452220 -75.263667 -2.755220 0.950000 -0.303000 0.950000 1.895760  -1   0  -1 
59385.061472 0.000000 0.000000 -74.666667 0.950000 -72.811447 -2.454441 -75.265888 -1.855220 0.950000 0.599221 0.950000 1.895760  -1   0  -1 
59385.063906 0.000000 0.000000 -72.983333 0.950000 -72.811447 -2.455304 -75.266751 -0.171886 0.950000 2.283418 0.950000 1.895760  -1   0  -1 
59387.920967 0.000000 0.000000 -79.733333 0.950000 -72.811447 -2.686833 -75.498280 -6.921886 0.950000 -4.235053 0.950000 1.895760  -1   0  -1 
59387.926477 0.000000 0.000000 -76.583333 0.950000 -72.811447 -2.685471 -75.496917 -3.771886 0.950000 -1.086416 0.950000 1.895760  -1   0  -1 
59387.929412 0.000000 0.000000 -74.383333 0.950000 -72.811447 -2.684743 -75.496190 -1.571886 0.950000 1.112857 0.950000 1.895760  -1   0  -1 
59388.644350 0.000000 0.000000 -52.116667 0.950000 -50.418990 -2.476104 -52.895094 -1.697677 0.950000 0.778427 0.950000 1.895760  -1   2  -1 
59388.659397 0.000000 0.000000 -52.433333 0.950000 -50.418990 -2.471281 -52.890271 -2.014343 0.950000 0.456938 0.950000 1.895760  -1   2  -1 
59388.663148 0.000000 0.000000 -54.700000 0.950000 -50.418990 -2.470077 -52.889068 -4.281010 0.950000 -1.810932 0.950000 1.895760  -1   2  -1 
59388.965674 0.000000 0.000000 -75.300000 0.950000 -72.811447 -2.372307 -75.183753 -2.488553 0.950000 -0.116247 0.950000 1.895760  -1   0  -1 
59388.967365 0.000000 0.000000 -59.800000 0.950000 -58.281562 -2.371761 -60.653323 -1.518438 0.950000 0.853323 0.950000 1.895760  -1   3  -1 
59388.968252 0.000000 0.000000 -77.066667 0.950000 -72.811447 -2.371475 -75.182921 -4.255220 0.950000 -1.883746 0.950000 1.895760  -1   0  -1 
59388.968449 0.000000 0.000000 -59.683333 0.950000 -58.281562 -2.371411 -60.652973 -1.401771 0.950000 0.969640 0.950000 1.895760  -1   3  -1 
59388.969524 0.000000 0.000000 -58.966667 0.950000 -58.281562 -2.371064 -60.652627 -0.685105 0.950000 1.685960 0.950000 1.895760  -1   3  -1 
59388.970854 0.000000 0.000000 -78.350000 0.950000 -72.811447 -2.370635 -75.182081 -5.538553 0.950000 -3.167919 0.950000 1.895760  -1   0  -1 
59389.809335 0.000000 0.000000 -51.683333 0.950000 -50.418990 -2.122014 -52.541005 -1.264343 0.950000 0.857672 0.950000 1.895760  -1   2  -1 
59389.828264 0.000000 0.000000 -48.516667 0.950000 -50.418990 -2.117202 -52.536193 1.902323 0.950000 4.019526 0.950000 1.895760  -1   2  -1 
59389.832028 0.000000 0.000000 -53.383333 0.950000 -50.418990 -2.116251 -52.535241 -2.964343 0.950000 -0.848092 0.950000 1.895760  -1   2  -1 
59389.926150 0.000000 0.000000 -61.300000 0.950000 -58.281562 -2.093062 -60.374624 -3.018438 0.950000 -0.925376 0.950000 1.895760  -1   3  -1 
59389.928313 0.000000 0.000000 -57.466667 0.950000 -58.281562 -2.092543 -60.374105 0.814895 0.950000 2.907438 0.950000 1.895760  -1   3  -1 
59389.929388 0.000000 0.000000 -61.800000 0.950000 -58.281562 -2.092285 -60.373847 -3.518438 0.950000 -1.426153 0.950000 1.895760  -1   3  -1 
59389.952568 0.000000 0.000000 -75.333333 0.950000 -72.811447 -2.086765 -74.898212 -2.521886 0.950000 -0.435121 0.950000 1.895760  -1   0  -1 
59389.957794 0.000000 0.000000 -76.033333 0.950000 -72.811447 -2.085531 -74.896977 -3.221886 0.950000 -1.136356 0.950000 1.895760  -1   0  -1 
59389.966851 0.000000 0.000000 -75.283333 0.950000 -72.811447 -2.083401 -74.894847 -2.471886 0.950000 -0.388486 0.950000 1.895760  -1   0  -1 
59392.835547 0.000000 0.000000 -50.666667 0.950000 -50.418990 -1.814226 -52.233217 -0.247677 0.950000 1.566550 0.950000 1.895760  -1   2  -1 
59392.843066 0.000000 0.000000 -55.566667 0.950000 -50.418990 -1.813500 -52.232491 -5.147677 0.950000 -3.334176 0.950000 1.895760  -1   2  -1 
59392.846825 0.000000 0.000000 -50.666667 0.950000 -50.418990 -1.813135 -52.232125 -0.247677 0.950000 1.565458 0.950000 1.895760  -1   2  -1 
59393.111566 0.000000 0.000000 -75.316667 0.950000 -72.811447 -1.782820 -74.594266 -2.505220 0.950000 -0.722401 0.950000 1.895760  -1   0  -1 
59393.114447 0.000000 0.000000 -75.133333 0.950000 -72.811447 -1.782438 -74.593884 -2.321886 0.950000 -0.539449 0.950000 1.895760  -1   0  -1 
59393.123097 0.000000 0.000000 -73.050000 0.950000 -72.811447 -1.781283 -74.592729 -0.238553 0.950000 1.542729 0.950000 1.895760  -1   0  -1 
59397.703574 0.000000 0.000000 -50.333333 0.950000 -50.418990 -0.912857 -51.331847 0.085657 0.950000 0.998514 0.950000 1.895760  -1   2  -1 
59397.714844 0.000000 0.000000 -51.400000 0.950000 -50.418990 -0.915189 -51.334179 -0.981010 0.950000 -0.065821 0.950000 1.895760  -1   2  -1 
59397.718600 0.000000 0.000000 -50.700000 0.950000 -50.418990 -0.915974 -51.334965 -0.281010 0.950000 0.634965 0.950000 1.895760  -1   2  -1 
59397.891478 0.000000 0.000000 -71.750000 0.950000 -72.811447 -0.956144 -73.767591 1.061447 0.950000 2.017591 0.950000 1.895760  -1   0  -1 
59397.896665 0.000000 0.000000 -68.800000 0.950000 -72.811447 -0.957469 -73.768915 4.011447 0.950000 4.968915 0.950000 1.895760  -1   0  -1 
59397.899199 0.000000 0.000000 -72.683333 0.950000 -72.811447 -0.958118 -73.769564 0.128114 0.950000 1.086231 0.950000 1.895760  -1   0  -1 
59398.093478 0.000000 0.000000 -58.283333 0.950000 -58.281562 -1.012507 -59.294069 -0.001771 0.950000 1.010736 0.950000 1.895760  -1   3  -1 
59398.094558 0.000000 0.000000 -60.966667 0.950000 -58.281562 -1.012833 -59.294396 -2.685105 0.950000 -1.672271 0.950000 1.895760  -1   3  -1 
59398.096718 0.000000 0.000000 -58.016667 0.950000 -58.281562 -1.013488 -59.295050 0.264895 0.950000 1.278383 0.950000 1.895760  -1   3  -1 
59401.792180 0.000000 0.000000 -54.366667 0.950000 -50.418990 -1.934581 -52.353572 -3.947677 0.950000 -2.013095 0.950000 1.895760  -1   2  -1 
59401.795940 0.000000 0.000000 -52.266667 0.950000 -50.418990 -1.934014 -52.353004 -1.847677 0.950000 0.086337 0.950000 1.895760  -1   2  -1 
59401.799701 0.000000 0.000000 -52.916667 0.950000 -50.418990 -1.933442 -52.352432 -2.497677 0.950000 -0.564235 0.950000 1.895760  -1   2  -1 
59401.885991 0.000000 0.000000 -73.916667 0.950000 -72.811447 -1.919376 -74.730823 -1.105220 0.950000 0.814156 0.950000 1.895760  -1   0  -1 
59401.888644 0.000000 0.000000 -75.066667 0.950000 -72.811447 -1.918915 -74.730362 -2.255220 0.950000 -0.336305 0.950000 1.895760  -1   0  -1 
59401.892602 0.000000 0.000000 -74.466667 0.950000 -72.811447 -1.918224 -74.729671 -1.655220 0.950000 0.263004 0.950000 1.895760  -1   0  -1 
59401.927059 0.000000 0.000000 -47.833333 0.950000 -41.943034 -1.912054 -43.855089 -5.890299 0.950000 -3.978244 0.950000 1.895760  -1   1  -1 
59401.927765 0.000000 0.000000 -44.100000 0.950000 -41.943034 -1.911925 -43.854959 -2.156966 0.950000 -0.245041 0.950000 1.895760  -1   1  -1 
59401.929177 0.000000 0.000000 -45.033333 0.950000 -41.943034 -1.911666 -43.854700 -3.090299 0.950000 -1.178633 0.950000 1.895760  -1   1  -1 
59401.992049 0.000000 0.000000 -59.000000 0.950000 -58.281562 -1.899674 -60.181236 -0.718438 0.950000 1.181236 0.950000 1.895760  -1   3  -1 
59401.994207 0.000000 0.000000 -58.350000 0.950000 -58.281562 -1.899246 -60.180809 -0.068438 0.950000 1.830809 0.950000 1.895760  -1   3  -1 
59401.995280 0.000000 0.000000 -59.700000 0.950000 -58.281562 -1.899033 -60.180596 -1.418438 0.950000 0.480596 0.950000 1.895760  -1   3  -1 
59402.794210 0.000000 0.000000 -54.100000 0.950000 -50.418990 -1.685506 -52.104496 -3.681010 0.950000 -1.995504 0.950000 1.895760  -1   2  -1 
59402.797974 0.000000 0.000000 -54.250000 0.950000 -50.418990 -1.684322 -52.103312 -3.831010 0.950000 -2.146688 0.950000 1.895760  -1   2  -1 
59402.801729 0.000000 0.000000 -55.116667 0.950000 -50.418990 -1.683139 -52.102130 -4.697677 0.950000 -3.014537 0.950000 1.895760  -1   2  -1 
59402.966503 0.000000 0.000000 -43.950000 0.950000 -41.943034 -1.630605 -43.573640 -2.006966 0.950000 -0.376360 0.950000 1.895760  -1   1  -1 
59402.968621 0.000000 0.000000 -46.066667 0.950000 -41.943034 -1.629924 -43.572958 -4.123633 0.950000 -2.493709 0.950000 1.895760  -1   1  -1 
59402.969327 0.000000 0.000000 -46.750000 0.950000 -41.943034 -1.629697 -43.572731 -4.806966 0.950000 -3.177269 0.950000 1.895760  -1   1  -1 
59402.970612 0.000000 0.000000 -56.050000 0.950000 -58.281562 -1.629283 -59.910846 2.231562 0.950000 3.860846 0.950000 1.895760  -1   3  -1 
59402.971692 0.000000 0.000000 -59.216667 0.950000 -58.281562 -1.628936 -59.910498 -0.935105 0.950000 0.693831 0.950000 1.895760  -1   3  -1 
59402.972765 0.000000 0.000000 -57.500000 0.950000 -58.281562 -1.628590 -59.910153 0.781562 0.950000 2.410153 0.950000 1.895760  -1   3  -1 
59403.889282 0.000000 0.000000 -42.350000 0.950000 -41.943034 -1.352949 -43.295983 -0.406966 0.950000 0.945983 0.950000 1.895760  -1   1  -1 
59403.890693 0.000000 0.000000 -40.566667 0.950000 -41.943034 -1.352594 -43.295629 1.376367 0.950000 2.728962 0.950000 1.895760  -1   1  -1 
59403.891398 0.000000 0.000000 -46.333333 0.950000 -41.943034 -1.352417 -43.295452 -4.390299 0.950000 -3.037881 0.950000 1.895760  -1   1  -1 
59403.992215 0.000000 0.000000 -76.600000 0.950000 -72.811447 -1.327980 -74.139426 -3.788553 0.950000 -2.460574 0.950000 1.895760  -1   0  -1 
59404.001960 0.000000 0.000000 -77.133333 0.950000 -72.811447 -1.325712 -74.137159 -4.321886 0.950000 -2.996174 0.950000 1.895760  -1   0  -1 
59404.004362 0.000000 0.000000 -75.083333 0.950000 -72.811447 -1.325156 -74.136602 -2.271886 0.950000 -0.946731 0.950000 1.895760  -1   0  -1 
59404.084675 0.000000 0.000000 -58.583333 0.950000 -58.281562 -1.307166 -59.588728 -0.301771 0.950000 1.005395 0.950000 1.895760  -1   3  -1 
59404.085749 0.000000 0.000000 -62.383333 0.950000 -58.281562 -1.306933 -59.588496 -4.101771 0.950000 -2.794837 0.950000 1.895760  -1   3  -1 
59404.086835 0.000000 0.000000 -63.116667 0.950000 -58.281562 -1.306699 -59.588261 -4.835105 0.950000 -3.528406 0.950000 1.895760  -1   3  -1 
59405.737353 0.000000 0.000000 -50.933333 0.950000 -50.418990 -1.257924 -51.676914 -0.514343 0.950000 0.743581 0.950000 1.895760  -1   2  -1 
59405.748644 0.000000 0.000000 -51.200000 0.950000 -50.418990 -1.259667 -51.678657 -0.781010 0.950000 0.478657 0.950000 1.895760  -1   2  -1 
59405.756176 0.000000 0.000000 -50.850000 0.950000 -50.418990 -1.260842 -51.679832 -0.431010 0.950000 0.829832 0.950000 1.895760  -1   2  -1 
59405.855588 0.000000 0.000000 -41.950000 0.950000 -41.943034 -1.277283 -43.220318 -0.006966 0.950000 1.270318 0.950000 1.895760  -1   1  -1 
59405.857000 0.000000 0.000000 -42.366667 0.950000 -41.943034 -1.277529 -43.220563 -0.423633 0.950000 0.853896 0.950000 1.895760  -1   1  -1 
59405.857706 0.000000 0.000000 -42.366667 0.950000 -41.943034 -1.277652 -43.220686 -0.423633 0.950000 0.854019 0.950000 1.895760  -1   1  -1 
59406.106963 0.000000 0.000000 -62.100000 0.950000 -58.281562 -1.325787 -59.607350 -3.818438 0.950000 -2.492650 0.950000 1.895760  -1   3  -1 
59406.108044 0.000000 0.000000 -59.283333 0.950000 -58.281562 -1.326015 -59.607577 -1.001771 0.950000 0.324244 0.950000 1.895760  -1   3  -1 
59406.109128 0.000000 0.000000 -62.150000 0.950000 -58.281562 -1.326243 -59.607806 -3.868438 0.950000 -2.542194 0.950000 1.895760  -1   3  -1 
59407.864238 0.000000 0.000000 -41.416667 0.950000 -41.943034 -1.735938 -43.678972 0.526367 0.950000 2.262305 0.950000 1.895760  -1   1  -1 
59407.866356 0.000000 0.000000 -41.233333 0.950000 -41.943034 -1.736310 -43.679344 0.709701 0.950000 2.446011 0.950000 1.895760  -1   1  -1 
59407.867063 0.000000 0.000000 -42.033333 0.950000 -41.943034 -1.736434 -43.679468 -0.090299 0.950000 1.646135 0.950000 1.895760  -1   1  -1 
59408.161045 0.000000 0.000000 -74.566667 0.950000 -72.811447 -1.781801 -74.593247 -1.755220 0.950000 0.026580 0.950000 1.895760  -1   0  -1 
59408.163430 0.000000 0.000000 -75.000000 0.950000 -72.811447 -1.782116 -74.593562 -2.188553 0.950000 -0.406438 0.950000 1.895760  -1   0  -1 
59408.165807 0.000000 0.000000 -75.500000 0.950000 -72.811447 -1.782429 -74.593876 -2.688553 0.950000 -0.906124 0.950000 1.895760  -1   0  -1 
59411.082909 0.000000 0.000000 -61.283333 0.950000 -58.281562 -1.757240 -60.038803 -3.001771 0.950000 -1.244530 0.950000 1.895760  -1   3  -1 
59411.083984 0.000000 0.000000 -62.950000 0.950000 -58.281562 -1.757251 -60.038813 -4.668438 0.950000 -2.911187 0.950000 1.895760  -1   3  -1 
59411.085060 0.000000 0.000000 -58.866667 0.950000 -58.281562 -1.757262 -60.038824 -0.585105 0.950000 1.172157 0.950000 1.895760  -1   3  -1 
59411.109436 0.000000 0.000000 -75.433333 0.950000 -72.811447 -1.757544 -74.568990 -2.621886 0.950000 -0.864343 0.950000 1.895760  -1   0  -1 
59411.114634 0.000000 0.000000 -73.466667 0.950000 -72.811447 -1.757614 -74.569060 -0.655220 0.950000 1.102393 0.950000 1.895760  -1   0  -1 
59411.121738 0.000000 0.000000 -75.900000 0.950000 -72.811447 -1.757715 -74.569162 -3.088553 0.950000 -1.330838 0.950000 1.895760  -1   0  -1 
59418.956092 0.000000 0.000000 -71.200000 0.950000 -72.811447 -1.487848 -74.299295 1.611447 0.950000 3.099295 0.950000 1.895760  -1   0  -1 
59418.958787 0.000000 0.000000 -74.966667 0.950000 -72.811447 -1.487858 -74.299305 -2.155220 0.950000 -0.667362 0.950000 1.895760  -1   0  -1 
59418.965560 0.000000 0.000000 -73.500000 0.950000 -72.811447 -1.487889 -74.299336 -0.688553 0.950000 0.799336 0.950000 1.895760  -1   0  -1 
59418.981323 0.000000 0.000000 -59.316667 0.950000 -58.281562 -1.488000 -59.769562 -1.035105 0.950000 0.452895 0.950000 1.895760  -1   3  -1 
59418.982407 0.000000 0.000000 -60.583333 0.950000 -58.281562 -1.488009 -59.769572 -2.301771 0.950000 -0.813761 0.950000 1.895760  -1   3  -1 
59418.983485 0.000000 0.000000 -58.850000 0.950000 -58.281562 -1.488019 -59.769582 -0.568438 0.950000 0.919582 0.950000 1.895760  -1   3  -1 
59419.756507 0.000000 0.000000 -47.250000 0.950000 -50.418990 -1.551186 -51.970176 3.168990 0.950000 4.720176 0.950000 1.895760  -1   2  -1 
59419.775306 0.000000 0.000000 -51.166667 0.950000 -50.418990 -1.553851 -51.972842 -0.747677 0.950000 0.806175 0.950000 1.895760  -1   2  -1 
59419.779068 0.000000 0.000000 -48.016667 0.950000 -50.418990 -1.554389 -51.973380 2.402323 0.950000 3.956713 0.950000 1.895760  -1   2  -1 
59419.947893 0.000000 0.000000 -76.383333 0.950000 -72.811447 -1.579911 -74.391358 -3.571886 0.950000 -1.991975 0.950000 1.895760  -1   0  -1 
59419.986504 0.000000 0.000000 -75.650000 0.950000 -72.811447 -1.586069 -74.397516 -2.838553 0.950000 -1.252484 0.950000 1.895760  -1   0  -1 
59419.990052 0.000000 0.000000 -75.816667 0.950000 -72.811447 -1.586640 -74.398087 -3.005220 0.950000 -1.418580 0.950000 1.895760  -1   0  -1 
59420.037408 0.000000 0.000000 -55.450000 0.950000 -58.281562 -1.594328 -59.875891 2.831562 0.950000 4.425891 0.950000 1.895760  -1   3  -1 
59420.038492 0.000000 0.000000 -55.883333 0.950000 -58.281562 -1.594506 -59.876068 2.398229 0.950000 3.992735 0.950000 1.895760  -1   3  -1 
59420.040662 0.000000 0.000000 -57.750000 0.950000 -58.281562 -1.594861 -59.876424 0.531562 0.950000 2.126424 0.950000 1.895760  -1   3  -1 
59420.700637 0.000000 0.000000 -54.666667 0.950000 -50.418990 -1.702886 -52.121876 -4.247677 0.950000 -2.544791 0.950000 1.895760  -1   2  -1 
59420.708153 0.000000 0.000000 -50.533333 0.950000 -50.418990 -1.703982 -52.122972 -0.114343 0.950000 1.589639 0.950000 1.895760  -1   2  -1 
59420.715676 0.000000 0.000000 -53.483333 0.950000 -50.418990 -1.705072 -52.124063 -3.064343 0.950000 -1.359270 0.950000 1.895760  -1   2  -1 
59420.873617 0.000000 0.000000 -42.016667 0.950000 -41.943034 -1.726385 -43.669420 -0.073633 0.950000 1.652753 0.950000 1.895760  -1   1  -1 
59420.874323 0.000000 0.000000 -43.250000 0.950000 -41.943034 -1.726473 -43.669507 -1.306966 0.950000 0.419507 0.950000 1.895760  -1   1  -1 
59420.875735 0.000000 0.000000 -45.050000 0.950000 -41.943034 -1.726648 -43.669682 -3.106966 0.950000 -1.380318 0.950000 1.895760  -1   1  -1 
59420.988150 0.000000 0.000000 -59.450000 0.950000 -58.281562 -1.739602 -60.021165 -1.168438 0.950000 0.571165 0.950000 1.895760  -1   3  -1 
59420.990293 0.000000 0.000000 -57.933333 0.950000 -58.281562 -1.739829 -60.021392 0.348229 0.950000 2.088059 0.950000 1.895760  -1   3  -1 
59420.991383 0.000000 0.000000 -59.983333 0.950000 -58.281562 -1.739944 -60.021507 -1.701771 0.950000 0.038174 0.950000 1.895760  -1   3  -1 
59421.112099 0.000000 0.000000 -74.666667 0.950000 -72.811447 -1.751341 -74.562788 -1.855220 0.950000 -0.103879 0.950000 1.895760  -1   0  -1 
59421.130285 0.000000 0.000000 -73.016667 0.950000 -72.811447 -1.752815 -74.564262 -0.205220 0.950000 1.547595 0.950000 1.895760  -1   0  -1 
59421.136709 0.000000 0.000000 -72.583333 0.950000 -72.811447 -1.753320 -74.564766 0.228114 0.950000 1.981433 0.950000 1.895760  -1   0  -1 
59422.687448 0.000000 0.000000 -48.050000 0.950000 -50.418990 -1.533955 -51.952945 2.368990 0.950000 3.902945 0.950000 1.895760  -1   2  -1 
59422.694983 0.000000 0.000000 -51.216667 0.950000 -50.418990 -1.530990 -51.949980 -0.797677 0.950000 0.733313 0.950000 1.895760  -1   2  -1 
59422.702516 0.000000 0.000000 -50.683333 0.950000 -50.418990 -1.528007 -51.946998 -0.264343 0.950000 1.263665 0.950000 1.895760  -1   2  -1 
59422.871553 0.000000 0.000000 -43.083333 0.950000 -41.943034 -1.456376 -43.399410 -1.140299 0.950000 0.316077 0.950000 1.895760  -1   1  -1 
59422.873670 0.000000 0.000000 -45.716667 0.950000 -41.943034 -1.455423 -43.398457 -3.773633 0.950000 -2.318210 0.950000 1.895760  -1   1  -1 
59422.874376 0.000000 0.000000 -42.216667 0.950000 -41.943034 -1.455105 -43.398139 -0.273633 0.950000 1.181472 0.950000 1.895760  -1   1  -1 
59423.678423 0.000000 0.000000 -50.516667 0.950000 -50.418990 -1.009837 -51.428828 -0.097677 0.950000 0.912161 0.950000 1.895760  -1   2  -1 
59423.685999 0.000000 0.000000 -47.600000 0.950000 -50.418990 -1.005025 -51.424015 2.818990 0.950000 3.824015 0.950000 1.895760  -1   2  -1 
59423.689751 0.000000 0.000000 -47.383333 0.950000 -50.418990 -1.002639 -51.421629 3.035657 0.950000 4.038296 0.950000 1.895760  -1   2  -1 
