# time model 
59325.801227 0.741690 
59325.833009 0.737491 
59325.864791 0.733053 
59325.896573 0.728378 
59325.928355 0.723471 
59325.960137 0.718336 
59325.991919 0.712975 
59326.023701 0.707394 
59326.055483 0.701596 
59326.087265 0.695585 
59326.119047 0.689367 
59326.150829 0.682944 
59326.182611 0.676324 
59326.214393 0.669508 
59326.246175 0.662504 
59326.277957 0.655315 
59326.309739 0.647947 
59326.341521 0.640404 
59326.373303 0.632693 
59326.405085 0.624817 
59326.436867 0.616784 
59326.468649 0.608597 
59326.500431 0.600263 
59326.532213 0.591788 
59326.563995 0.583176 
59326.595777 0.574434 
59326.627559 0.565567 
59326.659341 0.556581 
59326.691123 0.547482 
59326.722905 0.538277 
59326.754687 0.528970 
59326.786469 0.519568 
59326.818251 0.510077 
59326.850033 0.500503 
59326.881815 0.490852 
59326.913597 0.481130 
59326.945379 0.471342 
59326.977161 0.461496 
59327.008943 0.451598 
59327.040725 0.441652 
59327.072507 0.431666 
59327.104289 0.421645 
59327.136071 0.411595 
59327.167853 0.401523 
59327.199635 0.391434 
59327.231417 0.381334 
59327.263199 0.371230 
59327.294981 0.361126 
59327.326763 0.351029 
59327.358545 0.340945 
59327.390327 0.330879 
59327.422109 0.320837 
59327.453891 0.310825 
59327.485673 0.300847 
59327.517455 0.290910 
59327.549237 0.281019 
59327.581019 0.271180 
59327.612801 0.261397 
59327.644583 0.251675 
59327.676365 0.242020 
59327.708147 0.232436 
59327.739929 0.222930 
59327.771711 0.213504 
59327.803493 0.204164 
59327.835275 0.194915 
59327.867057 0.185761 
59327.898839 0.176706 
59327.930621 0.167755 
59327.962402 0.158911 
59327.994184 0.150180 
59328.025966 0.141563 
59328.057748 0.133067 
59328.089530 0.124693 
59328.121312 0.116446 
59328.153094 0.108328 
59328.184876 0.100344 
59328.216658 0.092496 
59328.248440 0.084788 
59328.280222 0.077221 
59328.312004 0.069800 
59328.343786 0.062526 
59328.375568 0.055401 
59328.407350 0.048429 
59328.439132 0.041611 
59328.470914 0.034950 
59328.502696 0.028446 
59328.534478 0.022103 
59328.566260 0.015920 
59328.598042 0.009901 
59328.629824 0.004045 
59328.661606 -0.001645 
59328.693388 -0.007169 
59328.725170 -0.012526 
59328.756952 -0.017715 
59328.788734 -0.022736 
59328.820516 -0.027589 
59328.852298 -0.032273 
59328.884080 -0.036788 
59328.915862 -0.041134 
59328.947644 -0.045311 
59328.979426 -0.049320 
59329.011208 -0.053162 
59329.042990 -0.056836 
59329.074772 -0.060344 
59329.106554 -0.063686 
59329.138336 -0.066864 
59329.170118 -0.069879 
59329.201900 -0.072732 
59329.233682 -0.075425 
59329.265464 -0.077958 
59329.297246 -0.080335 
59329.329028 -0.082556 
59329.360810 -0.084624 
59329.392592 -0.086540 
59329.424374 -0.088308 
59329.456156 -0.089929 
59329.487938 -0.091406 
59329.519720 -0.092741 
59329.551502 -0.093937 
59329.583284 -0.094997 
59329.615066 -0.095923 
59329.646848 -0.096719 
59329.678630 -0.097388 
59329.710412 -0.097933 
59329.742194 -0.098357 
59329.773976 -0.098664 
59329.805758 -0.098856 
59329.837540 -0.098938 
59329.869322 -0.098914 
59329.901104 -0.098786 
59329.932886 -0.098558 
59329.964668 -0.098235 
59329.996450 -0.097821 
59330.028232 -0.097319 
59330.060014 -0.096733 
59330.091796 -0.096067 
59330.123578 -0.095326 
59330.155360 -0.094513 
59330.187142 -0.093634 
59330.218924 -0.092691 
59330.250706 -0.091690 
59330.282488 -0.090635 
59330.314270 -0.089529 
59330.346052 -0.088378 
59330.377834 -0.087186 
59330.409616 -0.085958 
59330.441398 -0.084697 
59330.473180 -0.083407 
59330.504962 -0.082095 
59330.536744 -0.080763 
59330.568526 -0.079417 
59330.600308 -0.078061 
59330.632090 -0.076699 
59330.663871 -0.075335 
59330.695653 -0.073975 
59330.727435 -0.072622 
59330.759217 -0.071280 
59330.790999 -0.069955 
59330.822781 -0.068649 
59330.854563 -0.067369 
59330.886345 -0.066117 
59330.918127 -0.064897 
59330.949909 -0.063715 
59330.981691 -0.062574 
59331.013473 -0.061477 
59331.045255 -0.060430 
59331.077037 -0.059435 
59331.108819 -0.058497 
59331.140601 -0.057619 
59331.172383 -0.056805 
59331.204165 -0.056058 
59331.235947 -0.055383 
59331.267729 -0.054782 
59331.299511 -0.054259 
59331.331293 -0.053817 
59331.363075 -0.053459 
59331.394857 -0.053189 
59331.426639 -0.053009 
59331.458421 -0.052922 
59331.490203 -0.052932 
59331.521985 -0.053040 
59331.553767 -0.053249 
59331.585549 -0.053562 
59331.617331 -0.053982 
59331.649113 -0.054509 
59331.680895 -0.055148 
59331.712677 -0.055899 
59331.744459 -0.056764 
59331.776241 -0.057746 
59331.808023 -0.058846 
59331.839805 -0.060066 
59331.871587 -0.061407 
59331.903369 -0.062870 
59331.935151 -0.064457 
59331.966933 -0.066168 
59331.998715 -0.068006 
59332.030497 -0.069969 
59332.062279 -0.072060 
59332.094061 -0.074279 
59332.125843 -0.076626 
59332.157625 -0.079102 
59332.189407 -0.081706 
59332.221189 -0.084440 
59332.252971 -0.087302 
59332.284753 -0.090293 
59332.316535 -0.093412 
59332.348317 -0.096660 
59332.380099 -0.100034 
59332.411881 -0.103535 
59332.443663 -0.107163 
59332.475445 -0.110915 
59332.507227 -0.114791 
59332.539009 -0.118789 
59332.570791 -0.122910 
59332.602573 -0.127150 
59332.634355 -0.131508 
59332.666137 -0.135984 
59332.697919 -0.140575 
59332.729701 -0.145278 
59332.761483 -0.150093 
59332.793265 -0.155017 
59332.825047 -0.160048 
59332.856829 -0.165183 
59332.888611 -0.170421 
59332.920393 -0.175758 
59332.952175 -0.181192 
59332.983957 -0.186720 
59333.015739 -0.192339 
59333.047521 -0.198047 
59333.079303 -0.203841 
59333.111085 -0.209716 
59333.142867 -0.215671 
59333.174649 -0.221702 
59333.206431 -0.227805 
59333.238213 -0.233978 
59333.269995 -0.240216 
59333.301777 -0.246516 
59333.333559 -0.252874 
59333.365340 -0.259288 
59333.397122 -0.265752 
59333.428904 -0.272263 
59333.460686 -0.278817 
59333.492468 -0.285411 
59333.524250 -0.292040 
59333.556032 -0.298700 
59333.587814 -0.305387 
59333.619596 -0.312097 
59333.651378 -0.318826 
59333.683160 -0.325570 
59333.714942 -0.332324 
59333.746724 -0.339085 
59333.778506 -0.345847 
59333.810288 -0.352608 
59333.842070 -0.359361 
59333.873852 -0.366104 
59333.905634 -0.372832 
59333.937416 -0.379540 
59333.969198 -0.386224 
59334.000980 -0.392880 
59334.032762 -0.399504 
59334.064544 -0.406091 
59334.096326 -0.412637 
59334.128108 -0.419138 
59334.159890 -0.425590 
59334.191672 -0.431987 
59334.223454 -0.438327 
59334.255236 -0.444605 
59334.287018 -0.450817 
59334.318800 -0.456958 
59334.350582 -0.463025 
59334.382364 -0.469015 
59334.414146 -0.474922 
59334.445928 -0.480743 
59334.477710 -0.486474 
59334.509492 -0.492111 
59334.541274 -0.497652 
59334.573056 -0.503091 
59334.604838 -0.508426 
59334.636620 -0.513653 
59334.668402 -0.518769 
59334.700184 -0.523770 
59334.731966 -0.528653 
59334.763748 -0.533414 
59334.795530 -0.538052 
59334.827312 -0.542562 
59334.859094 -0.546942 
59334.890876 -0.551190 
59334.922658 -0.555301 
59334.954440 -0.559274 
59334.986222 -0.563107 
59335.018004 -0.566796 
59335.049786 -0.570339 
59335.081568 -0.573735 
59335.113350 -0.576981 
59335.145132 -0.580075 
59335.176914 -0.583016 
59335.208696 -0.585801 
59335.240478 -0.588429 
59335.272260 -0.590898 
59335.304042 -0.593207 
59335.335824 -0.595355 
59335.367606 -0.597341 
59335.399388 -0.599162 
59335.431170 -0.600820 
59335.462952 -0.602312 
59335.494734 -0.603638 
59335.526516 -0.604798 
59335.558298 -0.605791 
59335.590080 -0.606616 
59335.621862 -0.607274 
59335.653644 -0.607765 
59335.685426 -0.608089 
59335.717208 -0.608245 
59335.748990 -0.608234 
59335.780772 -0.608057 
59335.812554 -0.607715 
59335.844336 -0.607207 
59335.876118 -0.606535 
59335.907900 -0.605700 
59335.939682 -0.604702 
59335.971464 -0.603544 
59336.003246 -0.602226 
59336.035028 -0.600749 
59336.066809 -0.599117 
59336.098591 -0.597329 
59336.130373 -0.595388 
59336.162155 -0.593295 
59336.193937 -0.591054 
59336.225719 -0.588665 
59336.257501 -0.586132 
59336.289283 -0.583456 
59336.321065 -0.580640 
59336.352847 -0.577687 
59336.384629 -0.574599 
59336.416411 -0.571380 
59336.448193 -0.568031 
59336.479975 -0.564556 
59336.511757 -0.560958 
59336.543539 -0.557241 
59336.575321 -0.553407 
59336.607103 -0.549459 
59336.638885 -0.545402 
59336.670667 -0.541239 
59336.702449 -0.536973 
59336.734231 -0.532608 
59336.766013 -0.528147 
59336.797795 -0.523595 
59336.829577 -0.518956 
59336.861359 -0.514233 
59336.893141 -0.509430 
59336.924923 -0.504551 
59336.956705 -0.499601 
59336.988487 -0.494584 
59337.020269 -0.489503 
59337.052051 -0.484364 
59337.083833 -0.479169 
59337.115615 -0.473925 
59337.147397 -0.468634 
59337.179179 -0.463302 
59337.210961 -0.457933 
59337.242743 -0.452530 
59337.274525 -0.447100 
59337.306307 -0.441646 
59337.338089 -0.436172 
59337.369871 -0.430684 
59337.401653 -0.425185 
59337.433435 -0.419680 
59337.465217 -0.414174 
59337.496999 -0.408671 
59337.528781 -0.403175 
59337.560563 -0.397691 
59337.592345 -0.392224 
59337.624127 -0.386778 
59337.655909 -0.381357 
59337.687691 -0.375965 
59337.719473 -0.370608 
59337.751255 -0.365288 
59337.783037 -0.360012 
59337.814819 -0.354781 
59337.846601 -0.349602 
59337.878383 -0.344478 
59337.910165 -0.339412 
59337.941947 -0.334410 
59337.973729 -0.329475 
59338.005511 -0.324610 
59338.037293 -0.319820 
59338.069075 -0.315109 
59338.100857 -0.310479 
59338.132639 -0.305936 
59338.164421 -0.301481 
59338.196203 -0.297119 
59338.227985 -0.292854 
59338.259767 -0.288687 
59338.291549 -0.284623 
59338.323331 -0.280664 
59338.355113 -0.276814 
59338.386895 -0.273075 
59338.418677 -0.269450 
59338.450459 -0.265942 
59338.482241 -0.262554 
59338.514023 -0.259287 
59338.545805 -0.256145 
59338.577587 -0.253129 
59338.609369 -0.250242 
59338.641151 -0.247486 
59338.672933 -0.244862 
59338.704715 -0.242372 
59338.736497 -0.240019 
59338.768278 -0.237803 
59338.800060 -0.235726 
59338.831842 -0.233789 
59338.863624 -0.231994 
59338.895406 -0.230341 
59338.927188 -0.228832 
59338.958970 -0.227467 
59338.990752 -0.226247 
59339.022534 -0.225172 
59339.054316 -0.224244 
59339.086098 -0.223461 
59339.117880 -0.222824 
59339.149662 -0.222334 
59339.181444 -0.221990 
59339.213226 -0.221792 
59339.245008 -0.221740 
59339.276790 -0.221832 
59339.308572 -0.222069 
59339.340354 -0.222449 
59339.372136 -0.222973 
59339.403918 -0.223637 
59339.435700 -0.224443 
59339.467482 -0.225388 
59339.499264 -0.226470 
59339.531046 -0.227689 
59339.562828 -0.229042 
59339.594610 -0.230529 
59339.626392 -0.232146 
59339.658174 -0.233892 
59339.689956 -0.235766 
59339.721738 -0.237763 
59339.753520 -0.239883 
59339.785302 -0.242123 
59339.817084 -0.244480 
59339.848866 -0.246951 
59339.880648 -0.249534 
59339.912430 -0.252226 
59339.944212 -0.255023 
59339.975994 -0.257923 
59340.007776 -0.260923 
59340.039558 -0.264018 
59340.071340 -0.267207 
59340.103122 -0.270484 
59340.134904 -0.273848 
59340.166686 -0.277293 
59340.198468 -0.280817 
59340.230250 -0.284415 
59340.262032 -0.288084 
59340.293814 -0.291820 
59340.325596 -0.295618 
59340.357378 -0.299475 
59340.389160 -0.303387 
59340.420942 -0.307349 
59340.452724 -0.311357 
59340.484506 -0.315406 
59340.516288 -0.319493 
59340.548070 -0.323614 
59340.579852 -0.327762 
59340.611634 -0.331935 
59340.643416 -0.336128 
59340.675198 -0.340336 
59340.706980 -0.344555 
59340.738762 -0.348779 
59340.770544 -0.353006 
59340.802326 -0.357229 
59340.834108 -0.361444 
59340.865890 -0.365648 
59340.897672 -0.369834 
59340.929454 -0.373999 
59340.961236 -0.378138 
59340.993018 -0.382247 
59341.024800 -0.386320 
59341.056582 -0.390354 
59341.088364 -0.394343 
59341.120146 -0.398284 
59341.151928 -0.402172 
59341.183710 -0.406002 
59341.215492 -0.409771 
59341.247274 -0.413473 
59341.279056 -0.417105 
59341.310838 -0.420662 
59341.342620 -0.424141 
59341.374402 -0.427536 
59341.406184 -0.430844 
59341.437965 -0.434061 
59341.469747 -0.437184 
59341.501529 -0.440207 
59341.533311 -0.443128 
59341.565093 -0.445943 
59341.596875 -0.448648 
59341.628657 -0.451240 
59341.660439 -0.453714 
59341.692221 -0.456069 
59341.724003 -0.458301 
59341.755785 -0.460406 
59341.787567 -0.462382 
59341.819349 -0.464225 
59341.851131 -0.465933 
59341.882913 -0.467503 
59341.914695 -0.468933 
59341.946477 -0.470220 
59341.978259 -0.471361 
59342.010041 -0.472355 
59342.041823 -0.473200 
59342.073605 -0.473893 
59342.105387 -0.474433 
59342.137169 -0.474817 
59342.168951 -0.475045 
59342.200733 -0.475115 
59342.232515 -0.475026 
59342.264297 -0.474775 
59342.296079 -0.474364 
59342.327861 -0.473790 
59342.359643 -0.473053 
59342.391425 -0.472152 
59342.423207 -0.471087 
59342.454989 -0.469857 
59342.486771 -0.468463 
59342.518553 -0.466904 
59342.550335 -0.465181 
59342.582117 -0.463293 
59342.613899 -0.461242 
59342.645681 -0.459028 
59342.677463 -0.456652 
59342.709245 -0.454114 
59342.741027 -0.451415 
59342.772809 -0.448558 
59342.804591 -0.445543 
59342.836373 -0.442371 
59342.868155 -0.439045 
59342.899937 -0.435566 
59342.931719 -0.431936 
59342.963501 -0.428157 
59342.995283 -0.424232 
59343.027065 -0.420163 
59343.058847 -0.415953 
59343.090629 -0.411603 
59343.122411 -0.407118 
59343.154193 -0.402500 
59343.185975 -0.397751 
59343.217757 -0.392876 
59343.249539 -0.387878 
59343.281321 -0.382760 
59343.313103 -0.377526 
59343.344885 -0.372180 
59343.376667 -0.366725 
59343.408449 -0.361166 
59343.440231 -0.355507 
59343.472013 -0.349751 
59343.503795 -0.343905 
59343.535577 -0.337971 
59343.567359 -0.331955 
59343.599141 -0.325861 
59343.630923 -0.319694 
59343.662705 -0.313459 
59343.694487 -0.307161 
59343.726269 -0.300806 
59343.758051 -0.294398 
59343.789833 -0.287942 
59343.821615 -0.281445 
59343.853397 -0.274911 
59343.885179 -0.268346 
59343.916961 -0.261756 
59343.948743 -0.255147 
59343.980525 -0.248523 
59344.012307 -0.241892 
59344.044089 -0.235258 
59344.075871 -0.228628 
59344.107653 -0.222007 
59344.139434 -0.215403 
59344.171216 -0.208820 
59344.202998 -0.202265 
59344.234780 -0.195744 
59344.266562 -0.189263 
59344.298344 -0.182828 
59344.330126 -0.176446 
59344.361908 -0.170122 
59344.393690 -0.163863 
59344.425472 -0.157676 
59344.457254 -0.151565 
59344.489036 -0.145538 
59344.520818 -0.139601 
59344.552600 -0.133759 
59344.584382 -0.128020 
59344.616164 -0.122388 
59344.647946 -0.116871 
59344.679728 -0.111474 
59344.711510 -0.106203 
59344.743292 -0.101065 
59344.775074 -0.096065 
59344.806856 -0.091210 
59344.838638 -0.086504 
59344.870420 -0.081954 
59344.902202 -0.077565 
59344.933984 -0.073344 
59344.965766 -0.069295 
59344.997548 -0.065425 
59345.029330 -0.061738 
59345.061112 -0.058240 
59345.092894 -0.054937 
59345.124676 -0.051832 
59345.156458 -0.048932 
59345.188240 -0.046241 
59345.220022 -0.043765 
59345.251804 -0.041507 
59345.283586 -0.039472 
59345.315368 -0.037666 
59345.347150 -0.036091 
59345.378932 -0.034753 
59345.410714 -0.033656 
59345.442496 -0.032803 
59345.474278 -0.032198 
59345.506060 -0.031846 
59345.537842 -0.031749 
59345.569624 -0.031910 
59345.601406 -0.032334 
59345.633188 -0.033024 
59345.664970 -0.033981 
59345.696752 -0.035210 
59345.728534 -0.036712 
59345.760316 -0.038490 
59345.792098 -0.040546 
59345.823880 -0.042883 
59345.855662 -0.045502 
59345.887444 -0.048405 
59345.919226 -0.051594 
59345.951008 -0.055071 
59345.982790 -0.058835 
59346.014572 -0.062889 
59346.046354 -0.067233 
59346.078136 -0.071868 
59346.109918 -0.076795 
59346.141700 -0.082014 
59346.173482 -0.087524 
59346.205264 -0.093327 
59346.237046 -0.099421 
59346.268828 -0.105806 
59346.300610 -0.112482 
59346.332392 -0.119448 
59346.364174 -0.126703 
59346.395956 -0.134245 
59346.427738 -0.142073 
59346.459520 -0.150187 
59346.491302 -0.158583 
59346.523084 -0.167260 
59346.554866 -0.176216 
59346.586648 -0.185449 
59346.618430 -0.194955 
59346.650212 -0.204733 
59346.681994 -0.214780 
59346.713776 -0.225092 
59346.745558 -0.235666 
59346.777340 -0.246499 
59346.809122 -0.257587 
59346.840903 -0.268926 
59346.872685 -0.280513 
59346.904467 -0.292344 
59346.936249 -0.304413 
59346.968031 -0.316717 
59346.999813 -0.329251 
59347.031595 -0.342010 
59347.063377 -0.354990 
59347.095159 -0.368184 
59347.126941 -0.381588 
59347.158723 -0.395197 
59347.190505 -0.409005 
59347.222287 -0.423006 
59347.254069 -0.437194 
59347.285851 -0.451564 
59347.317633 -0.466108 
59347.349415 -0.480822 
59347.381197 -0.495699 
59347.412979 -0.510731 
59347.444761 -0.525913 
59347.476543 -0.541238 
59347.508325 -0.556698 
59347.540107 -0.572287 
59347.571889 -0.587999 
59347.603671 -0.603825 
59347.635453 -0.619758 
59347.667235 -0.635791 
59347.699017 -0.651917 
59347.730799 -0.668128 
59347.762581 -0.684417 
59347.794363 -0.700776 
59347.826145 -0.717196 
59347.857927 -0.733671 
59347.889709 -0.750193 
59347.921491 -0.766753 
59347.953273 -0.783343 
59347.985055 -0.799957 
59348.016837 -0.816585 
59348.048619 -0.833219 
59348.080401 -0.849852 
59348.112183 -0.866476 
59348.143965 -0.883081 
59348.175747 -0.899661 
59348.207529 -0.916207 
59348.239311 -0.932711 
59348.271093 -0.949164 
59348.302875 -0.965559 
59348.334657 -0.981888 
59348.366439 -0.998142 
59348.398221 -1.014313 
59348.430003 -1.030394 
59348.461785 -1.046376 
59348.493567 -1.062251 
59348.525349 -1.078012 
59348.557131 -1.093651 
59348.588913 -1.109159 
59348.620695 -1.124530 
59348.652477 -1.139755 
59348.684259 -1.154827 
59348.716041 -1.169739 
59348.747823 -1.184482 
59348.779605 -1.199051 
59348.811387 -1.213436 
59348.843169 -1.227632 
59348.874951 -1.241631 
59348.906733 -1.255427 
59348.938515 -1.269012 
59348.970297 -1.282379 
59349.002079 -1.295523 
59349.033861 -1.308437 
59349.065643 -1.321114 
59349.097425 -1.333548 
59349.129207 -1.345734 
59349.160989 -1.357664 
59349.192771 -1.369334 
59349.224553 -1.380738 
59349.256335 -1.391871 
59349.288117 -1.402726 
59349.319899 -1.413299 
59349.351681 -1.423585 
59349.383463 -1.433580 
59349.415245 -1.443278 
59349.447027 -1.452674 
59349.478809 -1.461766 
59349.510591 -1.470548 
59349.542372 -1.479017 
59349.574154 -1.487168 
59349.605936 -1.494999 
59349.637718 -1.502507 
59349.669500 -1.509686 
59349.701282 -1.516536 
59349.733064 -1.523053 
59349.764846 -1.529234 
59349.796628 -1.535077 
59349.828410 -1.540581 
59349.860192 -1.545742 
59349.891974 -1.550559 
59349.923756 -1.555031 
59349.955538 -1.559156 
59349.987320 -1.562934 
59350.019102 -1.566362 
59350.050884 -1.569441 
59350.082666 -1.572170 
59350.114448 -1.574548 
59350.146230 -1.576576 
59350.178012 -1.578254 
59350.209794 -1.579582 
59350.241576 -1.580560 
59350.273358 -1.581189 
59350.305140 -1.581471 
59350.336922 -1.581406 
59350.368704 -1.580996 
59350.400486 -1.580242 
59350.432268 -1.579147 
59350.464050 -1.577711 
59350.495832 -1.575938 
59350.527614 -1.573830 
59350.559396 -1.571389 
59350.591178 -1.568619 
59350.622960 -1.565521 
59350.654742 -1.562101 
59350.686524 -1.558360 
59350.718306 -1.554302 
59350.750088 -1.549932 
59350.781870 -1.545253 
59350.813652 -1.540270 
59350.845434 -1.534986 
59350.877216 -1.529406 
59350.908998 -1.523536 
59350.940780 -1.517379 
59350.972562 -1.510941 
59351.004344 -1.504227 
59351.036126 -1.497243 
59351.067908 -1.489993 
59351.099690 -1.482484 
59351.131472 -1.474722 
59351.163254 -1.466712 
59351.195036 -1.458461 
59351.226818 -1.449975 
59351.258600 -1.441260 
59351.290382 -1.432323 
59351.322164 -1.423170 
59351.353946 -1.413809 
59351.385728 -1.404246 
59351.417510 -1.394488 
59351.449292 -1.384543 
59351.481074 -1.374417 
59351.512856 -1.364118 
59351.544638 -1.353654 
59351.576420 -1.343032 
59351.608202 -1.332259 
59351.639984 -1.321343 
59351.671766 -1.310292 
59351.703548 -1.299115 
59351.735330 -1.287818 
59351.767112 -1.276409 
59351.798894 -1.264898 
59351.830676 -1.253291 
59351.862458 -1.241597 
59351.894240 -1.229825 
59351.926022 -1.217981 
59351.957804 -1.206076 
59351.989586 -1.194116 
59352.021368 -1.182109 
59352.053150 -1.170066 
59352.084932 -1.157992 
59352.116714 -1.145898 
59352.148496 -1.133791 
59352.180278 -1.121679 
59352.212060 -1.109570 
59352.243841 -1.097474 
59352.275623 -1.085398 
59352.307405 -1.073349 
59352.339187 -1.061338 
59352.370969 -1.049370 
59352.402751 -1.037456 
59352.434533 -1.025602 
59352.466315 -1.013816 
59352.498097 -1.002106 
59352.529879 -0.990481 
59352.561661 -0.978948 
59352.593443 -0.967514 
59352.625225 -0.956188 
59352.657007 -0.944976 
59352.688789 -0.933887 
59352.720571 -0.922926 
59352.752353 -0.912103 
59352.784135 -0.901423 
59352.815917 -0.890894 
59352.847699 -0.880522 
59352.879481 -0.870315 
59352.911263 -0.860278 
59352.943045 -0.850420 
59352.974827 -0.840745 
59353.006609 -0.831260 
59353.038391 -0.821972 
59353.070173 -0.812886 
59353.101955 -0.804008 
59353.133737 -0.795344 
59353.165519 -0.786899 
59353.197301 -0.778678 
59353.229083 -0.770688 
59353.260865 -0.762932 
59353.292647 -0.755416 
59353.324429 -0.748145 
59353.356211 -0.741122 
59353.387993 -0.734353 
59353.419775 -0.727842 
59353.451557 -0.721592 
59353.483339 -0.715607 
59353.515121 -0.709892 
59353.546903 -0.704449 
59353.578685 -0.699282 
59353.610467 -0.694393 
59353.642249 -0.689787 
59353.674031 -0.685465 
59353.705813 -0.681430 
59353.737595 -0.677684 
59353.769377 -0.674229 
59353.801159 -0.671068 
59353.832941 -0.668202 
59353.864723 -0.665632 
59353.896505 -0.663361 
59353.928287 -0.661388 
59353.960069 -0.659716 
59353.991851 -0.658344 
59354.023633 -0.657273 
59354.055415 -0.656504 
59354.087197 -0.656037 
59354.118979 -0.655871 
59354.150761 -0.656007 
59354.182543 -0.656443 
59354.214325 -0.657180 
59354.246107 -0.658217 
59354.277889 -0.659551 
59354.309671 -0.661183 
59354.341453 -0.663111 
59354.373235 -0.665332 
59354.405017 -0.667846 
59354.436799 -0.670650 
59354.468581 -0.673743 
59354.500363 -0.677121 
59354.532145 -0.680782 
59354.563927 -0.684724 
59354.595709 -0.688944 
59354.627491 -0.693438 
59354.659273 -0.698203 
59354.691055 -0.703236 
59354.722837 -0.708533 
59354.754619 -0.714091 
59354.786401 -0.719906 
59354.818183 -0.725973 
59354.849965 -0.732289 
59354.881747 -0.738849 
59354.913529 -0.745648 
59354.945310 -0.752682 
59354.977092 -0.759947 
59355.008874 -0.767436 
59355.040656 -0.775146 
59355.072438 -0.783070 
59355.104220 -0.791204 
59355.136002 -0.799543 
59355.167784 -0.808080 
59355.199566 -0.816810 
59355.231348 -0.825727 
59355.263130 -0.834826 
59355.294912 -0.844100 
59355.326694 -0.853543 
59355.358476 -0.863150 
59355.390258 -0.872914 
59355.422040 -0.882828 
59355.453822 -0.892886 
59355.485604 -0.903082 
59355.517386 -0.913410 
59355.549168 -0.923862 
59355.580950 -0.934432 
59355.612732 -0.945113 
59355.644514 -0.955899 
59355.676296 -0.966782 
59355.708078 -0.977756 
59355.739860 -0.988815 
59355.771642 -0.999950 
59355.803424 -1.011156 
59355.835206 -1.022424 
59355.866988 -1.033749 
59355.898770 -1.045123 
59355.930552 -1.056540 
59355.962334 -1.067992 
59355.994116 -1.079472 
59356.025898 -1.090973 
59356.057680 -1.102489 
59356.089462 -1.114013 
59356.121244 -1.125537 
59356.153026 -1.137055 
59356.184808 -1.148560 
59356.216590 -1.160045 
59356.248372 -1.171503 
59356.280154 -1.182928 
59356.311936 -1.194312 
59356.343718 -1.205650 
59356.375500 -1.216935 
59356.407282 -1.228161 
59356.439064 -1.239320 
59356.470846 -1.250406 
59356.502628 -1.261415 
59356.534410 -1.272338 
59356.566192 -1.283170 
59356.597974 -1.293905 
59356.629756 -1.304538 
59356.661538 -1.315061 
59356.693320 -1.325471 
59356.725102 -1.335760 
59356.756884 -1.345924 
59356.788666 -1.355957 
59356.820448 -1.365853 
59356.852230 -1.375609 
59356.884012 -1.385218 
59356.915794 -1.394675 
59356.947576 -1.403977 
59356.979358 -1.413118 
59357.011140 -1.422094 
59357.042922 -1.430900 
59357.074704 -1.439532 
59357.106486 -1.447986 
59357.138268 -1.456258 
59357.170050 -1.464345 
59357.201832 -1.472242 
59357.233614 -1.479946 
59357.265396 -1.487453 
59357.297178 -1.494761 
59357.328960 -1.501866 
59357.360742 -1.508766 
59357.392524 -1.515457 
59357.424306 -1.521938 
59357.456088 -1.528204 
59357.487870 -1.534256 
59357.519652 -1.540089 
59357.551434 -1.545703 
59357.583216 -1.551095 
59357.614997 -1.556263 
59357.646779 -1.561207 
59357.678561 -1.565926 
59357.710343 -1.570416 
59357.742125 -1.574679 
59357.773907 -1.578713 
59357.805689 -1.582517 
59357.837471 -1.586091 
59357.869253 -1.589434 
59357.901035 -1.592547 
59357.932817 -1.595430 
59357.964599 -1.598081 
59357.996381 -1.600503 
59358.028163 -1.602695 
59358.059945 -1.604657 
59358.091727 -1.606392 
59358.123509 -1.607899 
59358.155291 -1.609179 
59358.187073 -1.610235 
59358.218855 -1.611067 
59358.250637 -1.611676 
59358.282419 -1.612066 
59358.314201 -1.612236 
59358.345983 -1.612190 
59358.377765 -1.611930 
59358.409547 -1.611457 
59358.441329 -1.610774 
59358.473111 -1.609883 
59358.504893 -1.608788 
59358.536675 -1.607491 
59358.568457 -1.605994 
59358.600239 -1.604302 
59358.632021 -1.602416 
59358.663803 -1.600341 
59358.695585 -1.598079 
59358.727367 -1.595634 
59358.759149 -1.593010 
59358.790931 -1.590210 
59358.822713 -1.587239 
59358.854495 -1.584099 
59358.886277 -1.580795 
59358.918059 -1.577331 
59358.949841 -1.573711 
59358.981623 -1.569939 
59359.013405 -1.566020 
59359.045187 -1.561958 
59359.076969 -1.557757 
59359.108751 -1.553422 
59359.140533 -1.548957 
59359.172315 -1.544367 
59359.204097 -1.539657 
59359.235879 -1.534832 
59359.267661 -1.529896 
59359.299443 -1.524853 
59359.331225 -1.519710 
59359.363007 -1.514470 
59359.394789 -1.509139 
59359.426571 -1.503721 
59359.458353 -1.498222 
59359.490135 -1.492647 
59359.521917 -1.487000 
59359.553699 -1.481287 
59359.585481 -1.475512 
59359.617263 -1.469680 
59359.649045 -1.463797 
59359.680827 -1.457868 
59359.712609 -1.451897 
59359.744391 -1.445890 
59359.776173 -1.439851 
59359.807955 -1.433786 
59359.839737 -1.427698 
59359.871519 -1.421594 
59359.903301 -1.415478 
59359.935083 -1.409355 
59359.966865 -1.403229 
59359.998647 -1.397106 
59360.030429 -1.390990 
59360.062211 -1.384885 
59360.093993 -1.378796 
59360.125775 -1.372728 
59360.157557 -1.366685 
59360.189339 -1.360672 
59360.221121 -1.354692 
59360.252903 -1.348751 
59360.284685 -1.342851 
59360.316466 -1.336998 
59360.348248 -1.331195 
59360.380030 -1.325446 
59360.411812 -1.319755 
59360.443594 -1.314126 
59360.475376 -1.308562 
59360.507158 -1.303068 
59360.538940 -1.297645 
59360.570722 -1.292298 
59360.602504 -1.287030 
59360.634286 -1.281845 
59360.666068 -1.276744 
59360.697850 -1.271732 
59360.729632 -1.266810 
59360.761414 -1.261982 
59360.793196 -1.257250 
59360.824978 -1.252617 
59360.856760 -1.248085 
59360.888542 -1.243656 
59360.920324 -1.239333 
59360.952106 -1.235117 
59360.983888 -1.231010 
59361.015670 -1.227015 
59361.047452 -1.223132 
59361.079234 -1.219363 
59361.111016 -1.215710 
59361.142798 -1.212174 
59361.174580 -1.208755 
59361.206362 -1.205456 
59361.238144 -1.202276 
59361.269926 -1.199218 
59361.301708 -1.196280 
59361.333490 -1.193464 
59361.365272 -1.190770 
59361.397054 -1.188199 
59361.428836 -1.185750 
59361.460618 -1.183423 
59361.492400 -1.181219 
59361.524182 -1.179137 
59361.555964 -1.177177 
59361.587746 -1.175338 
59361.619528 -1.173619 
59361.651310 -1.172021 
59361.683092 -1.170541 
59361.714874 -1.169180 
59361.746656 -1.167935 
59361.778438 -1.166806 
59361.810220 -1.165792 
59361.842002 -1.164891 
59361.873784 -1.164101 
59361.905566 -1.163421 
59361.937348 -1.162849 
59361.969130 -1.162384 
59362.000912 -1.162022 
59362.032694 -1.161763 
59362.064476 -1.161604 
59362.096258 -1.161543 
59362.128040 -1.161578 
59362.159822 -1.161706 
59362.191604 -1.161924 
59362.223386 -1.162230 
59362.255168 -1.162622 
59362.286950 -1.163097 
59362.318732 -1.163651 
59362.350514 -1.164282 
59362.382296 -1.164988 
59362.414078 -1.165764 
59362.445860 -1.166608 
59362.477642 -1.167517 
59362.509424 -1.168488 
59362.541206 -1.169517 
59362.572988 -1.170601 
59362.604770 -1.171736 
59362.636552 -1.172920 
59362.668334 -1.174149 
59362.700116 -1.175419 
59362.731898 -1.176728 
59362.763680 -1.178070 
59362.795462 -1.179444 
59362.827244 -1.180845 
59362.859026 -1.182269 
59362.890808 -1.183714 
59362.922590 -1.185176 
59362.954372 -1.186650 
59362.986154 -1.188133 
59363.017935 -1.189623 
59363.049717 -1.191114 
59363.081499 -1.192604 
59363.113281 -1.194089 
59363.145063 -1.195565 
59363.176845 -1.197029 
59363.208627 -1.198478 
59363.240409 -1.199907 
59363.272191 -1.201313 
59363.303973 -1.202693 
59363.335755 -1.204044 
59363.367537 -1.205361 
59363.399319 -1.206642 
59363.431101 -1.207884 
59363.462883 -1.209083 
59363.494665 -1.210236 
59363.526447 -1.211340 
59363.558229 -1.212392 
59363.590011 -1.213389 
59363.621793 -1.214328 
59363.653575 -1.215205 
59363.685357 -1.216019 
59363.717139 -1.216767 
59363.748921 -1.217445 
59363.780703 -1.218052 
59363.812485 -1.218585 
59363.844267 -1.219041 
59363.876049 -1.219419 
59363.907831 -1.219715 
59363.939613 -1.219928 
59363.971395 -1.220056 
59364.003177 -1.220097 
59364.034959 -1.220049 
59364.066741 -1.219911 
59364.098523 -1.219680 
59364.130305 -1.219355 
59364.162087 -1.218935 
59364.193869 -1.218418 
59364.225651 -1.217804 
59364.257433 -1.217091 
59364.289215 -1.216278 
59364.320997 -1.215365 
59364.352779 -1.214350 
59364.384561 -1.213233 
59364.416343 -1.212014 
59364.448125 -1.210692 
59364.479907 -1.209267 
59364.511689 -1.207738 
59364.543471 -1.206106 
59364.575253 -1.204371 
59364.607035 -1.202533 
59364.638817 -1.200592 
59364.670599 -1.198550 
59364.702381 -1.196405 
59364.734163 -1.194160 
59364.765945 -1.191814 
59364.797727 -1.189370 
59364.829509 -1.186828 
59364.861291 -1.184188 
59364.893073 -1.181453 
59364.924855 -1.178625 
59364.956637 -1.175703 
59364.988419 -1.172691 
59365.020201 -1.169590 
59365.051983 -1.166401 
59365.083765 -1.163128 
59365.115547 -1.159771 
59365.147329 -1.156334 
59365.179111 -1.152819 
59365.210893 -1.149227 
59365.242675 -1.145563 
59365.274457 -1.141828 
59365.306239 -1.138024 
59365.338021 -1.134156 
59365.369803 -1.130226 
59365.401585 -1.126238 
59365.433367 -1.122193 
59365.465149 -1.118096 
59365.496931 -1.113950 
59365.528713 -1.109759 
59365.560495 -1.105525 
59365.592277 -1.101253 
59365.624059 -1.096947 
59365.655841 -1.092609 
59365.687623 -1.088245 
59365.719404 -1.083857 
59365.751186 -1.079450 
59365.782968 -1.075028 
59365.814750 -1.070596 
59365.846532 -1.066156 
59365.878314 -1.061714 
59365.910096 -1.057274 
59365.941878 -1.052840 
59365.973660 -1.048417 
59366.005442 -1.044008 
59366.037224 -1.039619 
59366.069006 -1.035254 
59366.100788 -1.030918 
59366.132570 -1.026615 
59366.164352 -1.022349 
59366.196134 -1.018125 
59366.227916 -1.013949 
59366.259698 -1.009824 
59366.291480 -1.005755 
59366.323262 -1.001747 
59366.355044 -0.997805 
59366.386826 -0.993932 
59366.418608 -0.990135 
59366.450390 -0.986417 
59366.482172 -0.982783 
59366.513954 -0.979238 
59366.545736 -0.975786 
59366.577518 -0.972432 
59366.609300 -0.969181 
59366.641082 -0.966036 
59366.672864 -0.963003 
59366.704646 -0.960085 
59366.736428 -0.957288 
59366.768210 -0.954615 
59366.799992 -0.952071 
59366.831774 -0.949660 
59366.863556 -0.947387 
59366.895338 -0.945254 
59366.927120 -0.943267 
59366.958902 -0.941429 
59366.990684 -0.939744 
59367.022466 -0.938216 
59367.054248 -0.936849 
59367.086030 -0.935647 
59367.117812 -0.934612 
59367.149594 -0.933748 
59367.181376 -0.933060 
59367.213158 -0.932549 
59367.244940 -0.932220 
59367.276722 -0.932075 
59367.308504 -0.932117 
59367.340286 -0.932350 
59367.372068 -0.932775 
59367.403850 -0.933396 
59367.435632 -0.934215 
59367.467414 -0.935235 
59367.499196 -0.936457 
59367.530978 -0.937884 
59367.562760 -0.939519 
59367.594542 -0.941362 
59367.626324 -0.943415 
59367.658106 -0.945681 
59367.689888 -0.948161 
59367.721670 -0.950855 
59367.753452 -0.953767 
59367.785234 -0.956895 
59367.817016 -0.960242 
59367.848798 -0.963808 
59367.880580 -0.967594 
59367.912362 -0.971601 
59367.944144 -0.975828 
59367.975926 -0.980276 
59368.007708 -0.984945 
59368.039490 -0.989836 
59368.071272 -0.994947 
59368.103054 -1.000278 
59368.134836 -1.005829 
59368.166618 -1.011600 
59368.198400 -1.017589 
59368.230182 -1.023795 
59368.261964 -1.030217 
59368.293746 -1.036855 
59368.325528 -1.043706 
59368.357310 -1.050769 
59368.389092 -1.058043 
59368.420873 -1.065524 
59368.452655 -1.073213 
59368.484437 -1.081105 
59368.516219 -1.089199 
59368.548001 -1.097493 
59368.579783 -1.105984 
59368.611565 -1.114668 
59368.643347 -1.123544 
59368.675129 -1.132609 
59368.706911 -1.141858 
59368.738693 -1.151289 
59368.770475 -1.160898 
59368.802257 -1.170682 
59368.834039 -1.180637 
59368.865821 -1.190759 
59368.897603 -1.201044 
59368.929385 -1.211489 
59368.961167 -1.222089 
59368.992949 -1.232839 
59369.024731 -1.243735 
59369.056513 -1.254774 
59369.088295 -1.265949 
59369.120077 -1.277256 
59369.151859 -1.288691 
59369.183641 -1.300249 
59369.215423 -1.311924 
59369.247205 -1.323711 
59369.278987 -1.335605 
59369.310769 -1.347600 
59369.342551 -1.359692 
59369.374333 -1.371875 
59369.406115 -1.384143 
59369.437897 -1.396490 
59369.469679 -1.408911 
59369.501461 -1.421400 
59369.533243 -1.433951 
59369.565025 -1.446558 
59369.596807 -1.459216 
59369.628589 -1.471918 
59369.660371 -1.484658 
59369.692153 -1.497430 
59369.723935 -1.510228 
59369.755717 -1.523045 
59369.787499 -1.535877 
59369.819281 -1.548716 
59369.851063 -1.561555 
59369.882845 -1.574390 
59369.914627 -1.587213 
59369.946409 -1.600019 
59369.978191 -1.612800 
59370.009973 -1.625551 
59370.041755 -1.638266 
59370.073537 -1.650938 
59370.105319 -1.663560 
59370.137101 -1.676128 
59370.168883 -1.688634 
59370.200665 -1.701072 
59370.232447 -1.713436 
59370.264229 -1.725721 
59370.296011 -1.737919 
59370.327793 -1.750025 
59370.359575 -1.762033 
59370.391357 -1.773938 
59370.423139 -1.785732 
59370.454921 -1.797411 
59370.486703 -1.808968 
59370.518485 -1.820399 
59370.550267 -1.831696 
59370.582049 -1.842856 
59370.613831 -1.853872 
59370.645613 -1.864739 
59370.677395 -1.875453 
59370.709177 -1.886006 
59370.740959 -1.896396 
59370.772741 -1.906616 
59370.804523 -1.916662 
59370.836305 -1.926529 
59370.868087 -1.936212 
59370.899869 -1.945708 
59370.931651 -1.955011 
59370.963433 -1.964118 
59370.995215 -1.973023 
59371.026997 -1.981724 
59371.058779 -1.990216 
59371.090561 -1.998496 
59371.122342 -2.006559 
59371.154124 -2.014403 
59371.185906 -2.022024 
59371.217688 -2.029420 
59371.249470 -2.036586 
59371.281252 -2.043520 
59371.313034 -2.050220 
59371.344816 -2.056682 
59371.376598 -2.062905 
59371.408380 -2.068886 
59371.440162 -2.074622 
59371.471944 -2.080113 
59371.503726 -2.085357 
59371.535508 -2.090351 
59371.567290 -2.095094 
59371.599072 -2.099586 
59371.630854 -2.103824 
59371.662636 -2.107809 
59371.694418 -2.111538 
59371.726200 -2.115013 
59371.757982 -2.118231 
59371.789764 -2.121194 
59371.821546 -2.123901 
59371.853328 -2.126352 
59371.885110 -2.128547 
59371.916892 -2.130487 
59371.948674 -2.132172 
59371.980456 -2.133604 
59372.012238 -2.134783 
59372.044020 -2.135710 
59372.075802 -2.136387 
59372.107584 -2.136816 
59372.139366 -2.136997 
59372.171148 -2.136932 
59372.202930 -2.136625 
59372.234712 -2.136076 
59372.266494 -2.135288 
59372.298276 -2.134264 
59372.330058 -2.133007 
59372.361840 -2.131518 
59372.393622 -2.129801 
59372.425404 -2.127860 
59372.457186 -2.125697 
59372.488968 -2.123316 
59372.520750 -2.120720 
59372.552532 -2.117914 
59372.584314 -2.114900 
59372.616096 -2.111684 
59372.647878 -2.108269 
59372.679660 -2.104659 
59372.711442 -2.100860 
59372.743224 -2.096875 
59372.775006 -2.092709 
59372.806788 -2.088367 
59372.838570 -2.083854 
59372.870352 -2.079174 
59372.902134 -2.074334 
59372.933916 -2.069338 
59372.965698 -2.064192 
59372.997480 -2.058901 
59373.029262 -2.053471 
59373.061044 -2.047907 
59373.092826 -2.042216 
59373.124608 -2.036402 
59373.156390 -2.030472 
59373.188172 -2.024432 
59373.219954 -2.018288 
59373.251736 -2.012047 
59373.283518 -2.005713 
59373.315300 -1.999295 
59373.347082 -1.992797 
59373.378864 -1.986226 
59373.410646 -1.979589 
59373.442428 -1.972893 
59373.474210 -1.966143 
59373.505992 -1.959346 
59373.537774 -1.952510 
59373.569556 -1.945639 
59373.601338 -1.938742 
59373.633120 -1.931824 
59373.664902 -1.924893 
59373.696684 -1.917954 
59373.728466 -1.911015 
59373.760248 -1.904083 
59373.792029 -1.897163 
59373.823811 -1.890262 
59373.855593 -1.883388 
59373.887375 -1.876546 
59373.919157 -1.869743 
59373.950939 -1.862986 
59373.982721 -1.856281 
59374.014503 -1.849634 
59374.046285 -1.843053 
59374.078067 -1.836543 
59374.109849 -1.830110 
59374.141631 -1.823761 
59374.173413 -1.817502 
59374.205195 -1.811338 
59374.236977 -1.805277 
59374.268759 -1.799323 
59374.300541 -1.793484 
59374.332323 -1.787763 
59374.364105 -1.782168 
59374.395887 -1.776704 
59374.427669 -1.771375 
59374.459451 -1.766188 
59374.491233 -1.761148 
59374.523015 -1.756260 
59374.554797 -1.751528 
59374.586579 -1.746958 
59374.618361 -1.742555 
59374.650143 -1.738324 
59374.681925 -1.734267 
59374.713707 -1.730391 
59374.745489 -1.726700 
59374.777271 -1.723197 
59374.809053 -1.719886 
59374.840835 -1.716772 
59374.872617 -1.713858 
59374.904399 -1.711147 
59374.936181 -1.708644 
59374.967963 -1.706350 
59374.999745 -1.704270 
59375.031527 -1.702405 
59375.063309 -1.700760 
59375.095091 -1.699336 
59375.126873 -1.698135 
59375.158655 -1.697161 
59375.190437 -1.696415 
59375.222219 -1.695899 
59375.254001 -1.695614 
59375.285783 -1.695563 
59375.317565 -1.695747 
59375.349347 -1.696166 
59375.381129 -1.696822 
59375.412911 -1.697716 
59375.444693 -1.698848 
59375.476475 -1.700219 
59375.508257 -1.701829 
59375.540039 -1.703678 
59375.571821 -1.705766 
59375.603603 -1.708094 
59375.635385 -1.710659 
59375.667167 -1.713463 
59375.698949 -1.716504 
59375.730731 -1.719780 
59375.762513 -1.723292 
59375.794295 -1.727037 
59375.826077 -1.731015 
59375.857859 -1.735223 
59375.889641 -1.739659 
59375.921423 -1.744322 
59375.953205 -1.749210 
59375.984987 -1.754319 
59376.016769 -1.759648 
59376.048551 -1.765194 
59376.080333 -1.770953 
59376.112115 -1.776924 
59376.143897 -1.783102 
59376.175679 -1.789484 
59376.207461 -1.796067 
59376.239243 -1.802847 
59376.271025 -1.809820 
59376.302807 -1.816983 
59376.334589 -1.824331 
59376.366371 -1.831860 
59376.398153 -1.839565 
59376.429935 -1.847442 
59376.461717 -1.855487 
59376.493498 -1.863694 
59376.525280 -1.872059 
59376.557062 -1.880577 
59376.588844 -1.889242 
59376.620626 -1.898049 
59376.652408 -1.906992 
59376.684190 -1.916067 
59376.715972 -1.925268 
59376.747754 -1.934588 
59376.779536 -1.944023 
59376.811318 -1.953566 
59376.843100 -1.963211 
59376.874882 -1.972952 
59376.906664 -1.982784 
59376.938446 -1.992699 
59376.970228 -2.002692 
59377.002010 -2.012756 
59377.033792 -2.022884 
59377.065574 -2.033072 
59377.097356 -2.043310 
59377.129138 -2.053595 
59377.160920 -2.063918 
59377.192702 -2.074273 
59377.224484 -2.084653 
59377.256266 -2.095052 
59377.288048 -2.105463 
59377.319830 -2.115879 
59377.351612 -2.126294 
59377.383394 -2.136700 
59377.415176 -2.147092 
59377.446958 -2.157461 
59377.478740 -2.167802 
59377.510522 -2.178108 
59377.542304 -2.188372 
59377.574086 -2.198588 
59377.605868 -2.208748 
59377.637650 -2.218846 
59377.669432 -2.228875 
59377.701214 -2.238830 
59377.732996 -2.248703 
59377.764778 -2.258488 
59377.796560 -2.268178 
59377.828342 -2.277768 
59377.860124 -2.287251 
59377.891906 -2.296621 
59377.923688 -2.305871 
59377.955470 -2.314996 
59377.987252 -2.323990 
59378.019034 -2.332847 
59378.050816 -2.341561 
59378.082598 -2.350126 
59378.114380 -2.358538 
59378.146162 -2.366789 
59378.177944 -2.374876 
59378.209726 -2.382792 
59378.241508 -2.390534 
59378.273290 -2.398095 
59378.305072 -2.405470 
59378.336854 -2.412656 
59378.368636 -2.419648 
59378.400418 -2.426440 
59378.432200 -2.433029 
59378.463982 -2.439411 
59378.495764 -2.445581 
59378.527546 -2.451535 
59378.559328 -2.457271 
59378.591110 -2.462784 
59378.622892 -2.468070 
59378.654674 -2.473127 
59378.686456 -2.477952 
59378.718238 -2.482541 
59378.750020 -2.486892 
59378.781802 -2.491002 
59378.813584 -2.494868 
59378.845366 -2.498489 
59378.877148 -2.501863 
59378.908930 -2.504987 
59378.940712 -2.507859 
59378.972494 -2.510479 
59379.004276 -2.512845 
59379.036058 -2.514955 
59379.067840 -2.516809 
59379.099622 -2.518405 
59379.131404 -2.519744 
59379.163186 -2.520825 
59379.194967 -2.521647 
59379.226749 -2.522211 
59379.258531 -2.522516 
59379.290313 -2.522563 
59379.322095 -2.522352 
59379.353877 -2.521884 
59379.385659 -2.521160 
59379.417441 -2.520181 
59379.449223 -2.518948 
59379.481005 -2.517463 
59379.512787 -2.515726 
59379.544569 -2.513741 
59379.576351 -2.511508 
59379.608133 -2.509031 
59379.639915 -2.506311 
59379.671697 -2.503350 
59379.703479 -2.500152 
59379.735261 -2.496720 
59379.767043 -2.493055 
59379.798825 -2.489162 
59379.830607 -2.485044 
59379.862389 -2.480705 
59379.894171 -2.476147 
59379.925953 -2.471375 
59379.957735 -2.466393 
59379.989517 -2.461205 
59380.021299 -2.455816 
59380.053081 -2.450229 
59380.084863 -2.444449 
59380.116645 -2.438481 
59380.148427 -2.432331 
59380.180209 -2.426002 
59380.211991 -2.419500 
59380.243773 -2.412830 
59380.275555 -2.405999 
59380.307337 -2.399010 
59380.339119 -2.391870 
59380.370901 -2.384585 
59380.402683 -2.377160 
59380.434465 -2.369601 
59380.466247 -2.361915 
59380.498029 -2.354107 
59380.529811 -2.346184 
59380.561593 -2.338152 
59380.593375 -2.330018 
59380.625157 -2.321787 
59380.656939 -2.313467 
59380.688721 -2.305064 
59380.720503 -2.296585 
59380.752285 -2.288036 
59380.784067 -2.279425 
59380.815849 -2.270758 
59380.847631 -2.262042 
59380.879413 -2.253284 
59380.911195 -2.244491 
59380.942977 -2.235670 
59380.974759 -2.226828 
59381.006541 -2.217972 
59381.038323 -2.209109 
59381.070105 -2.200246 
59381.101887 -2.191390 
59381.133669 -2.182549 
59381.165451 -2.173729 
59381.197233 -2.164937 
59381.229015 -2.156181 
59381.260797 -2.147467 
59381.292579 -2.138803 
59381.324361 -2.130195 
59381.356143 -2.121650 
59381.387925 -2.113175 
59381.419707 -2.104777 
59381.451489 -2.096463 
59381.483271 -2.088240 
59381.515053 -2.080114 
59381.546835 -2.072091 
59381.578617 -2.064179 
59381.610399 -2.056383 
59381.642181 -2.048711 
59381.673963 -2.041168 
59381.705745 -2.033760 
59381.737527 -2.026495 
59381.769309 -2.019377 
59381.801091 -2.012412 
59381.832873 -2.005607 
59381.864655 -1.998967 
59381.896436 -1.992498 
59381.928218 -1.986205 
59381.960000 -1.980093 
59381.991782 -1.974168 
59382.023564 -1.968435 
59382.055346 -1.962899 
59382.087128 -1.957564 
59382.118910 -1.952435 
59382.150692 -1.947517 
59382.182474 -1.942814 
59382.214256 -1.938331 
59382.246038 -1.934071 
59382.277820 -1.930038 
59382.309602 -1.926236 
59382.341384 -1.922669 
59382.373166 -1.919340 
59382.404948 -1.916252 
59382.436730 -1.913409 
59382.468512 -1.910814 
59382.500294 -1.908468 
59382.532076 -1.906375 
59382.563858 -1.904538 
59382.595640 -1.902957 
59382.627422 -1.901637 
59382.659204 -1.900577 
59382.690986 -1.899780 
59382.722768 -1.899248 
59382.754550 -1.898981 
59382.786332 -1.898981 
59382.818114 -1.899249 
59382.849896 -1.899786 
59382.881678 -1.900591 
59382.913460 -1.901666 
59382.945242 -1.903010 
59382.977024 -1.904624 
59383.008806 -1.906508 
59383.040588 -1.908660 
59383.072370 -1.911081 
59383.104152 -1.913769 
59383.135934 -1.916724 
59383.167716 -1.919944 
59383.199498 -1.923428 
59383.231280 -1.927175 
59383.263062 -1.931183 
59383.294844 -1.935450 
59383.326626 -1.939974 
59383.358408 -1.944753 
59383.390190 -1.949784 
59383.421972 -1.955064 
59383.453754 -1.960592 
59383.485536 -1.966363 
59383.517318 -1.972375 
59383.549100 -1.978624 
59383.580882 -1.985108 
59383.612664 -1.991822 
59383.644446 -1.998762 
59383.676228 -2.005925 
59383.708010 -2.013307 
59383.739792 -2.020902 
59383.771574 -2.028708 
59383.803356 -2.036719 
59383.835138 -2.044930 
59383.866920 -2.053337 
59383.898702 -2.061935 
59383.930484 -2.070719 
59383.962266 -2.079683 
59383.994048 -2.088822 
59384.025830 -2.098130 
59384.057612 -2.107603 
59384.089394 -2.117233 
59384.121176 -2.127016 
59384.152958 -2.136946 
59384.184740 -2.147015 
59384.216522 -2.157219 
59384.248304 -2.167551 
59384.280086 -2.178005 
59384.311868 -2.188573 
59384.343650 -2.199251 
59384.375432 -2.210031 
59384.407214 -2.220906 
59384.438996 -2.231870 
59384.470778 -2.242916 
59384.502560 -2.254038 
59384.534342 -2.265227 
59384.566124 -2.276479 
59384.597905 -2.287785 
59384.629687 -2.299138 
59384.661469 -2.310532 
59384.693251 -2.321959 
59384.725033 -2.333412 
59384.756815 -2.344885 
59384.788597 -2.356370 
59384.820379 -2.367860 
59384.852161 -2.379347 
59384.883943 -2.390826 
59384.915725 -2.402288 
59384.947507 -2.413726 
59384.979289 -2.425134 
59385.011071 -2.436504 
59385.042853 -2.447830 
59385.074635 -2.459104 
59385.106417 -2.470319 
59385.138199 -2.481469 
59385.169981 -2.492546 
59385.201763 -2.503544 
59385.233545 -2.514456 
59385.265327 -2.525275 
59385.297109 -2.535994 
59385.328891 -2.546608 
59385.360673 -2.557109 
59385.392455 -2.567491 
59385.424237 -2.577748 
59385.456019 -2.587873 
59385.487801 -2.597861 
59385.519583 -2.607704 
59385.551365 -2.617398 
59385.583147 -2.626936 
59385.614929 -2.636313 
59385.646711 -2.645522 
59385.678493 -2.654559 
59385.710275 -2.663418 
59385.742057 -2.672094 
59385.773839 -2.680581 
59385.805621 -2.688874 
59385.837403 -2.696969 
59385.869185 -2.704861 
59385.900967 -2.712545 
59385.932749 -2.720016 
59385.964531 -2.727271 
59385.996313 -2.734304 
59386.028095 -2.741113 
59386.059877 -2.747692 
59386.091659 -2.754039 
59386.123441 -2.760150 
59386.155223 -2.766021 
59386.187005 -2.771649 
59386.218787 -2.777030 
59386.250569 -2.782163 
59386.282351 -2.787044 
59386.314133 -2.791670 
59386.345915 -2.796040 
59386.377697 -2.800150 
59386.409479 -2.803999 
59386.441261 -2.807585 
59386.473043 -2.810906 
59386.504825 -2.813960 
59386.536607 -2.816746 
59386.568389 -2.819263 
59386.600171 -2.821510 
59386.631953 -2.823486 
59386.663735 -2.825190 
59386.695517 -2.826622 
59386.727299 -2.827781 
59386.759081 -2.828667 
59386.790863 -2.829280 
59386.822645 -2.829621 
59386.854427 -2.829689 
59386.886209 -2.829486 
59386.917991 -2.829012 
59386.949773 -2.828267 
59386.981555 -2.827253 
59387.013337 -2.825971 
59387.045119 -2.824423 
59387.076901 -2.822610 
59387.108683 -2.820533 
59387.140465 -2.818195 
59387.172247 -2.815598 
59387.204029 -2.812743 
59387.235811 -2.809634 
59387.267593 -2.806273 
59387.299374 -2.802661 
59387.331156 -2.798803 
59387.362938 -2.794701 
59387.394720 -2.790359 
59387.426502 -2.785779 
59387.458284 -2.780964 
59387.490066 -2.775920 
59387.521848 -2.770648 
59387.553630 -2.765153 
59387.585412 -2.759439 
59387.617194 -2.753509 
59387.648976 -2.747369 
59387.680758 -2.741022 
59387.712540 -2.734472 
59387.744322 -2.727725 
59387.776104 -2.720784 
59387.807886 -2.713655 
59387.839668 -2.706342 
59387.871450 -2.698850 
59387.903232 -2.691185 
59387.935014 -2.683350 
59387.966796 -2.675352 
59387.998578 -2.667195 
59388.030360 -2.658886 
59388.062142 -2.650428 
59388.093924 -2.641828 
59388.125706 -2.633092 
59388.157488 -2.624224 
59388.189270 -2.615230 
59388.221052 -2.606117 
59388.252834 -2.596889 
59388.284616 -2.587552 
59388.316398 -2.578113 
59388.348180 -2.568577 
59388.379962 -2.558949 
59388.411744 -2.549236 
59388.443526 -2.539444 
59388.475308 -2.529578 
59388.507090 -2.519644 
59388.538872 -2.509648 
59388.570654 -2.499596 
59388.602436 -2.489494 
59388.634218 -2.479347 
59388.666000 -2.469162 
59388.697782 -2.458944 
59388.729564 -2.448700 
59388.761346 -2.438434 
59388.793128 -2.428152 
59388.824910 -2.417861 
59388.856692 -2.407566 
59388.888474 -2.397272 
59388.920256 -2.386984 
59388.952038 -2.376710 
59388.983820 -2.366453 
59389.015602 -2.356219 
59389.047384 -2.346014 
59389.079166 -2.335843 
59389.110948 -2.325710 
59389.142730 -2.315621 
59389.174512 -2.305581 
59389.206294 -2.295595 
59389.238076 -2.285667 
59389.269858 -2.275803 
59389.301640 -2.266006 
59389.333422 -2.256282 
59389.365204 -2.246634 
59389.396986 -2.237067 
59389.428768 -2.227586 
59389.460550 -2.218193 
59389.492332 -2.208894 
59389.524114 -2.199692 
59389.555896 -2.190590 
59389.587678 -2.181593 
59389.619460 -2.172704 
59389.651242 -2.163925 
59389.683024 -2.155261 
59389.714806 -2.146714 
59389.746588 -2.138288 
59389.778370 -2.129984 
59389.810152 -2.121806 
59389.841934 -2.113756 
59389.873716 -2.105836 
59389.905498 -2.098050 
59389.937280 -2.090398 
59389.969061 -2.082882 
59390.000843 -2.075505 
59390.032625 -2.068269 
59390.064407 -2.061173 
59390.096189 -2.054221 
59390.127971 -2.047413 
59390.159753 -2.040749 
59390.191535 -2.034232 
59390.223317 -2.027861 
59390.255099 -2.021637 
59390.286881 -2.015561 
59390.318663 -2.009633 
59390.350445 -2.003853 
59390.382227 -1.998221 
59390.414009 -1.992736 
59390.445791 -1.987399 
59390.477573 -1.982209 
59390.509355 -1.977165 
59390.541137 -1.972266 
59390.572919 -1.967512 
59390.604701 -1.962901 
59390.636483 -1.958433 
59390.668265 -1.954105 
59390.700047 -1.949916 
59390.731829 -1.945866 
59390.763611 -1.941951 
59390.795393 -1.938170 
59390.827175 -1.934521 
59390.858957 -1.931001 
59390.890739 -1.927609 
59390.922521 -1.924342 
59390.954303 -1.921198 
59390.986085 -1.918173 
59391.017867 -1.915264 
59391.049649 -1.912470 
59391.081431 -1.909787 
59391.113213 -1.907212 
59391.144995 -1.904741 
59391.176777 -1.902372 
59391.208559 -1.900100 
59391.240341 -1.897922 
59391.272123 -1.895835 
59391.303905 -1.893835 
59391.335687 -1.891918 
59391.367469 -1.890080 
59391.399251 -1.888318 
59391.431033 -1.886626 
59391.462815 -1.885002 
59391.494597 -1.883440 
59391.526379 -1.881937 
59391.558161 -1.880488 
59391.589943 -1.879089 
59391.621725 -1.877735 
59391.653507 -1.876423 
59391.685289 -1.875146 
59391.717071 -1.873902 
59391.748853 -1.872686 
59391.780635 -1.871492 
59391.812417 -1.870316 
59391.844199 -1.869153 
59391.875981 -1.868000 
59391.907763 -1.866850 
59391.939545 -1.865700 
59391.971327 -1.864545 
59392.003109 -1.863379 
59392.034891 -1.862199 
59392.066673 -1.861000 
59392.098455 -1.859776 
59392.130237 -1.858524 
59392.162019 -1.857238 
59392.193801 -1.855915 
59392.225583 -1.854549 
59392.257365 -1.853136 
59392.289147 -1.851672 
59392.320929 -1.850151 
59392.352711 -1.848570 
59392.384493 -1.846925 
59392.416275 -1.845210 
59392.448057 -1.843422 
59392.479839 -1.841557 
59392.511621 -1.839610 
59392.543403 -1.837577 
59392.575185 -1.835455 
59392.606967 -1.833240 
59392.638749 -1.830927 
59392.670530 -1.828514 
59392.702312 -1.825996 
59392.734094 -1.823370 
59392.765876 -1.820633 
59392.797658 -1.817781 
59392.829440 -1.814811 
59392.861222 -1.811720 
59392.893004 -1.808505 
59392.924786 -1.805163 
59392.956568 -1.801691 
59392.988350 -1.798087 
59393.020132 -1.794348 
59393.051914 -1.790473 
59393.083696 -1.786457 
59393.115478 -1.782300 
59393.147260 -1.778000 
59393.179042 -1.773554 
59393.210824 -1.768962 
59393.242606 -1.764220 
59393.274388 -1.759328 
59393.306170 -1.754285 
59393.337952 -1.749090 
59393.369734 -1.743741 
59393.401516 -1.738237 
59393.433298 -1.732579 
59393.465080 -1.726765 
59393.496862 -1.720795 
59393.528644 -1.714668 
59393.560426 -1.708385 
59393.592208 -1.701946 
59393.623990 -1.695351 
59393.655772 -1.688601 
59393.687554 -1.681695 
59393.719336 -1.674635 
59393.751118 -1.667421 
59393.782900 -1.660055 
59393.814682 -1.652538 
59393.846464 -1.644870 
59393.878246 -1.637054 
59393.910028 -1.629091 
59393.941810 -1.620983 
59393.973592 -1.612731 
59394.005374 -1.604339 
59394.037156 -1.595808 
59394.068938 -1.587140 
59394.100720 -1.578339 
59394.132502 -1.569406 
59394.164284 -1.560345 
59394.196066 -1.551159 
59394.227848 -1.541851 
59394.259630 -1.532424 
59394.291412 -1.522881 
59394.323194 -1.513226 
59394.354976 -1.503464 
59394.386758 -1.493597 
59394.418540 -1.483629 
59394.450322 -1.473566 
59394.482104 -1.463410 
59394.513886 -1.453166 
59394.545668 -1.442840 
59394.577450 -1.432434 
59394.609232 -1.421954 
59394.641014 -1.411406 
59394.672796 -1.400793 
59394.704578 -1.390120 
59394.736360 -1.379393 
59394.768142 -1.368618 
59394.799924 -1.357798 
59394.831706 -1.346940 
59394.863488 -1.336050 
59394.895270 -1.325132 
59394.927052 -1.314192 
59394.958834 -1.303237 
59394.990616 -1.292271 
59395.022398 -1.281301 
59395.054180 -1.270332 
59395.085962 -1.259371 
59395.117744 -1.248424 
59395.149526 -1.237496 
59395.181308 -1.226593 
59395.213090 -1.215723 
59395.244872 -1.204890 
59395.276654 -1.194102 
59395.308436 -1.183364 
59395.340218 -1.172683 
59395.371999 -1.162064 
59395.403781 -1.151515 
59395.435563 -1.141042 
59395.467345 -1.130650 
59395.499127 -1.120346 
59395.530909 -1.110136 
59395.562691 -1.100027 
59395.594473 -1.090025 
59395.626255 -1.080136 
59395.658037 -1.070366 
59395.689819 -1.060722 
59395.721601 -1.051209 
59395.753383 -1.041833 
59395.785165 -1.032601 
59395.816947 -1.023519 
59395.848729 -1.014593 
59395.880511 -1.005828 
59395.912293 -0.997230 
59395.944075 -0.988805 
59395.975857 -0.980558 
59396.007639 -0.972496 
59396.039421 -0.964624 
59396.071203 -0.956946 
59396.102985 -0.949469 
59396.134767 -0.942198 
59396.166549 -0.935138 
59396.198331 -0.928293 
59396.230113 -0.921669 
59396.261895 -0.915271 
59396.293677 -0.909103 
59396.325459 -0.903170 
59396.357241 -0.897476 
59396.389023 -0.892025 
59396.420805 -0.886822 
59396.452587 -0.881871 
59396.484369 -0.877176 
59396.516151 -0.872740 
59396.547933 -0.868567 
59396.579715 -0.864660 
59396.611497 -0.861024 
59396.643279 -0.857660 
59396.675061 -0.854573 
59396.706843 -0.851764 
59396.738625 -0.849237 
59396.770407 -0.846994 
59396.802189 -0.845038 
59396.833971 -0.843370 
59396.865753 -0.841993 
59396.897535 -0.840908 
59396.929317 -0.840118 
59396.961099 -0.839623 
59396.992881 -0.839425 
59397.024663 -0.839525 
59397.056445 -0.839924 
59397.088227 -0.840623 
59397.120009 -0.841622 
59397.151791 -0.842923 
59397.183573 -0.844524 
59397.215355 -0.846426 
59397.247137 -0.848629 
59397.278919 -0.851132 
59397.310701 -0.853935 
59397.342483 -0.857038 
59397.374265 -0.860439 
59397.406047 -0.864137 
59397.437829 -0.868130 
59397.469611 -0.872419 
59397.501393 -0.876999 
59397.533175 -0.881871 
59397.564957 -0.887032 
59397.596739 -0.892479 
59397.628521 -0.898210 
59397.660303 -0.904223 
59397.692085 -0.910514 
59397.723867 -0.917081 
59397.755649 -0.923921 
59397.787431 -0.931030 
59397.819213 -0.938406 
59397.850995 -0.946043 
59397.882777 -0.953938 
59397.914559 -0.962088 
59397.946341 -0.970488 
59397.978123 -0.979134 
59398.009905 -0.988021 
59398.041687 -0.997144 
59398.073468 -1.006500 
59398.105250 -1.016082 
59398.137032 -1.025886 
59398.168814 -1.035906 
59398.200596 -1.046138 
59398.232378 -1.056575 
59398.264160 -1.067212 
59398.295942 -1.078042 
59398.327724 -1.089061 
59398.359506 -1.100261 
59398.391288 -1.111638 
59398.423070 -1.123183 
59398.454852 -1.134892 
59398.486634 -1.146757 
59398.518416 -1.158772 
59398.550198 -1.170930 
59398.581980 -1.183224 
59398.613762 -1.195647 
59398.645544 -1.208193 
59398.677326 -1.220853 
59398.709108 -1.233622 
59398.740890 -1.246491 
59398.772672 -1.259453 
59398.804454 -1.272501 
59398.836236 -1.285628 
59398.868018 -1.298826 
59398.899800 -1.312087 
59398.931582 -1.325403 
59398.963364 -1.338768 
59398.995146 -1.352174 
59399.026928 -1.365612 
59399.058710 -1.379075 
59399.090492 -1.392555 
59399.122274 -1.406045 
59399.154056 -1.419537 
59399.185838 -1.433022 
59399.217620 -1.446494 
59399.249402 -1.459944 
59399.281184 -1.473364 
59399.312966 -1.486748 
59399.344748 -1.500086 
59399.376530 -1.513373 
59399.408312 -1.526599 
59399.440094 -1.539757 
59399.471876 -1.552840 
59399.503658 -1.565840 
59399.535440 -1.578750 
59399.567222 -1.591562 
59399.599004 -1.604268 
59399.630786 -1.616863 
59399.662568 -1.629338 
59399.694350 -1.641686 
59399.726132 -1.653900 
59399.757914 -1.665974 
59399.789696 -1.677901 
59399.821478 -1.689672 
59399.853260 -1.701283 
59399.885042 -1.712727 
59399.916824 -1.723996 
59399.948606 -1.735085 
59399.980388 -1.745988 
59400.012170 -1.756698 
59400.043952 -1.767209 
59400.075734 -1.777516 
59400.107516 -1.787613 
59400.139298 -1.797494 
59400.171080 -1.807155 
59400.202862 -1.816589 
59400.234644 -1.825791 
59400.266426 -1.834758 
59400.298208 -1.843483 
59400.329990 -1.851962 
59400.361772 -1.860191 
59400.393554 -1.868165 
59400.425336 -1.875881 
59400.457118 -1.883334 
59400.488900 -1.890521 
59400.520682 -1.897437 
59400.552464 -1.904080 
59400.584246 -1.910446 
59400.616028 -1.916533 
59400.647810 -1.922336 
59400.679592 -1.927855 
59400.711374 -1.933085 
59400.743156 -1.938025 
59400.774937 -1.942672 
59400.806719 -1.947026 
59400.838501 -1.951083 
59400.870283 -1.954843 
59400.902065 -1.958304 
59400.933847 -1.961464 
59400.965629 -1.964324 
59400.997411 -1.966882 
59401.029193 -1.969138 
59401.060975 -1.971091 
59401.092757 -1.972741 
59401.124539 -1.974089 
59401.156321 -1.975134 
59401.188103 -1.975876 
59401.219885 -1.976318 
59401.251667 -1.976459 
59401.283449 -1.976300 
59401.315231 -1.975843 
59401.347013 -1.975089 
59401.378795 -1.974040 
59401.410577 -1.972698 
59401.442359 -1.971064 
59401.474141 -1.969141 
59401.505923 -1.966931 
59401.537705 -1.964436 
59401.569487 -1.961660 
59401.601269 -1.958606 
59401.633051 -1.955276 
59401.664833 -1.951674 
59401.696615 -1.947803 
59401.728397 -1.943667 
59401.760179 -1.939269 
59401.791961 -1.934614 
59401.823743 -1.929706 
59401.855525 -1.924549 
59401.887307 -1.919148 
59401.919089 -1.913506 
59401.950871 -1.907629 
59401.982653 -1.901523 
59402.014435 -1.895190 
59402.046217 -1.888638 
59402.077999 -1.881871 
59402.109781 -1.874895 
59402.141563 -1.867715 
59402.173345 -1.860337 
59402.205127 -1.852767 
59402.236909 -1.845010 
59402.268691 -1.837073 
59402.300473 -1.828962 
59402.332255 -1.820683 
59402.364037 -1.812243 
59402.395819 -1.803647 
59402.427601 -1.794903 
59402.459383 -1.786017 
59402.491165 -1.776995 
59402.522947 -1.767845 
59402.554729 -1.758573 
59402.586511 -1.749186 
59402.618293 -1.739692 
59402.650075 -1.730096 
59402.681857 -1.720407 
59402.713639 -1.710630 
59402.745421 -1.700775 
59402.777203 -1.690846 
59402.808985 -1.680853 
59402.840767 -1.670801 
59402.872549 -1.660698 
59402.904331 -1.650552 
59402.936113 -1.640369 
59402.967895 -1.630157 
59402.999677 -1.619924 
59403.031459 -1.609676 
59403.063241 -1.599420 
59403.095023 -1.589164 
59403.126805 -1.578916 
59403.158587 -1.568681 
59403.190369 -1.558468 
59403.222151 -1.548283 
59403.253933 -1.538134 
59403.285715 -1.528027 
59403.317497 -1.517970 
59403.349279 -1.507968 
59403.381061 -1.498030 
59403.412843 -1.488162 
59403.444624 -1.478371 
59403.476406 -1.468663 
59403.508188 -1.459044 
59403.539970 -1.449522 
59403.571752 -1.440103 
59403.603534 -1.430792 
59403.635316 -1.421596 
59403.667098 -1.412521 
59403.698880 -1.403574 
59403.730662 -1.394759 
59403.762444 -1.386083 
59403.794226 -1.377551 
59403.826008 -1.369169 
59403.857790 -1.360942 
59403.889572 -1.352876 
59403.921354 -1.344975 
59403.953136 -1.337244 
59403.984918 -1.329689 
59404.016700 -1.322314 
59404.048482 -1.315124 
59404.080264 -1.308122 
59404.112046 -1.301314 
59404.143828 -1.294703 
59404.175610 -1.288294 
59404.207392 -1.282089 
59404.239174 -1.276093 
59404.270956 -1.270310 
59404.302738 -1.264742 
59404.334520 -1.259393 
59404.366302 -1.254265 
59404.398084 -1.249362 
59404.429866 -1.244686 
59404.461648 -1.240239 
59404.493430 -1.236024 
59404.525212 -1.232044 
59404.556994 -1.228299 
59404.588776 -1.224792 
59404.620558 -1.221524 
59404.652340 -1.218496 
59404.684122 -1.215711 
59404.715904 -1.213168 
59404.747686 -1.210870 
59404.779468 -1.208815 
59404.811250 -1.207006 
59404.843032 -1.205442 
59404.874814 -1.204124 
59404.906596 -1.203051 
59404.938378 -1.202224 
59404.970160 -1.201641 
59405.001942 -1.201303 
59405.033724 -1.201209 
59405.065506 -1.201357 
59405.097288 -1.201748 
59405.129070 -1.202378 
59405.160852 -1.203248 
59405.192634 -1.204355 
59405.224416 -1.205699 
59405.256198 -1.207276 
59405.287980 -1.209085 
59405.319762 -1.211123 
59405.351544 -1.213389 
59405.383326 -1.215880 
59405.415108 -1.218593 
59405.446890 -1.221525 
59405.478672 -1.224674 
59405.510454 -1.228035 
59405.542236 -1.231607 
59405.574018 -1.235385 
59405.605800 -1.239366 
59405.637582 -1.243547 
59405.669364 -1.247923 
59405.701146 -1.252491 
59405.732928 -1.257247 
59405.764710 -1.262186 
59405.796492 -1.267304 
59405.828274 -1.272598 
59405.860056 -1.278061 
59405.891838 -1.283691 
59405.923620 -1.289482 
59405.955402 -1.295429 
59405.987184 -1.301527 
59406.018966 -1.307773 
59406.050748 -1.314159 
59406.082530 -1.320683 
59406.114312 -1.327337 
59406.146093 -1.334118 
59406.177875 -1.341019 
59406.209657 -1.348036 
59406.241439 -1.355163 
59406.273221 -1.362394 
59406.305003 -1.369724 
59406.336785 -1.377147 
59406.368567 -1.384658 
59406.400349 -1.392252 
59406.432131 -1.399922 
59406.463913 -1.407662 
59406.495695 -1.415468 
59406.527477 -1.423333 
59406.559259 -1.431252 
59406.591041 -1.439219 
59406.622823 -1.447228 
59406.654605 -1.455273 
59406.686387 -1.463349 
59406.718169 -1.471450 
59406.749951 -1.479571 
59406.781733 -1.487705 
59406.813515 -1.495847 
59406.845297 -1.503992 
59406.877079 -1.512133 
59406.908861 -1.520266 
59406.940643 -1.528385 
59406.972425 -1.536484 
59407.004207 -1.544559 
59407.035989 -1.552603 
59407.067771 -1.560611 
59407.099553 -1.568579 
59407.131335 -1.576501 
59407.163117 -1.584372 
59407.194899 -1.592187 
59407.226681 -1.599941 
59407.258463 -1.607630 
59407.290245 -1.615248 
59407.322027 -1.622792 
59407.353809 -1.630256 
59407.385591 -1.637636 
59407.417373 -1.644928 
59407.449155 -1.652128 
59407.480937 -1.659231 
59407.512719 -1.666233 
59407.544501 -1.673131 
59407.576283 -1.679921 
59407.608065 -1.686599 
59407.639847 -1.693161 
59407.671629 -1.699605 
59407.703411 -1.705927 
59407.735193 -1.712124 
59407.766975 -1.718192 
59407.798757 -1.724129 
59407.830539 -1.729933 
59407.862321 -1.735600 
59407.894103 -1.741128 
59407.925885 -1.746516 
59407.957667 -1.751759 
59407.989449 -1.756858 
59408.021231 -1.761809 
59408.053013 -1.766611 
59408.084795 -1.771263 
59408.116577 -1.775762 
59408.148359 -1.780109 
59408.180141 -1.784301 
59408.211923 -1.788337 
59408.243705 -1.792217 
59408.275487 -1.795941 
59408.307269 -1.799506 
59408.339051 -1.802914 
59408.370833 -1.806164 
59408.402615 -1.809256 
59408.434397 -1.812189 
59408.466179 -1.814965 
59408.497961 -1.817583 
59408.529743 -1.820045 
59408.561525 -1.822349 
59408.593307 -1.824499 
59408.625089 -1.826494 
59408.656871 -1.828335 
59408.688653 -1.830024 
59408.720435 -1.831562 
59408.752217 -1.832952 
59408.783999 -1.834193 
59408.815781 -1.835288 
59408.847562 -1.836240 
59408.879344 -1.837050 
59408.911126 -1.837720 
59408.942908 -1.838253 
59408.974690 -1.838651 
59409.006472 -1.838917 
59409.038254 -1.839053 
59409.070036 -1.839062 
59409.101818 -1.838947 
59409.133600 -1.838712 
59409.165382 -1.838358 
59409.197164 -1.837891 
59409.228946 -1.837312 
59409.260728 -1.836626 
59409.292510 -1.835835 
59409.324292 -1.834944 
59409.356074 -1.833956 
59409.387856 -1.832875 
59409.419638 -1.831706 
59409.451420 -1.830451 
59409.483202 -1.829115 
59409.514984 -1.827702 
59409.546766 -1.826216 
59409.578548 -1.824662 
59409.610330 -1.823044 
59409.642112 -1.821366 
59409.673894 -1.819632 
59409.705676 -1.817848 
59409.737458 -1.816016 
59409.769240 -1.814143 
59409.801022 -1.812233 
59409.832804 -1.810290 
59409.864586 -1.808319 
59409.896368 -1.806324 
59409.928150 -1.804310 
59409.959932 -1.802282 
59409.991714 -1.800245 
59410.023496 -1.798203 
59410.055278 -1.796160 
59410.087060 -1.794122 
59410.118842 -1.792094 
59410.150624 -1.790079 
59410.182406 -1.788083 
59410.214188 -1.786110 
59410.245970 -1.784165 
59410.277752 -1.782252 
59410.309534 -1.780375 
59410.341316 -1.778540 
59410.373098 -1.776751 
59410.404880 -1.775012 
59410.436662 -1.773327 
59410.468444 -1.771701 
59410.500226 -1.770139 
59410.532008 -1.768643 
59410.563790 -1.767218 
59410.595572 -1.765869 
59410.627354 -1.764599 
59410.659136 -1.763412 
59410.690918 -1.762312 
59410.722700 -1.761303 
59410.754482 -1.760388 
59410.786264 -1.759570 
59410.818046 -1.758854 
59410.849828 -1.758242 
59410.881610 -1.757739 
59410.913392 -1.757345 
59410.945174 -1.757066 
59410.976956 -1.756904 
59411.008738 -1.756861 
59411.040520 -1.756940 
59411.072302 -1.757144 
59411.104084 -1.757475 
59411.135866 -1.757936 
59411.167648 -1.758529 
59411.199430 -1.759255 
59411.231212 -1.760117 
59411.262994 -1.761116 
59411.294776 -1.762254 
59411.326558 -1.763533 
59411.358340 -1.764954 
59411.390122 -1.766519 
59411.421904 -1.768227 
59411.453686 -1.770081 
59411.485468 -1.772081 
59411.517250 -1.774227 
59411.549031 -1.776521 
59411.580813 -1.778963 
59411.612595 -1.781552 
59411.644377 -1.784289 
59411.676159 -1.787174 
59411.707941 -1.790207 
59411.739723 -1.793387 
59411.771505 -1.796714 
59411.803287 -1.800186 
59411.835069 -1.803804 
59411.866851 -1.807567 
59411.898633 -1.811472 
59411.930415 -1.815520 
59411.962197 -1.819708 
59411.993979 -1.824035 
59412.025761 -1.828499 
59412.057543 -1.833099 
59412.089325 -1.837832 
59412.121107 -1.842697 
59412.152889 -1.847690 
59412.184671 -1.852811 
59412.216453 -1.858055 
59412.248235 -1.863421 
59412.280017 -1.868906 
59412.311799 -1.874507 
59412.343581 -1.880220 
59412.375363 -1.886043 
59412.407145 -1.891972 
59412.438927 -1.898004 
59412.470709 -1.904135 
59412.502491 -1.910362 
59412.534273 -1.916681 
59412.566055 -1.923088 
59412.597837 -1.929578 
59412.629619 -1.936149 
59412.661401 -1.942795 
59412.693183 -1.949512 
59412.724965 -1.956297 
59412.756747 -1.963144 
59412.788529 -1.970049 
59412.820311 -1.977008 
59412.852093 -1.984015 
59412.883875 -1.991066 
59412.915657 -1.998155 
59412.947439 -2.005279 
59412.979221 -2.012432 
59413.011003 -2.019608 
59413.042785 -2.026804 
59413.074567 -2.034013 
59413.106349 -2.041230 
59413.138131 -2.048450 
59413.169913 -2.055669 
59413.201695 -2.062879 
59413.233477 -2.070077 
59413.265259 -2.077257 
59413.297041 -2.084412 
59413.328823 -2.091539 
59413.360605 -2.098631 
59413.392387 -2.105683 
59413.424169 -2.112690 
59413.455951 -2.119645 
59413.487733 -2.126544 
59413.519515 -2.133381 
59413.551297 -2.140151 
59413.583079 -2.146848 
59413.614861 -2.153467 
59413.646643 -2.160002 
59413.678425 -2.166449 
59413.710207 -2.172801 
59413.741989 -2.179054 
59413.773771 -2.185203 
59413.805553 -2.191242 
59413.837335 -2.197166 
59413.869117 -2.202970 
59413.900899 -2.208649 
59413.932681 -2.214199 
59413.964463 -2.219614 
59413.996245 -2.224889 
59414.028027 -2.230021 
59414.059809 -2.235004 
59414.091591 -2.239833 
59414.123373 -2.244505 
59414.155155 -2.249015 
59414.186937 -2.253360 
59414.218719 -2.257533 
59414.250500 -2.261533 
59414.282282 -2.265354 
59414.314064 -2.268994 
59414.345846 -2.272448 
59414.377628 -2.275712 
59414.409410 -2.278784 
59414.441192 -2.281661 
59414.472974 -2.284338 
59414.504756 -2.286813 
59414.536538 -2.289083 
59414.568320 -2.291145 
59414.600102 -2.292997 
59414.631884 -2.294636 
59414.663666 -2.296060 
59414.695448 -2.297266 
59414.727230 -2.298254 
59414.759012 -2.299020 
59414.790794 -2.299563 
59414.822576 -2.299881 
59414.854358 -2.299974 
59414.886140 -2.299839 
59414.917922 -2.299476 
59414.949704 -2.298884 
59414.981486 -2.298062 
59415.013268 -2.297009 
59415.045050 -2.295726 
59415.076832 -2.294211 
59415.108614 -2.292465 
59415.140396 -2.290488 
59415.172178 -2.288280 
59415.203960 -2.285841 
59415.235742 -2.283172 
59415.267524 -2.280274 
59415.299306 -2.277148 
59415.331088 -2.273795 
59415.362870 -2.270215 
59415.394652 -2.266412 
59415.426434 -2.262385 
59415.458216 -2.258137 
59415.489998 -2.253670 
59415.521780 -2.248985 
59415.553562 -2.244086 
59415.585344 -2.238974 
59415.617126 -2.233653 
59415.648908 -2.228124 
59415.680690 -2.222391 
59415.712472 -2.216456 
59415.744254 -2.210324 
59415.776036 -2.203997 
59415.807818 -2.197478 
59415.839600 -2.190772 
59415.871382 -2.183882 
59415.903164 -2.176813 
59415.934946 -2.169567 
59415.966728 -2.162150 
59415.998510 -2.154565 
59416.030292 -2.146818 
59416.062074 -2.138913 
59416.093856 -2.130854 
59416.125638 -2.122646 
59416.157420 -2.114294 
59416.189202 -2.105804 
59416.220984 -2.097180 
59416.252766 -2.088428 
59416.284548 -2.079553 
59416.316330 -2.070561 
59416.348112 -2.061456 
59416.379894 -2.052245 
59416.411676 -2.042934 
59416.443458 -2.033528 
59416.475240 -2.024034 
59416.507022 -2.014456 
59416.538804 -2.004801 
59416.570586 -1.995076 
59416.602368 -1.985286 
59416.634150 -1.975438 
59416.665932 -1.965537 
59416.697714 -1.955591 
59416.729496 -1.945605 
59416.761278 -1.935586 
59416.793060 -1.925540 
59416.824842 -1.915473 
59416.856624 -1.905393 
59416.888406 -1.895305 
59416.920188 -1.885215 
59416.951969 -1.875132 
59416.983751 -1.865060 
59417.015533 -1.855006 
59417.047315 -1.844977 
59417.079097 -1.834978 
59417.110879 -1.825018 
59417.142661 -1.815101 
59417.174443 -1.805234 
59417.206225 -1.795424 
59417.238007 -1.785677 
59417.269789 -1.775998 
59417.301571 -1.766394 
59417.333353 -1.756872 
59417.365135 -1.747437 
59417.396917 -1.738095 
59417.428699 -1.728852 
59417.460481 -1.719713 
59417.492263 -1.710686 
59417.524045 -1.701774 
59417.555827 -1.692985 
59417.587609 -1.684322 
59417.619391 -1.675792 
59417.651173 -1.667400 
59417.682955 -1.659151 
59417.714737 -1.651050 
59417.746519 -1.643102 
59417.778301 -1.635312 
59417.810083 -1.627684 
59417.841865 -1.620222 
59417.873647 -1.612932 
59417.905429 -1.605818 
59417.937211 -1.598883 
59417.968993 -1.592132 
59418.000775 -1.585568 
59418.032557 -1.579196 
59418.064339 -1.573017 
59418.096121 -1.567037 
59418.127903 -1.561258 
59418.159685 -1.555683 
59418.191467 -1.550316 
59418.223249 -1.545157 
59418.255031 -1.540211 
59418.286813 -1.535480 
59418.318595 -1.530965 
59418.350377 -1.526669 
59418.382159 -1.522594 
59418.413941 -1.518740 
59418.445723 -1.515110 
59418.477505 -1.511705 
59418.509287 -1.508525 
59418.541069 -1.505573 
59418.572851 -1.502847 
59418.604633 -1.500349 
59418.636415 -1.498079 
59418.668197 -1.496038 
59418.699979 -1.494224 
59418.731761 -1.492638 
59418.763543 -1.491279 
59418.795325 -1.490146 
59418.827107 -1.489240 
59418.858889 -1.488557 
59418.890671 -1.488098 
59418.922453 -1.487860 
59418.954235 -1.487843 
59418.986017 -1.488043 
59419.017799 -1.488460 
59419.049581 -1.489090 
59419.081363 -1.489931 
59419.113145 -1.490982 
59419.144927 -1.492237 
59419.176709 -1.493696 
59419.208491 -1.495354 
59419.240273 -1.497209 
59419.272055 -1.499256 
59419.303837 -1.501491 
59419.335619 -1.503912 
59419.367401 -1.506513 
59419.399183 -1.509291 
59419.430965 -1.512241 
59419.462747 -1.515358 
59419.494529 -1.518637 
59419.526311 -1.522075 
59419.558093 -1.525665 
59419.589875 -1.529402 
59419.621656 -1.533281 
59419.653438 -1.537296 
59419.685220 -1.541442 
59419.717002 -1.545713 
59419.748784 -1.550102 
59419.780566 -1.554604 
59419.812348 -1.559213 
59419.844130 -1.563921 
59419.875912 -1.568724 
59419.907694 -1.573613 
59419.939476 -1.578583 
59419.971258 -1.583626 
59420.003040 -1.588736 
59420.034822 -1.593905 
59420.066604 -1.599127 
59420.098386 -1.604395 
59420.130168 -1.609700 
59420.161950 -1.615037 
59420.193732 -1.620396 
59420.225514 -1.625772 
59420.257296 -1.631156 
59420.289078 -1.636541 
59420.320860 -1.641919 
59420.352642 -1.647283 
59420.384424 -1.652625 
59420.416206 -1.657937 
59420.447988 -1.663211 
59420.479770 -1.668441 
59420.511552 -1.673616 
59420.543334 -1.678731 
59420.575116 -1.683778 
59420.606898 -1.688748 
59420.638680 -1.693633 
59420.670462 -1.698427 
59420.702244 -1.703121 
59420.734026 -1.707707 
59420.765808 -1.712178 
59420.797590 -1.716526 
59420.829372 -1.720744 
59420.861154 -1.724824 
59420.892936 -1.728759 
59420.924718 -1.732541 
59420.956500 -1.736162 
59420.988282 -1.739616 
59421.020064 -1.742896 
59421.051846 -1.745993 
59421.083628 -1.748902 
59421.115410 -1.751615 
59421.147192 -1.754125 
59421.178974 -1.756426 
59421.210756 -1.758510 
59421.242538 -1.760373 
59421.274320 -1.762006 
59421.306102 -1.763404 
59421.337884 -1.764562 
59421.369666 -1.765472 
59421.401448 -1.766128 
59421.433230 -1.766526 
59421.465012 -1.766660 
59421.496794 -1.766524 
59421.528576 -1.766114 
59421.560358 -1.765423 
59421.592140 -1.764447 
59421.623922 -1.763182 
59421.655704 -1.761622 
59421.687486 -1.759765 
59421.719268 -1.757604 
59421.751050 -1.755137 
59421.782832 -1.752359 
59421.814614 -1.749267 
59421.846396 -1.745858 
59421.878178 -1.742128 
59421.909960 -1.738075 
59421.941742 -1.733695 
59421.973524 -1.728986 
59422.005306 -1.723945 
59422.037088 -1.718571 
59422.068870 -1.712861 
59422.100652 -1.706815 
59422.132434 -1.700429 
59422.164216 -1.693703 
59422.195998 -1.686637 
59422.227780 -1.679228 
59422.259562 -1.671477 
59422.291344 -1.663383 
59422.323125 -1.654947 
59422.354907 -1.646167 
59422.386689 -1.637044 
59422.418471 -1.627580 
59422.450253 -1.617774 
59422.482035 -1.607629 
59422.513817 -1.597144 
59422.545599 -1.586321 
59422.577381 -1.575163 
59422.609163 -1.563671 
59422.640945 -1.551848 
59422.672727 -1.539695 
59422.704509 -1.527215 
59422.736291 -1.514412 
59422.768073 -1.501288 
59422.799855 -1.487846 
59422.831637 -1.474091 
59422.863419 -1.460025 
59422.895201 -1.445653 
59422.926983 -1.430980 
59422.958765 -1.416009 
59422.990547 -1.400744 
59423.022329 -1.385192 
59423.054111 -1.369357 
59423.085893 -1.353243 
59423.117675 -1.336858 
59423.149457 -1.320205 
59423.181239 -1.303292 
59423.213021 -1.286123 
59423.244803 -1.268706 
59423.276585 -1.251047 
59423.308367 -1.233152 
59423.340149 -1.215027 
59423.371931 -1.196681 
59423.403713 -1.178120 
59423.435495 -1.159351 
59423.467277 -1.140381 
59423.499059 -1.121219 
59423.530841 -1.101872 
59423.562623 -1.082347 
59423.594405 -1.062653 
59423.626187 -1.042798 
59423.657969 -1.022791 
59423.689751 -1.002639 
59423.721533 -0.982351 
59423.753315 -0.961935 
59423.785097 -0.941401 
59423.816879 -0.920757 
59423.848661 -0.900013 
59423.880443 -0.879176 
59423.912225 -0.858257 
59423.944007 -0.837264 
59423.975789 -0.816207 
59424.007571 -0.795095 
59424.039353 -0.773937 
59424.071135 -0.752743 
59424.102917 -0.731523 
59424.134699 -0.710285 
59424.166481 -0.689039 
59424.198263 -0.667796 
59424.230045 -0.646564 
59424.261827 -0.625353 
59424.293609 -0.604173 
59424.325391 -0.583034 
59424.357173 -0.561945 
59424.388955 -0.540916 
59424.420737 -0.519956 
59424.452519 -0.499075 
59424.484301 -0.478282 
59424.516083 -0.457588 
59424.547865 -0.437001 
59424.579647 -0.416532 
59424.611429 -0.396189 
59424.643211 -0.375981 
59424.674993 -0.355919 
59424.706775 -0.336011 
59424.738557 -0.316267 
59424.770339 -0.296695 
59424.802121 -0.277304 
59424.833903 -0.258104 
59424.865685 -0.239103 
59424.897467 -0.220309 
59424.929249 -0.201732 
59424.961031 -0.183379 
59424.992813 -0.165260 
59425.024594 -0.147381 
59425.056376 -0.129752 
59425.088158 -0.112380 
59425.119940 -0.095273 
59425.151722 -0.078438 
59425.183504 -0.061883 
59425.215286 -0.045615 
59425.247068 -0.029641 
59425.278850 -0.013969 
59425.310632 0.001396 
59425.342414 0.016446 
59425.374196 0.031175 
59425.405978 0.045577 
59425.437760 0.059645 
59425.469542 0.073375 
59425.501324 0.086760 
59425.533106 0.099795 
59425.564888 0.112474 
59425.596670 0.124793 
59425.628452 0.136747 
59425.660234 0.148332 
59425.692016 0.159542 
59425.723798 0.170374 
59425.755580 0.180824 
59425.787362 0.190888 
59425.819144 0.200564 
59425.850926 0.209846 
59425.882708 0.218734 
59425.914490 0.227223 
59425.946272 0.235311 
59425.978054 0.242997 
59426.009836 0.250277 
59426.041618 0.257151 
59426.073400 0.263617 
59426.105182 0.269673 
59426.136964 0.275319 
59426.168746 0.280553 
59426.200528 0.285375 
59426.232310 0.289785 
59426.264092 0.293783 
59426.295874 0.297369 
59426.327656 0.300543 
59426.359438 0.303306 
59426.391220 0.305659 
59426.423002 0.307603 
59426.454784 0.309139 
59426.486566 0.310270 
59426.518348 0.310997 
59426.550130 0.311323 
59426.581912 0.311249 
59426.613694 0.310778 
59426.645476 0.309913 
59426.677258 0.308657 
59426.709040 0.307014 
59426.740822 0.304988 
59426.772604 0.302580 
59426.804386 0.299797 
59426.836168 0.296642 
59426.867950 0.293119 
59426.899732 0.289234 
59426.931514 0.284990 
59426.963296 0.280393 
59426.995078 0.275449 
59427.026860 0.270162 
59427.058642 0.264539 
59427.090424 0.258586 
59427.122206 0.252307 
59427.153988 0.245710 
59427.185770 0.238802 
59427.217552 0.231587 
59427.249334 0.224074 
59427.281116 0.216270 
59427.312898 0.208180 
59427.344680 0.199813 
59427.376462 0.191177 
59427.408244 0.182277 
59427.440026 0.173123 
59427.471808 0.163722 
59427.503590 0.154082 
59427.535372 0.144210 
59427.567154 0.134116 
59427.598936 0.123808 
59427.630718 0.113293 
59427.662500 0.102581 
59427.694282 0.091679 
59427.726063 0.080598 
59427.757845 0.069345 
59427.789627 0.057929 
59427.821409 0.046359 
59427.853191 0.034645 
59427.884973 0.022795 
59427.916755 0.010819 
59427.948537 -0.001275 
59427.980319 -0.013477 
59428.012101 -0.025778 
59428.043883 -0.038168 
59428.075665 -0.050639 
59428.107447 -0.063181 
59428.139229 -0.075784 
59428.171011 -0.088440 
59428.202793 -0.101139 
59428.234575 -0.113872 
59428.266357 -0.126629 
59428.298139 -0.139402 
59428.329921 -0.152180 
59428.361703 -0.164955 
59428.393485 -0.177717 
59428.425267 -0.190458 
59428.457049 -0.203167 
59428.488831 -0.215838 
59428.520613 -0.228459 
59428.552395 -0.241022 
59428.584177 -0.253519 
59428.615959 -0.265941 
59428.647741 -0.278279 
59428.679523 -0.290524 
59428.711305 -0.302668 
59428.743087 -0.314703 
59428.774869 -0.326620 
59428.806651 -0.338412 
59428.838433 -0.350069 
59428.870215 -0.361585 
59428.901997 -0.372951 
59428.933779 -0.384160 
59428.965561 -0.395204 
59428.997343 -0.406075 
59429.029125 -0.416768 
59429.060907 -0.427274 
59429.092689 -0.437587 
59429.124471 -0.447699 
59429.156253 -0.457605 
59429.188035 -0.467298 
59429.219817 -0.476771 
59429.251599 -0.486018 
59429.283381 -0.495034 
59429.315163 -0.503814 
59429.346945 -0.512350 
59429.378727 -0.520638 
59429.410509 -0.528673 
59429.442291 -0.536450 
59429.474073 -0.543964 
59429.505855 -0.551211 
59429.537637 -0.558185 
59429.569419 -0.564884 
59429.601201 -0.571303 
59429.632983 -0.577438 
59429.664765 -0.583286 
59429.696547 -0.588843 
59429.728329 -0.594107 
59429.760111 -0.599074 
59429.791893 -0.603742 
59429.823675 -0.608109 
59429.855457 -0.612172 
59429.887239 -0.615929 
59429.919021 -0.619378 
59429.950803 -0.622519 
59429.982585 -0.625349 
59430.014367 -0.627867 
59430.046149 -0.630073 
59430.077931 -0.631966 
59430.109713 -0.633545 
59430.141495 -0.634810 
59430.173277 -0.635762 
59430.205059 -0.636400 
59430.236841 -0.636724 
59430.268623 -0.636737 
59430.300405 -0.636437 
59430.332187 -0.635828 
59430.363969 -0.634909 
59430.395751 -0.633682 
59430.427532 -0.632149 
59430.459314 -0.630312 
59430.491096 -0.628173 
59430.522878 -0.625735 
59430.554660 -0.623000 
59430.586442 -0.619970 
59430.618224 -0.616649 
59430.650006 -0.613040 
59430.681788 -0.609146 
59430.713570 -0.604971 
59430.745352 -0.600518 
59430.777134 -0.595791 
59430.808916 -0.590794 
59430.840698 -0.585533 
59430.872480 -0.580010 
59430.904262 -0.574230 
59430.936044 -0.568199 
59430.967826 -0.561921 
59430.999608 -0.555401 
59431.031390 -0.548645 
59431.063172 -0.541658 
59431.094954 -0.534445 
59431.126736 -0.527012 
59431.158518 -0.519364 
59431.190300 -0.511508 
59431.222082 -0.503450 
59431.253864 -0.495196 
59431.285646 -0.486752 
59431.317428 -0.478124 
59431.349210 -0.469319 
59431.380992 -0.460344 
59431.412774 -0.451205 
59431.444556 -0.441909 
59431.476338 -0.432463 
59431.508120 -0.422874 
59431.539902 -0.413148 
59431.571684 -0.403294 
59431.603466 -0.393318 
59431.635248 -0.383226 
59431.667030 -0.373028 
59431.698812 -0.362729 
59431.730594 -0.352337 
59431.762376 -0.341861 
59431.794158 -0.331306 
59431.825940 -0.320681 
59431.857722 -0.309992 
59431.889504 -0.299249 
59431.921286 -0.288457 
59431.953068 -0.277625 
59431.984850 -0.266760 
59432.016632 -0.255869 
59432.048414 -0.244961 
59432.080196 -0.234042 
59432.111978 -0.223120 
59432.143760 -0.212203 
59432.175542 -0.201298 
59432.207324 -0.190412 
59432.239106 -0.179552 
59432.270888 -0.168727 
59432.302670 -0.157943 
59432.334452 -0.147207 
59432.366234 -0.136527 
59432.398016 -0.125909 
59432.429798 -0.115361 
59432.461580 -0.104890 
59432.493362 -0.094502 
59432.525144 -0.084204 
59432.556926 -0.074003 
59432.588708 -0.245156 
