# time model 
59325.801227 -0.000244 
59325.833009 -0.000244 
59325.864791 -0.000245 
59325.896573 -0.000246 
59325.928355 -0.000246 
59325.960137 -0.000247 
59325.991919 -0.000247 
59326.023701 -0.000247 
59326.055483 -0.000247 
59326.087265 -0.000247 
59326.119047 -0.000247 
59326.150829 -0.000246 
59326.182611 -0.000246 
59326.214393 -0.000246 
59326.246175 -0.000245 
59326.277957 -0.000244 
59326.309739 -0.000243 
59326.341521 -0.000242 
59326.373303 -0.000241 
59326.405085 -0.000240 
59326.436867 -0.000239 
59326.468649 -0.000238 
59326.500431 -0.000236 
59326.532213 -0.000235 
59326.563995 -0.000233 
59326.595777 -0.000231 
59326.627559 -0.000230 
59326.659341 -0.000228 
59326.691123 -0.000226 
59326.722905 -0.000224 
59326.754687 -0.000222 
59326.786469 -0.000219 
59326.818251 -0.000217 
59326.850033 -0.000215 
59326.881815 -0.000212 
59326.913597 -0.000210 
59326.945379 -0.000207 
59326.977161 -0.000205 
59327.008943 -0.000202 
59327.040725 -0.000199 
59327.072507 -0.000196 
59327.104289 -0.000193 
59327.136071 -0.000191 
59327.167853 -0.000188 
59327.199635 -0.000184 
59327.231417 -0.000181 
59327.263199 -0.000178 
59327.294981 -0.000175 
59327.326763 -0.000172 
59327.358545 -0.000169 
59327.390327 -0.000165 
59327.422109 -0.000162 
59327.453891 -0.000159 
59327.485673 -0.000155 
59327.517455 -0.000152 
59327.549237 -0.000149 
59327.581019 -0.000145 
59327.612801 -0.000142 
59327.644583 -0.000138 
59327.676365 -0.000135 
59327.708147 -0.000131 
59327.739929 -0.000128 
59327.771711 -0.000124 
59327.803493 -0.000121 
59327.835275 -0.000117 
59327.867057 -0.000114 
59327.898839 -0.000110 
59327.930621 -0.000107 
59327.962402 -0.000104 
59327.994184 -0.000100 
59328.025966 -0.000097 
59328.057748 -0.000093 
59328.089530 -0.000090 
59328.121312 -0.000087 
59328.153094 -0.000083 
59328.184876 -0.000080 
59328.216658 -0.000077 
59328.248440 -0.000073 
59328.280222 -0.000070 
59328.312004 -0.000067 
59328.343786 -0.000064 
59328.375568 -0.000061 
59328.407350 -0.000058 
59328.439132 -0.000055 
59328.470914 -0.000052 
59328.502696 -0.000049 
59328.534478 -0.000046 
59328.566260 -0.000043 
59328.598042 -0.000041 
59328.629824 -0.000038 
59328.661606 -0.000035 
59328.693388 -0.000033 
59328.725170 -0.000030 
59328.756952 -0.000028 
59328.788734 -0.000026 
59328.820516 -0.000023 
59328.852298 -0.000021 
59328.884080 -0.000019 
59328.915862 -0.000017 
59328.947644 -0.000015 
59328.979426 -0.000013 
59329.011208 -0.000011 
59329.042990 -0.000009 
59329.074772 -0.000007 
59329.106554 -0.000006 
59329.138336 -0.000004 
59329.170118 -0.000002 
59329.201900 -0.000001 
59329.233682 0.000000 
59329.265464 0.000002 
59329.297246 0.000003 
59329.329028 0.000004 
59329.360810 0.000005 
59329.392592 0.000006 
59329.424374 0.000007 
59329.456156 0.000008 
59329.487938 0.000009 
59329.519720 0.000010 
59329.551502 0.000010 
59329.583284 0.000011 
59329.615066 0.000011 
59329.646848 0.000012 
59329.678630 0.000012 
59329.710412 0.000012 
59329.742194 0.000012 
59329.773976 0.000013 
59329.805758 0.000013 
59329.837540 0.000013 
59329.869322 0.000013 
59329.901104 0.000012 
59329.932886 0.000012 
59329.964668 0.000012 
59329.996450 0.000012 
59330.028232 0.000011 
59330.060014 0.000011 
59330.091796 0.000010 
59330.123578 0.000010 
59330.155360 0.000009 
59330.187142 0.000008 
59330.218924 0.000007 
59330.250706 0.000007 
59330.282488 0.000006 
59330.314270 0.000005 
59330.346052 0.000004 
59330.377834 0.000003 
59330.409616 0.000002 
59330.441398 0.000001 
59330.473180 -0.000000 
59330.504962 -0.000002 
59330.536744 -0.000003 
59330.568526 -0.000004 
59330.600308 -0.000005 
59330.632090 -0.000007 
59330.663871 -0.000008 
59330.695653 -0.000009 
59330.727435 -0.000011 
59330.759217 -0.000012 
59330.790999 -0.000014 
59330.822781 -0.000015 
59330.854563 -0.000017 
59330.886345 -0.000018 
59330.918127 -0.000020 
59330.949909 -0.000021 
59330.981691 -0.000023 
59331.013473 -0.000024 
59331.045255 -0.000026 
59331.077037 -0.000027 
59331.108819 -0.000029 
59331.140601 -0.000030 
59331.172383 -0.000032 
59331.204165 -0.000034 
59331.235947 -0.000035 
59331.267729 -0.000037 
59331.299511 -0.000038 
59331.331293 -0.000040 
59331.363075 -0.000041 
59331.394857 -0.000043 
59331.426639 -0.000044 
59331.458421 -0.000046 
59331.490203 -0.000047 
59331.521985 -0.000048 
59331.553767 -0.000050 
59331.585549 -0.000051 
59331.617331 -0.000052 
59331.649113 -0.000054 
59331.680895 -0.000055 
59331.712677 -0.000056 
59331.744459 -0.000057 
59331.776241 -0.000058 
59331.808023 -0.000060 
59331.839805 -0.000061 
59331.871587 -0.000062 
59331.903369 -0.000063 
59331.935151 -0.000063 
59331.966933 -0.000064 
59331.998715 -0.000065 
59332.030497 -0.000066 
59332.062279 -0.000067 
59332.094061 -0.000067 
59332.125843 -0.000068 
59332.157625 -0.000068 
59332.189407 -0.000069 
59332.221189 -0.000069 
59332.252971 -0.000070 
59332.284753 -0.000070 
59332.316535 -0.000070 
59332.348317 -0.000070 
59332.380099 -0.000071 
59332.411881 -0.000071 
59332.443663 -0.000071 
59332.475445 -0.000070 
59332.507227 -0.000070 
59332.539009 -0.000070 
59332.570791 -0.000070 
59332.602573 -0.000070 
59332.634355 -0.000069 
59332.666137 -0.000069 
59332.697919 -0.000068 
59332.729701 -0.000068 
59332.761483 -0.000067 
59332.793265 -0.000066 
59332.825047 -0.000065 
59332.856829 -0.000064 
59332.888611 -0.000063 
59332.920393 -0.000062 
59332.952175 -0.000061 
59332.983957 -0.000060 
59333.015739 -0.000059 
59333.047521 -0.000058 
59333.079303 -0.000056 
59333.111085 -0.000055 
59333.142867 -0.000054 
59333.174649 -0.000052 
59333.206431 -0.000050 
59333.238213 -0.000049 
59333.269995 -0.000047 
59333.301777 -0.000045 
59333.333559 -0.000043 
59333.365340 -0.000041 
59333.397122 -0.000040 
59333.428904 -0.000038 
59333.460686 -0.000035 
59333.492468 -0.000033 
59333.524250 -0.000031 
59333.556032 -0.000029 
59333.587814 -0.000027 
59333.619596 -0.000024 
59333.651378 -0.000022 
59333.683160 -0.000020 
59333.714942 -0.000017 
59333.746724 -0.000015 
59333.778506 -0.000012 
59333.810288 -0.000010 
59333.842070 -0.000007 
59333.873852 -0.000004 
59333.905634 -0.000002 
59333.937416 0.000001 
59333.969198 0.000004 
59334.000980 0.000007 
59334.032762 0.000009 
59334.064544 0.000012 
59334.096326 0.000015 
59334.128108 0.000018 
59334.159890 0.000021 
59334.191672 0.000024 
59334.223454 0.000027 
59334.255236 0.000030 
59334.287018 0.000032 
59334.318800 0.000035 
59334.350582 0.000038 
59334.382364 0.000041 
59334.414146 0.000044 
59334.445928 0.000047 
59334.477710 0.000050 
59334.509492 0.000053 
59334.541274 0.000056 
59334.573056 0.000059 
59334.604838 0.000062 
59334.636620 0.000065 
59334.668402 0.000068 
59334.700184 0.000071 
59334.731966 0.000074 
59334.763748 0.000076 
59334.795530 0.000079 
59334.827312 0.000082 
59334.859094 0.000085 
59334.890876 0.000088 
59334.922658 0.000090 
59334.954440 0.000093 
59334.986222 0.000096 
59335.018004 0.000098 
59335.049786 0.000101 
59335.081568 0.000103 
59335.113350 0.000106 
59335.145132 0.000108 
59335.176914 0.000111 
59335.208696 0.000113 
59335.240478 0.000115 
59335.272260 0.000118 
59335.304042 0.000120 
59335.335824 0.000122 
59335.367606 0.000124 
59335.399388 0.000126 
59335.431170 0.000128 
59335.462952 0.000130 
59335.494734 0.000132 
59335.526516 0.000134 
59335.558298 0.000135 
59335.590080 0.000137 
59335.621862 0.000139 
59335.653644 0.000140 
59335.685426 0.000142 
59335.717208 0.000143 
59335.748990 0.000144 
59335.780772 0.000146 
59335.812554 0.000147 
59335.844336 0.000148 
59335.876118 0.000149 
59335.907900 0.000150 
59335.939682 0.000151 
59335.971464 0.000152 
59336.003246 0.000153 
59336.035028 0.000153 
59336.066809 0.000154 
59336.098591 0.000154 
59336.130373 0.000155 
59336.162155 0.000155 
59336.193937 0.000156 
59336.225719 0.000156 
59336.257501 0.000156 
59336.289283 0.000156 
59336.321065 0.000156 
59336.352847 0.000156 
59336.384629 0.000156 
59336.416411 0.000156 
59336.448193 0.000155 
59336.479975 0.000155 
59336.511757 0.000155 
59336.543539 0.000154 
59336.575321 0.000153 
59336.607103 0.000153 
59336.638885 0.000152 
59336.670667 0.000151 
59336.702449 0.000150 
59336.734231 0.000150 
59336.766013 0.000149 
59336.797795 0.000147 
59336.829577 0.000146 
59336.861359 0.000145 
59336.893141 0.000144 
59336.924923 0.000142 
59336.956705 0.000141 
59336.988487 0.000140 
59337.020269 0.000138 
59337.052051 0.000137 
59337.083833 0.000135 
59337.115615 0.000133 
59337.147397 0.000132 
59337.179179 0.000130 
59337.210961 0.000128 
59337.242743 0.000126 
59337.274525 0.000124 
59337.306307 0.000122 
59337.338089 0.000120 
59337.369871 0.000118 
59337.401653 0.000116 
59337.433435 0.000114 
59337.465217 0.000112 
59337.496999 0.000110 
59337.528781 0.000107 
59337.560563 0.000105 
59337.592345 0.000103 
59337.624127 0.000101 
59337.655909 0.000098 
59337.687691 0.000096 
59337.719473 0.000094 
59337.751255 0.000091 
59337.783037 0.000089 
59337.814819 0.000086 
59337.846601 0.000084 
59337.878383 0.000081 
59337.910165 0.000079 
59337.941947 0.000077 
59337.973729 0.000074 
59338.005511 0.000072 
59338.037293 0.000069 
59338.069075 0.000067 
59338.100857 0.000064 
59338.132639 0.000062 
59338.164421 0.000060 
59338.196203 0.000057 
59338.227985 0.000055 
59338.259767 0.000052 
59338.291549 0.000050 
59338.323331 0.000048 
59338.355113 0.000045 
59338.386895 0.000043 
59338.418677 0.000041 
59338.450459 0.000039 
59338.482241 0.000036 
59338.514023 0.000034 
59338.545805 0.000032 
59338.577587 0.000030 
59338.609369 0.000028 
59338.641151 0.000026 
59338.672933 0.000024 
59338.704715 0.000022 
59338.736497 0.000020 
59338.768278 0.000018 
59338.800060 0.000017 
59338.831842 0.000015 
59338.863624 0.000013 
59338.895406 0.000012 
59338.927188 0.000010 
59338.958970 0.000008 
59338.990752 0.000007 
59339.022534 0.000006 
59339.054316 0.000004 
59339.086098 0.000003 
59339.117880 0.000002 
59339.149662 0.000001 
59339.181444 -0.000001 
59339.213226 -0.000002 
59339.245008 -0.000003 
59339.276790 -0.000003 
59339.308572 -0.000004 
59339.340354 -0.000005 
59339.372136 -0.000006 
59339.403918 -0.000006 
59339.435700 -0.000007 
59339.467482 -0.000007 
59339.499264 -0.000008 
59339.531046 -0.000008 
59339.562828 -0.000009 
59339.594610 -0.000009 
59339.626392 -0.000009 
59339.658174 -0.000009 
59339.689956 -0.000009 
59339.721738 -0.000009 
59339.753520 -0.000009 
59339.785302 -0.000008 
59339.817084 -0.000008 
59339.848866 -0.000008 
59339.880648 -0.000007 
59339.912430 -0.000007 
59339.944212 -0.000006 
59339.975994 -0.000006 
59340.007776 -0.000005 
59340.039558 -0.000004 
59340.071340 -0.000003 
59340.103122 -0.000002 
59340.134904 -0.000001 
59340.166686 -0.000000 
59340.198468 0.000001 
59340.230250 0.000002 
59340.262032 0.000003 
59340.293814 0.000004 
59340.325596 0.000006 
59340.357378 0.000007 
59340.389160 0.000009 
59340.420942 0.000010 
59340.452724 0.000012 
59340.484506 0.000013 
59340.516288 0.000015 
59340.548070 0.000017 
59340.579852 0.000019 
59340.611634 0.000020 
59340.643416 0.000022 
59340.675198 0.000024 
59340.706980 0.000026 
59340.738762 0.000028 
59340.770544 0.000030 
59340.802326 0.000032 
59340.834108 0.000034 
59340.865890 0.000036 
59340.897672 0.000039 
59340.929454 0.000041 
59340.961236 0.000043 
59340.993018 0.000045 
59341.024800 0.000047 
59341.056582 0.000050 
59341.088364 0.000052 
59341.120146 0.000054 
59341.151928 0.000056 
59341.183710 0.000059 
59341.215492 0.000061 
59341.247274 0.000063 
59341.279056 0.000066 
59341.310838 0.000068 
59341.342620 0.000070 
59341.374402 0.000073 
59341.406184 0.000075 
59341.437965 0.000077 
59341.469747 0.000080 
59341.501529 0.000082 
59341.533311 0.000084 
59341.565093 0.000086 
59341.596875 0.000089 
59341.628657 0.000091 
59341.660439 0.000093 
59341.692221 0.000095 
59341.724003 0.000097 
59341.755785 0.000099 
59341.787567 0.000101 
59341.819349 0.000103 
59341.851131 0.000105 
59341.882913 0.000107 
59341.914695 0.000109 
59341.946477 0.000111 
59341.978259 0.000113 
59342.010041 0.000114 
59342.041823 0.000116 
59342.073605 0.000118 
59342.105387 0.000119 
59342.137169 0.000121 
59342.168951 0.000122 
59342.200733 0.000123 
59342.232515 0.000125 
59342.264297 0.000126 
59342.296079 0.000127 
59342.327861 0.000128 
59342.359643 0.000129 
59342.391425 0.000130 
59342.423207 0.000131 
59342.454989 0.000132 
59342.486771 0.000133 
59342.518553 0.000133 
59342.550335 0.000134 
59342.582117 0.000134 
59342.613899 0.000135 
59342.645681 0.000135 
59342.677463 0.000135 
59342.709245 0.000136 
59342.741027 0.000136 
59342.772809 0.000136 
59342.804591 0.000135 
59342.836373 0.000135 
59342.868155 0.000135 
59342.899937 0.000135 
59342.931719 0.000134 
59342.963501 0.000133 
59342.995283 0.000133 
59343.027065 0.000132 
59343.058847 0.000131 
59343.090629 0.000130 
59343.122411 0.000129 
59343.154193 0.000128 
59343.185975 0.000127 
59343.217757 0.000126 
59343.249539 0.000124 
59343.281321 0.000123 
59343.313103 0.000121 
59343.344885 0.000119 
59343.376667 0.000117 
59343.408449 0.000116 
59343.440231 0.000114 
59343.472013 0.000112 
59343.503795 0.000109 
59343.535577 0.000107 
59343.567359 0.000105 
59343.599141 0.000102 
59343.630923 0.000100 
59343.662705 0.000097 
59343.694487 0.000095 
59343.726269 0.000092 
59343.758051 0.000089 
59343.789833 0.000086 
59343.821615 0.000083 
59343.853397 0.000080 
59343.885179 0.000077 
59343.916961 0.000074 
59343.948743 0.000070 
59343.980525 0.000067 
59344.012307 0.000064 
59344.044089 0.000060 
59344.075871 0.000057 
59344.107653 0.000053 
59344.139434 0.000049 
59344.171216 0.000046 
59344.202998 0.000042 
59344.234780 0.000038 
59344.266562 0.000034 
59344.298344 0.000030 
59344.330126 0.000026 
59344.361908 0.000022 
59344.393690 0.000018 
59344.425472 0.000014 
59344.457254 0.000010 
59344.489036 0.000006 
59344.520818 0.000001 
59344.552600 -0.000003 
59344.584382 -0.000007 
59344.616164 -0.000011 
59344.647946 -0.000016 
59344.679728 -0.000020 
59344.711510 -0.000024 
59344.743292 -0.000029 
59344.775074 -0.000033 
59344.806856 -0.000037 
59344.838638 -0.000042 
59344.870420 -0.000046 
59344.902202 -0.000050 
59344.933984 -0.000055 
59344.965766 -0.000059 
59344.997548 -0.000063 
59345.029330 -0.000068 
59345.061112 -0.000072 
59345.092894 -0.000076 
59345.124676 -0.000080 
59345.156458 -0.000085 
59345.188240 -0.000089 
59345.220022 -0.000093 
59345.251804 -0.000097 
59345.283586 -0.000101 
59345.315368 -0.000105 
59345.347150 -0.000109 
59345.378932 -0.000113 
59345.410714 -0.000117 
59345.442496 -0.000120 
59345.474278 -0.000124 
59345.506060 -0.000128 
59345.537842 -0.000131 
59345.569624 -0.000135 
59345.601406 -0.000138 
59345.633188 -0.000142 
59345.664970 -0.000145 
59345.696752 -0.000148 
59345.728534 -0.000151 
59345.760316 -0.000154 
59345.792098 -0.000157 
59345.823880 -0.000160 
59345.855662 -0.000163 
59345.887444 -0.000166 
59345.919226 -0.000168 
59345.951008 -0.000171 
59345.982790 -0.000173 
59346.014572 -0.000175 
59346.046354 -0.000177 
59346.078136 -0.000180 
59346.109918 -0.000181 
59346.141700 -0.000183 
59346.173482 -0.000185 
59346.205264 -0.000187 
59346.237046 -0.000188 
59346.268828 -0.000189 
59346.300610 -0.000191 
59346.332392 -0.000192 
59346.364174 -0.000193 
59346.395956 -0.000194 
59346.427738 -0.000194 
59346.459520 -0.000195 
59346.491302 -0.000195 
59346.523084 -0.000196 
59346.554866 -0.000196 
59346.586648 -0.000196 
59346.618430 -0.000196 
59346.650212 -0.000196 
59346.681994 -0.000195 
59346.713776 -0.000195 
59346.745558 -0.000194 
59346.777340 -0.000193 
59346.809122 -0.000192 
59346.840903 -0.000191 
59346.872685 -0.000190 
59346.904467 -0.000189 
59346.936249 -0.000187 
59346.968031 -0.000186 
59346.999813 -0.000184 
59347.031595 -0.000182 
59347.063377 -0.000180 
59347.095159 -0.000178 
59347.126941 -0.000176 
59347.158723 -0.000173 
59347.190505 -0.000171 
59347.222287 -0.000168 
59347.254069 -0.000165 
59347.285851 -0.000162 
59347.317633 -0.000159 
59347.349415 -0.000156 
59347.381197 -0.000153 
59347.412979 -0.000149 
59347.444761 -0.000146 
59347.476543 -0.000142 
59347.508325 -0.000138 
59347.540107 -0.000134 
59347.571889 -0.000130 
59347.603671 -0.000126 
59347.635453 -0.000121 
59347.667235 -0.000117 
59347.699017 -0.000112 
59347.730799 -0.000108 
59347.762581 -0.000103 
59347.794363 -0.000098 
59347.826145 -0.000093 
59347.857927 -0.000088 
59347.889709 -0.000083 
59347.921491 -0.000077 
59347.953273 -0.000072 
59347.985055 -0.000066 
59348.016837 -0.000061 
59348.048619 -0.000055 
59348.080401 -0.000050 
59348.112183 -0.000044 
59348.143965 -0.000038 
59348.175747 -0.000032 
59348.207529 -0.000026 
59348.239311 -0.000020 
59348.271093 -0.000014 
59348.302875 -0.000007 
59348.334657 -0.000001 
59348.366439 0.000005 
59348.398221 0.000012 
59348.430003 0.000018 
59348.461785 0.000024 
59348.493567 0.000031 
59348.525349 0.000037 
59348.557131 0.000044 
59348.588913 0.000051 
59348.620695 0.000057 
59348.652477 0.000064 
59348.684259 0.000071 
59348.716041 0.000077 
59348.747823 0.000084 
59348.779605 0.000091 
59348.811387 0.000097 
59348.843169 0.000104 
59348.874951 0.000111 
59348.906733 0.000117 
59348.938515 0.000124 
59348.970297 0.000131 
59349.002079 0.000137 
59349.033861 0.000144 
59349.065643 0.000151 
59349.097425 0.000157 
59349.129207 0.000164 
59349.160989 0.000170 
59349.192771 0.000177 
59349.224553 0.000183 
59349.256335 0.000189 
59349.288117 0.000196 
59349.319899 0.000202 
59349.351681 0.000208 
59349.383463 0.000214 
59349.415245 0.000220 
59349.447027 0.000226 
59349.478809 0.000232 
59349.510591 0.000238 
59349.542372 0.000244 
59349.574154 0.000250 
59349.605936 0.000255 
59349.637718 0.000261 
59349.669500 0.000266 
59349.701282 0.000272 
59349.733064 0.000277 
59349.764846 0.000282 
59349.796628 0.000287 
59349.828410 0.000292 
59349.860192 0.000297 
59349.891974 0.000302 
59349.923756 0.000306 
59349.955538 0.000311 
59349.987320 0.000315 
59350.019102 0.000319 
59350.050884 0.000323 
59350.082666 0.000327 
59350.114448 0.000331 
59350.146230 0.000335 
59350.178012 0.000339 
59350.209794 0.000342 
59350.241576 0.000345 
59350.273358 0.000349 
59350.305140 0.000352 
59350.336922 0.000355 
59350.368704 0.000357 
59350.400486 0.000360 
59350.432268 0.000363 
59350.464050 0.000365 
59350.495832 0.000367 
59350.527614 0.000369 
59350.559396 0.000371 
59350.591178 0.000373 
59350.622960 0.000374 
59350.654742 0.000376 
59350.686524 0.000377 
59350.718306 0.000378 
59350.750088 0.000379 
59350.781870 0.000380 
59350.813652 0.000381 
59350.845434 0.000382 
59350.877216 0.000382 
59350.908998 0.000382 
59350.940780 0.000382 
59350.972562 0.000382 
59351.004344 0.000382 
59351.036126 0.000382 
59351.067908 0.000381 
59351.099690 0.000381 
59351.131472 0.000380 
59351.163254 0.000379 
59351.195036 0.000378 
59351.226818 0.000377 
59351.258600 0.000375 
59351.290382 0.000374 
59351.322164 0.000372 
59351.353946 0.000370 
59351.385728 0.000368 
59351.417510 0.000366 
59351.449292 0.000364 
59351.481074 0.000362 
59351.512856 0.000359 
59351.544638 0.000357 
59351.576420 0.000354 
59351.608202 0.000351 
59351.639984 0.000348 
59351.671766 0.000345 
59351.703548 0.000342 
59351.735330 0.000339 
59351.767112 0.000335 
59351.798894 0.000332 
59351.830676 0.000328 
59351.862458 0.000324 
59351.894240 0.000320 
59351.926022 0.000316 
59351.957804 0.000312 
59351.989586 0.000308 
59352.021368 0.000304 
59352.053150 0.000300 
59352.084932 0.000295 
59352.116714 0.000291 
59352.148496 0.000286 
59352.180278 0.000281 
59352.212060 0.000277 
59352.243841 0.000272 
59352.275623 0.000267 
59352.307405 0.000262 
59352.339187 0.000257 
59352.370969 0.000252 
59352.402751 0.000247 
59352.434533 0.000242 
59352.466315 0.000237 
59352.498097 0.000232 
59352.529879 0.000226 
59352.561661 0.000221 
59352.593443 0.000216 
59352.625225 0.000210 
59352.657007 0.000205 
59352.688789 0.000199 
59352.720571 0.000194 
59352.752353 0.000189 
59352.784135 0.000183 
59352.815917 0.000178 
59352.847699 0.000172 
59352.879481 0.000167 
59352.911263 0.000161 
59352.943045 0.000156 
59352.974827 0.000151 
59353.006609 0.000145 
59353.038391 0.000140 
59353.070173 0.000134 
59353.101955 0.000129 
59353.133737 0.000124 
59353.165519 0.000118 
59353.197301 0.000113 
59353.229083 0.000108 
59353.260865 0.000103 
59353.292647 0.000098 
59353.324429 0.000093 
59353.356211 0.000088 
59353.387993 0.000083 
59353.419775 0.000078 
59353.451557 0.000073 
59353.483339 0.000068 
59353.515121 0.000064 
59353.546903 0.000059 
59353.578685 0.000054 
59353.610467 0.000050 
59353.642249 0.000046 
59353.674031 0.000041 
59353.705813 0.000037 
59353.737595 0.000033 
59353.769377 0.000029 
59353.801159 0.000025 
59353.832941 0.000021 
59353.864723 0.000017 
59353.896505 0.000014 
59353.928287 0.000010 
59353.960069 0.000006 
59353.991851 0.000003 
59354.023633 -0.000000 
59354.055415 -0.000003 
59354.087197 -0.000006 
59354.118979 -0.000009 
59354.150761 -0.000012 
59354.182543 -0.000015 
59354.214325 -0.000017 
59354.246107 -0.000020 
59354.277889 -0.000022 
59354.309671 -0.000024 
59354.341453 -0.000026 
59354.373235 -0.000028 
59354.405017 -0.000030 
59354.436799 -0.000032 
59354.468581 -0.000033 
59354.500363 -0.000035 
59354.532145 -0.000036 
59354.563927 -0.000037 
59354.595709 -0.000039 
59354.627491 -0.000039 
59354.659273 -0.000040 
59354.691055 -0.000041 
59354.722837 -0.000042 
59354.754619 -0.000042 
59354.786401 -0.000042 
59354.818183 -0.000042 
59354.849965 -0.000043 
59354.881747 -0.000042 
59354.913529 -0.000042 
59354.945310 -0.000042 
59354.977092 -0.000041 
59355.008874 -0.000041 
59355.040656 -0.000040 
59355.072438 -0.000039 
59355.104220 -0.000038 
59355.136002 -0.000037 
59355.167784 -0.000036 
59355.199566 -0.000035 
59355.231348 -0.000033 
59355.263130 -0.000032 
59355.294912 -0.000030 
59355.326694 -0.000028 
59355.358476 -0.000026 
59355.390258 -0.000024 
59355.422040 -0.000022 
59355.453822 -0.000020 
59355.485604 -0.000018 
59355.517386 -0.000015 
59355.549168 -0.000013 
59355.580950 -0.000010 
59355.612732 -0.000007 
59355.644514 -0.000004 
59355.676296 -0.000002 
59355.708078 0.000001 
59355.739860 0.000005 
59355.771642 0.000008 
59355.803424 0.000011 
59355.835206 0.000014 
59355.866988 0.000018 
59355.898770 0.000021 
59355.930552 0.000025 
59355.962334 0.000029 
59355.994116 0.000032 
59356.025898 0.000036 
59356.057680 0.000040 
59356.089462 0.000044 
59356.121244 0.000048 
59356.153026 0.000052 
59356.184808 0.000056 
59356.216590 0.000060 
59356.248372 0.000065 
59356.280154 0.000069 
59356.311936 0.000073 
59356.343718 0.000077 
59356.375500 0.000082 
59356.407282 0.000086 
59356.439064 0.000091 
59356.470846 0.000095 
59356.502628 0.000099 
59356.534410 0.000104 
59356.566192 0.000108 
59356.597974 0.000113 
59356.629756 0.000118 
59356.661538 0.000122 
59356.693320 0.000127 
59356.725102 0.000131 
59356.756884 0.000136 
59356.788666 0.000140 
59356.820448 0.000145 
59356.852230 0.000149 
59356.884012 0.000154 
59356.915794 0.000158 
59356.947576 0.000163 
59356.979358 0.000167 
59357.011140 0.000172 
59357.042922 0.000176 
59357.074704 0.000181 
59357.106486 0.000185 
59357.138268 0.000189 
59357.170050 0.000194 
59357.201832 0.000198 
59357.233614 0.000202 
59357.265396 0.000206 
59357.297178 0.000210 
59357.328960 0.000214 
59357.360742 0.000218 
59357.392524 0.000222 
59357.424306 0.000226 
59357.456088 0.000230 
59357.487870 0.000234 
59357.519652 0.000238 
59357.551434 0.000241 
59357.583216 0.000245 
59357.614997 0.000248 
59357.646779 0.000252 
59357.678561 0.000255 
59357.710343 0.000259 
59357.742125 0.000262 
59357.773907 0.000265 
59357.805689 0.000268 
59357.837471 0.000271 
59357.869253 0.000274 
59357.901035 0.000277 
59357.932817 0.000280 
59357.964599 0.000282 
59357.996381 0.000285 
59358.028163 0.000288 
59358.059945 0.000290 
59358.091727 0.000292 
59358.123509 0.000295 
59358.155291 0.000297 
59358.187073 0.000299 
59358.218855 0.000301 
59358.250637 0.000303 
59358.282419 0.000304 
59358.314201 0.000306 
59358.345983 0.000308 
59358.377765 0.000309 
59358.409547 0.000311 
59358.441329 0.000312 
59358.473111 0.000313 
59358.504893 0.000314 
59358.536675 0.000315 
59358.568457 0.000316 
59358.600239 0.000317 
59358.632021 0.000318 
59358.663803 0.000319 
59358.695585 0.000319 
59358.727367 0.000320 
59358.759149 0.000320 
59358.790931 0.000320 
59358.822713 0.000321 
59358.854495 0.000321 
59358.886277 0.000321 
59358.918059 0.000321 
59358.949841 0.000321 
59358.981623 0.000320 
59359.013405 0.000320 
59359.045187 0.000320 
59359.076969 0.000319 
59359.108751 0.000319 
59359.140533 0.000318 
59359.172315 0.000317 
59359.204097 0.000317 
59359.235879 0.000316 
59359.267661 0.000315 
59359.299443 0.000314 
59359.331225 0.000313 
59359.363007 0.000312 
59359.394789 0.000311 
59359.426571 0.000309 
59359.458353 0.000308 
59359.490135 0.000307 
59359.521917 0.000305 
59359.553699 0.000304 
59359.585481 0.000302 
59359.617263 0.000300 
59359.649045 0.000299 
59359.680827 0.000297 
59359.712609 0.000295 
59359.744391 0.000293 
59359.776173 0.000292 
59359.807955 0.000290 
59359.839737 0.000288 
59359.871519 0.000286 
59359.903301 0.000284 
59359.935083 0.000282 
59359.966865 0.000280 
59359.998647 0.000277 
59360.030429 0.000275 
59360.062211 0.000273 
59360.093993 0.000271 
59360.125775 0.000269 
59360.157557 0.000266 
59360.189339 0.000264 
59360.221121 0.000262 
59360.252903 0.000260 
59360.284685 0.000257 
59360.316466 0.000255 
59360.348248 0.000253 
59360.380030 0.000251 
59360.411812 0.000248 
59360.443594 0.000246 
59360.475376 0.000244 
59360.507158 0.000241 
59360.538940 0.000239 
59360.570722 0.000237 
59360.602504 0.000235 
59360.634286 0.000232 
59360.666068 0.000230 
59360.697850 0.000228 
59360.729632 0.000226 
59360.761414 0.000223 
59360.793196 0.000221 
59360.824978 0.000219 
59360.856760 0.000217 
59360.888542 0.000215 
59360.920324 0.000213 
59360.952106 0.000211 
59360.983888 0.000209 
59361.015670 0.000207 
59361.047452 0.000205 
59361.079234 0.000203 
59361.111016 0.000201 
59361.142798 0.000200 
59361.174580 0.000198 
59361.206362 0.000196 
59361.238144 0.000195 
59361.269926 0.000193 
59361.301708 0.000191 
59361.333490 0.000190 
59361.365272 0.000188 
59361.397054 0.000187 
59361.428836 0.000186 
59361.460618 0.000184 
59361.492400 0.000183 
59361.524182 0.000182 
59361.555964 0.000181 
59361.587746 0.000179 
59361.619528 0.000178 
59361.651310 0.000177 
59361.683092 0.000176 
59361.714874 0.000176 
59361.746656 0.000175 
59361.778438 0.000174 
59361.810220 0.000173 
59361.842002 0.000173 
59361.873784 0.000172 
59361.905566 0.000171 
59361.937348 0.000171 
59361.969130 0.000170 
59362.000912 0.000170 
59362.032694 0.000170 
59362.064476 0.000169 
59362.096258 0.000169 
59362.128040 0.000169 
59362.159822 0.000169 
59362.191604 0.000169 
59362.223386 0.000169 
59362.255168 0.000169 
59362.286950 0.000169 
59362.318732 0.000169 
59362.350514 0.000169 
59362.382296 0.000170 
59362.414078 0.000170 
59362.445860 0.000170 
59362.477642 0.000171 
59362.509424 0.000171 
59362.541206 0.000172 
59362.572988 0.000172 
59362.604770 0.000173 
59362.636552 0.000173 
59362.668334 0.000174 
59362.700116 0.000175 
59362.731898 0.000175 
59362.763680 0.000176 
59362.795462 0.000177 
59362.827244 0.000178 
59362.859026 0.000179 
59362.890808 0.000180 
59362.922590 0.000181 
59362.954372 0.000182 
59362.986154 0.000183 
59363.017935 0.000184 
59363.049717 0.000185 
59363.081499 0.000186 
59363.113281 0.000187 
59363.145063 0.000188 
59363.176845 0.000189 
59363.208627 0.000190 
59363.240409 0.000191 
59363.272191 0.000192 
59363.303973 0.000193 
59363.335755 0.000194 
59363.367537 0.000196 
59363.399319 0.000197 
59363.431101 0.000198 
59363.462883 0.000199 
59363.494665 0.000200 
59363.526447 0.000201 
59363.558229 0.000203 
59363.590011 0.000204 
59363.621793 0.000205 
59363.653575 0.000206 
59363.685357 0.000207 
59363.717139 0.000208 
59363.748921 0.000209 
59363.780703 0.000210 
59363.812485 0.000211 
59363.844267 0.000212 
59363.876049 0.000213 
59363.907831 0.000214 
59363.939613 0.000215 
59363.971395 0.000216 
59364.003177 0.000217 
59364.034959 0.000217 
59364.066741 0.000218 
59364.098523 0.000219 
59364.130305 0.000220 
59364.162087 0.000220 
59364.193869 0.000221 
59364.225651 0.000221 
59364.257433 0.000222 
59364.289215 0.000222 
59364.320997 0.000223 
59364.352779 0.000223 
59364.384561 0.000224 
59364.416343 0.000224 
59364.448125 0.000224 
59364.479907 0.000224 
59364.511689 0.000224 
59364.543471 0.000224 
59364.575253 0.000224 
59364.607035 0.000224 
59364.638817 0.000224 
59364.670599 0.000224 
59364.702381 0.000224 
59364.734163 0.000224 
59364.765945 0.000223 
59364.797727 0.000223 
59364.829509 0.000222 
59364.861291 0.000222 
59364.893073 0.000221 
59364.924855 0.000220 
59364.956637 0.000220 
59364.988419 0.000219 
59365.020201 0.000218 
59365.051983 0.000217 
59365.083765 0.000216 
59365.115547 0.000215 
59365.147329 0.000214 
59365.179111 0.000213 
59365.210893 0.000211 
59365.242675 0.000210 
59365.274457 0.000209 
59365.306239 0.000207 
59365.338021 0.000206 
59365.369803 0.000204 
59365.401585 0.000202 
59365.433367 0.000201 
59365.465149 0.000199 
59365.496931 0.000197 
59365.528713 0.000195 
59365.560495 0.000193 
59365.592277 0.000191 
59365.624059 0.000189 
59365.655841 0.000187 
59365.687623 0.000185 
59365.719404 0.000182 
59365.751186 0.000180 
59365.782968 0.000178 
59365.814750 0.000175 
59365.846532 0.000173 
59365.878314 0.000170 
59365.910096 0.000168 
59365.941878 0.000165 
59365.973660 0.000162 
59366.005442 0.000160 
59366.037224 0.000157 
59366.069006 0.000154 
59366.100788 0.000151 
59366.132570 0.000148 
59366.164352 0.000146 
59366.196134 0.000143 
59366.227916 0.000140 
59366.259698 0.000137 
59366.291480 0.000134 
59366.323262 0.000131 
59366.355044 0.000127 
59366.386826 0.000124 
59366.418608 0.000121 
59366.450390 0.000118 
59366.482172 0.000115 
59366.513954 0.000112 
59366.545736 0.000109 
59366.577518 0.000106 
59366.609300 0.000102 
59366.641082 0.000099 
59366.672864 0.000096 
59366.704646 0.000093 
59366.736428 0.000090 
59366.768210 0.000086 
59366.799992 0.000083 
59366.831774 0.000080 
59366.863556 0.000077 
59366.895338 0.000074 
59366.927120 0.000071 
59366.958902 0.000068 
59366.990684 0.000065 
59367.022466 0.000062 
59367.054248 0.000059 
59367.086030 0.000056 
59367.117812 0.000053 
59367.149594 0.000050 
59367.181376 0.000047 
59367.213158 0.000044 
59367.244940 0.000041 
59367.276722 0.000038 
59367.308504 0.000036 
59367.340286 0.000033 
59367.372068 0.000030 
59367.403850 0.000028 
59367.435632 0.000025 
59367.467414 0.000023 
59367.499196 0.000021 
59367.530978 0.000018 
59367.562760 0.000016 
59367.594542 0.000014 
59367.626324 0.000012 
59367.658106 0.000010 
59367.689888 0.000008 
59367.721670 0.000006 
59367.753452 0.000004 
59367.785234 0.000002 
59367.817016 0.000000 
59367.848798 -0.000001 
59367.880580 -0.000003 
59367.912362 -0.000004 
59367.944144 -0.000006 
59367.975926 -0.000007 
59368.007708 -0.000008 
59368.039490 -0.000009 
59368.071272 -0.000010 
59368.103054 -0.000011 
59368.134836 -0.000012 
59368.166618 -0.000012 
59368.198400 -0.000013 
59368.230182 -0.000014 
59368.261964 -0.000014 
59368.293746 -0.000014 
59368.325528 -0.000014 
59368.357310 -0.000015 
59368.389092 -0.000015 
59368.420873 -0.000015 
59368.452655 -0.000014 
59368.484437 -0.000014 
59368.516219 -0.000014 
59368.548001 -0.000013 
59368.579783 -0.000012 
59368.611565 -0.000012 
59368.643347 -0.000011 
59368.675129 -0.000010 
59368.706911 -0.000009 
59368.738693 -0.000008 
59368.770475 -0.000007 
59368.802257 -0.000005 
59368.834039 -0.000004 
59368.865821 -0.000002 
59368.897603 -0.000001 
59368.929385 0.000001 
59368.961167 0.000003 
59368.992949 0.000005 
59369.024731 0.000007 
59369.056513 0.000009 
59369.088295 0.000012 
59369.120077 0.000014 
59369.151859 0.000016 
59369.183641 0.000019 
59369.215423 0.000022 
59369.247205 0.000025 
59369.278987 0.000027 
59369.310769 0.000030 
59369.342551 0.000033 
59369.374333 0.000037 
59369.406115 0.000040 
59369.437897 0.000043 
59369.469679 0.000046 
59369.501461 0.000050 
59369.533243 0.000053 
59369.565025 0.000057 
59369.596807 0.000061 
59369.628589 0.000065 
59369.660371 0.000068 
59369.692153 0.000072 
59369.723935 0.000076 
59369.755717 0.000081 
59369.787499 0.000085 
59369.819281 0.000089 
59369.851063 0.000093 
59369.882845 0.000097 
59369.914627 0.000102 
59369.946409 0.000106 
59369.978191 0.000111 
59370.009973 0.000115 
59370.041755 0.000120 
59370.073537 0.000124 
59370.105319 0.000129 
59370.137101 0.000134 
59370.168883 0.000139 
59370.200665 0.000143 
59370.232447 0.000148 
59370.264229 0.000153 
59370.296011 0.000158 
59370.327793 0.000163 
59370.359575 0.000168 
59370.391357 0.000172 
59370.423139 0.000177 
59370.454921 0.000182 
59370.486703 0.000187 
59370.518485 0.000192 
59370.550267 0.000197 
59370.582049 0.000202 
59370.613831 0.000207 
59370.645613 0.000212 
59370.677395 0.000217 
59370.709177 0.000222 
59370.740959 0.000227 
59370.772741 0.000231 
59370.804523 0.000236 
59370.836305 0.000241 
59370.868087 0.000246 
59370.899869 0.000251 
59370.931651 0.000255 
59370.963433 0.000260 
59370.995215 0.000265 
59371.026997 0.000269 
59371.058779 0.000274 
59371.090561 0.000278 
59371.122342 0.000283 
59371.154124 0.000287 
59371.185906 0.000292 
59371.217688 0.000296 
59371.249470 0.000300 
59371.281252 0.000304 
59371.313034 0.000308 
59371.344816 0.000312 
59371.376598 0.000316 
59371.408380 0.000320 
59371.440162 0.000324 
59371.471944 0.000328 
59371.503726 0.000331 
59371.535508 0.000335 
59371.567290 0.000338 
59371.599072 0.000342 
59371.630854 0.000345 
59371.662636 0.000348 
59371.694418 0.000352 
59371.726200 0.000355 
59371.757982 0.000358 
59371.789764 0.000360 
59371.821546 0.000363 
59371.853328 0.000366 
59371.885110 0.000368 
59371.916892 0.000371 
59371.948674 0.000373 
59371.980456 0.000375 
59372.012238 0.000377 
59372.044020 0.000379 
59372.075802 0.000381 
59372.107584 0.000383 
59372.139366 0.000385 
59372.171148 0.000386 
59372.202930 0.000388 
59372.234712 0.000389 
59372.266494 0.000390 
59372.298276 0.000392 
59372.330058 0.000393 
59372.361840 0.000393 
59372.393622 0.000394 
59372.425404 0.000395 
59372.457186 0.000395 
59372.488968 0.000396 
59372.520750 0.000396 
59372.552532 0.000396 
59372.584314 0.000396 
59372.616096 0.000396 
59372.647878 0.000396 
59372.679660 0.000396 
59372.711442 0.000396 
59372.743224 0.000395 
59372.775006 0.000395 
59372.806788 0.000394 
59372.838570 0.000393 
59372.870352 0.000392 
59372.902134 0.000391 
59372.933916 0.000390 
59372.965698 0.000389 
59372.997480 0.000387 
59373.029262 0.000386 
59373.061044 0.000384 
59373.092826 0.000383 
59373.124608 0.000381 
59373.156390 0.000379 
59373.188172 0.000377 
59373.219954 0.000375 
59373.251736 0.000373 
59373.283518 0.000371 
59373.315300 0.000368 
59373.347082 0.000366 
59373.378864 0.000364 
59373.410646 0.000361 
59373.442428 0.000358 
59373.474210 0.000356 
59373.505992 0.000353 
59373.537774 0.000350 
59373.569556 0.000347 
59373.601338 0.000344 
59373.633120 0.000341 
59373.664902 0.000338 
59373.696684 0.000335 
59373.728466 0.000331 
59373.760248 0.000328 
59373.792029 0.000325 
59373.823811 0.000321 
59373.855593 0.000318 
59373.887375 0.000314 
59373.919157 0.000311 
59373.950939 0.000307 
59373.982721 0.000304 
59374.014503 0.000300 
59374.046285 0.000297 
59374.078067 0.000293 
59374.109849 0.000289 
59374.141631 0.000285 
59374.173413 0.000282 
59374.205195 0.000278 
59374.236977 0.000274 
59374.268759 0.000270 
59374.300541 0.000267 
59374.332323 0.000263 
59374.364105 0.000259 
59374.395887 0.000255 
59374.427669 0.000252 
59374.459451 0.000248 
59374.491233 0.000244 
59374.523015 0.000240 
59374.554797 0.000237 
59374.586579 0.000233 
59374.618361 0.000229 
59374.650143 0.000226 
59374.681925 0.000222 
59374.713707 0.000219 
59374.745489 0.000215 
59374.777271 0.000212 
59374.809053 0.000208 
59374.840835 0.000205 
59374.872617 0.000202 
59374.904399 0.000198 
59374.936181 0.000195 
59374.967963 0.000192 
59374.999745 0.000189 
59375.031527 0.000186 
59375.063309 0.000183 
59375.095091 0.000180 
59375.126873 0.000177 
59375.158655 0.000174 
59375.190437 0.000172 
59375.222219 0.000169 
59375.254001 0.000166 
59375.285783 0.000164 
59375.317565 0.000162 
59375.349347 0.000159 
59375.381129 0.000157 
59375.412911 0.000155 
59375.444693 0.000153 
59375.476475 0.000151 
59375.508257 0.000149 
59375.540039 0.000148 
59375.571821 0.000146 
59375.603603 0.000144 
59375.635385 0.000143 
59375.667167 0.000142 
59375.698949 0.000141 
59375.730731 0.000139 
59375.762513 0.000138 
59375.794295 0.000138 
59375.826077 0.000137 
59375.857859 0.000136 
59375.889641 0.000135 
59375.921423 0.000135 
59375.953205 0.000135 
59375.984987 0.000134 
59376.016769 0.000134 
59376.048551 0.000134 
59376.080333 0.000134 
59376.112115 0.000135 
59376.143897 0.000135 
59376.175679 0.000135 
59376.207461 0.000136 
59376.239243 0.000137 
59376.271025 0.000137 
59376.302807 0.000138 
59376.334589 0.000139 
59376.366371 0.000141 
59376.398153 0.000142 
59376.429935 0.000143 
59376.461717 0.000145 
59376.493498 0.000146 
59376.525280 0.000148 
59376.557062 0.000150 
59376.588844 0.000152 
59376.620626 0.000154 
59376.652408 0.000156 
59376.684190 0.000158 
59376.715972 0.000160 
59376.747754 0.000163 
59376.779536 0.000165 
59376.811318 0.000168 
59376.843100 0.000170 
59376.874882 0.000173 
59376.906664 0.000176 
59376.938446 0.000179 
59376.970228 0.000182 
59377.002010 0.000185 
59377.033792 0.000188 
59377.065574 0.000192 
59377.097356 0.000195 
59377.129138 0.000199 
59377.160920 0.000202 
59377.192702 0.000206 
59377.224484 0.000209 
59377.256266 0.000213 
59377.288048 0.000217 
59377.319830 0.000221 
59377.351612 0.000225 
59377.383394 0.000229 
59377.415176 0.000233 
59377.446958 0.000237 
59377.478740 0.000241 
59377.510522 0.000245 
59377.542304 0.000250 
59377.574086 0.000254 
59377.605868 0.000258 
59377.637650 0.000263 
59377.669432 0.000267 
59377.701214 0.000272 
59377.732996 0.000276 
59377.764778 0.000281 
59377.796560 0.000285 
59377.828342 0.000290 
59377.860124 0.000294 
59377.891906 0.000299 
59377.923688 0.000303 
59377.955470 0.000308 
59377.987252 0.000312 
59378.019034 0.000317 
59378.050816 0.000321 
59378.082598 0.000326 
59378.114380 0.000330 
59378.146162 0.000335 
59378.177944 0.000339 
59378.209726 0.000344 
59378.241508 0.000348 
59378.273290 0.000353 
59378.305072 0.000357 
59378.336854 0.000361 
59378.368636 0.000366 
59378.400418 0.000370 
59378.432200 0.000374 
59378.463982 0.000378 
59378.495764 0.000383 
59378.527546 0.000387 
59378.559328 0.000391 
59378.591110 0.000395 
59378.622892 0.000399 
59378.654674 0.000402 
59378.686456 0.000406 
59378.718238 0.000410 
59378.750020 0.000414 
59378.781802 0.000417 
59378.813584 0.000421 
59378.845366 0.000424 
59378.877148 0.000427 
59378.908930 0.000431 
59378.940712 0.000434 
59378.972494 0.000437 
59379.004276 0.000440 
59379.036058 0.000443 
59379.067840 0.000446 
59379.099622 0.000448 
59379.131404 0.000451 
59379.163186 0.000454 
59379.194967 0.000456 
59379.226749 0.000458 
59379.258531 0.000460 
59379.290313 0.000463 
59379.322095 0.000465 
59379.353877 0.000466 
59379.385659 0.000468 
59379.417441 0.000470 
59379.449223 0.000471 
59379.481005 0.000473 
59379.512787 0.000474 
59379.544569 0.000475 
59379.576351 0.000476 
59379.608133 0.000477 
59379.639915 0.000478 
59379.671697 0.000479 
59379.703479 0.000480 
59379.735261 0.000480 
59379.767043 0.000480 
59379.798825 0.000481 
59379.830607 0.000481 
59379.862389 0.000481 
59379.894171 0.000481 
59379.925953 0.000480 
59379.957735 0.000480 
59379.989517 0.000480 
59380.021299 0.000479 
59380.053081 0.000478 
59380.084863 0.000477 
59380.116645 0.000476 
59380.148427 0.000475 
59380.180209 0.000474 
59380.211991 0.000473 
59380.243773 0.000472 
59380.275555 0.000470 
59380.307337 0.000468 
59380.339119 0.000467 
59380.370901 0.000465 
59380.402683 0.000463 
59380.434465 0.000461 
59380.466247 0.000458 
59380.498029 0.000456 
59380.529811 0.000454 
59380.561593 0.000451 
59380.593375 0.000449 
59380.625157 0.000446 
59380.656939 0.000443 
59380.688721 0.000440 
59380.720503 0.000437 
59380.752285 0.000434 
59380.784067 0.000431 
59380.815849 0.000428 
59380.847631 0.000425 
59380.879413 0.000421 
59380.911195 0.000418 
59380.942977 0.000414 
59380.974759 0.000411 
59381.006541 0.000407 
59381.038323 0.000403 
59381.070105 0.000399 
59381.101887 0.000395 
59381.133669 0.000392 
59381.165451 0.000388 
59381.197233 0.000383 
59381.229015 0.000379 
59381.260797 0.000375 
59381.292579 0.000371 
59381.324361 0.000367 
59381.356143 0.000363 
59381.387925 0.000358 
59381.419707 0.000354 
59381.451489 0.000350 
59381.483271 0.000345 
59381.515053 0.000341 
59381.546835 0.000336 
59381.578617 0.000332 
59381.610399 0.000328 
59381.642181 0.000323 
59381.673963 0.000319 
59381.705745 0.000314 
59381.737527 0.000310 
59381.769309 0.000305 
59381.801091 0.000301 
59381.832873 0.000296 
59381.864655 0.000292 
59381.896436 0.000288 
59381.928218 0.000283 
59381.960000 0.000279 
59381.991782 0.000274 
59382.023564 0.000270 
59382.055346 0.000266 
59382.087128 0.000262 
59382.118910 0.000257 
59382.150692 0.000253 
59382.182474 0.000249 
59382.214256 0.000245 
59382.246038 0.000241 
59382.277820 0.000237 
59382.309602 0.000233 
59382.341384 0.000229 
59382.373166 0.000226 
59382.404948 0.000222 
59382.436730 0.000218 
59382.468512 0.000215 
59382.500294 0.000211 
59382.532076 0.000208 
59382.563858 0.000205 
59382.595640 0.000201 
59382.627422 0.000198 
59382.659204 0.000195 
59382.690986 0.000192 
59382.722768 0.000189 
59382.754550 0.000186 
59382.786332 0.000184 
59382.818114 0.000181 
59382.849896 0.000179 
59382.881678 0.000176 
59382.913460 0.000174 
59382.945242 0.000172 
59382.977024 0.000170 
59383.008806 0.000168 
59383.040588 0.000166 
59383.072370 0.000164 
59383.104152 0.000162 
59383.135934 0.000161 
59383.167716 0.000160 
59383.199498 0.000158 
59383.231280 0.000157 
59383.263062 0.000156 
59383.294844 0.000155 
59383.326626 0.000154 
59383.358408 0.000154 
59383.390190 0.000153 
59383.421972 0.000153 
59383.453754 0.000152 
59383.485536 0.000152 
59383.517318 0.000152 
59383.549100 0.000152 
59383.580882 0.000152 
59383.612664 0.000153 
59383.644446 0.000153 
59383.676228 0.000154 
59383.708010 0.000154 
59383.739792 0.000155 
59383.771574 0.000156 
59383.803356 0.000157 
59383.835138 0.000158 
59383.866920 0.000159 
59383.898702 0.000161 
59383.930484 0.000162 
59383.962266 0.000164 
59383.994048 0.000166 
59384.025830 0.000168 
59384.057612 0.000170 
59384.089394 0.000172 
59384.121176 0.000174 
59384.152958 0.000176 
59384.184740 0.000179 
59384.216522 0.000181 
59384.248304 0.000184 
59384.280086 0.000187 
59384.311868 0.000190 
59384.343650 0.000193 
59384.375432 0.000196 
59384.407214 0.000199 
59384.438996 0.000202 
59384.470778 0.000206 
59384.502560 0.000209 
59384.534342 0.000213 
59384.566124 0.000217 
59384.597905 0.000220 
59384.629687 0.000224 
59384.661469 0.000228 
59384.693251 0.000232 
59384.725033 0.000236 
59384.756815 0.000240 
59384.788597 0.000245 
59384.820379 0.000249 
59384.852161 0.000253 
59384.883943 0.000258 
59384.915725 0.000262 
59384.947507 0.000267 
59384.979289 0.000271 
59385.011071 0.000276 
59385.042853 0.000281 
59385.074635 0.000285 
59385.106417 0.000290 
59385.138199 0.000295 
59385.169981 0.000300 
59385.201763 0.000305 
59385.233545 0.000310 
59385.265327 0.000315 
59385.297109 0.000319 
59385.328891 0.000324 
59385.360673 0.000330 
59385.392455 0.000335 
59385.424237 0.000340 
59385.456019 0.000345 
59385.487801 0.000350 
59385.519583 0.000355 
59385.551365 0.000360 
59385.583147 0.000365 
59385.614929 0.000370 
59385.646711 0.000375 
59385.678493 0.000380 
59385.710275 0.000385 
59385.742057 0.000390 
59385.773839 0.000395 
59385.805621 0.000400 
59385.837403 0.000405 
59385.869185 0.000410 
59385.900967 0.000415 
59385.932749 0.000420 
59385.964531 0.000424 
59385.996313 0.000429 
59386.028095 0.000434 
59386.059877 0.000438 
59386.091659 0.000443 
59386.123441 0.000448 
59386.155223 0.000452 
59386.187005 0.000456 
59386.218787 0.000461 
59386.250569 0.000465 
59386.282351 0.000469 
59386.314133 0.000474 
59386.345915 0.000478 
59386.377697 0.000482 
59386.409479 0.000486 
59386.441261 0.000490 
59386.473043 0.000493 
59386.504825 0.000497 
59386.536607 0.000501 
59386.568389 0.000504 
59386.600171 0.000508 
59386.631953 0.000511 
59386.663735 0.000514 
59386.695517 0.000518 
59386.727299 0.000521 
59386.759081 0.000524 
59386.790863 0.000527 
59386.822645 0.000529 
59386.854427 0.000532 
59386.886209 0.000535 
59386.917991 0.000537 
59386.949773 0.000540 
59386.981555 0.000542 
59387.013337 0.000544 
59387.045119 0.000546 
59387.076901 0.000548 
59387.108683 0.000550 
59387.140465 0.000552 
59387.172247 0.000553 
59387.204029 0.000555 
59387.235811 0.000556 
59387.267593 0.000558 
59387.299374 0.000559 
59387.331156 0.000560 
59387.362938 0.000561 
59387.394720 0.000562 
59387.426502 0.000563 
59387.458284 0.000563 
59387.490066 0.000564 
59387.521848 0.000564 
59387.553630 0.000565 
59387.585412 0.000565 
59387.617194 0.000565 
59387.648976 0.000565 
59387.680758 0.000565 
59387.712540 0.000565 
59387.744322 0.000565 
59387.776104 0.000564 
59387.807886 0.000564 
59387.839668 0.000563 
59387.871450 0.000562 
59387.903232 0.000562 
59387.935014 0.000561 
59387.966796 0.000560 
59387.998578 0.000559 
59388.030360 0.000557 
59388.062142 0.000556 
59388.093924 0.000555 
59388.125706 0.000553 
59388.157488 0.000552 
59388.189270 0.000550 
59388.221052 0.000548 
59388.252834 0.000547 
59388.284616 0.000545 
59388.316398 0.000543 
59388.348180 0.000541 
59388.379962 0.000539 
59388.411744 0.000537 
59388.443526 0.000534 
59388.475308 0.000532 
59388.507090 0.000530 
59388.538872 0.000527 
59388.570654 0.000525 
59388.602436 0.000522 
59388.634218 0.000520 
59388.666000 0.000517 
59388.697782 0.000514 
59388.729564 0.000512 
59388.761346 0.000509 
59388.793128 0.000506 
59388.824910 0.000503 
59388.856692 0.000500 
59388.888474 0.000497 
59388.920256 0.000494 
59388.952038 0.000491 
59388.983820 0.000488 
59389.015602 0.000485 
59389.047384 0.000482 
59389.079166 0.000479 
59389.110948 0.000476 
59389.142730 0.000473 
59389.174512 0.000469 
59389.206294 0.000466 
59389.238076 0.000463 
59389.269858 0.000460 
59389.301640 0.000457 
59389.333422 0.000454 
59389.365204 0.000451 
59389.396986 0.000447 
59389.428768 0.000444 
59389.460550 0.000441 
59389.492332 0.000438 
59389.524114 0.000435 
59389.555896 0.000432 
59389.587678 0.000429 
59389.619460 0.000426 
59389.651242 0.000423 
59389.683024 0.000420 
59389.714806 0.000417 
59389.746588 0.000414 
59389.778370 0.000411 
59389.810152 0.000408 
59389.841934 0.000405 
59389.873716 0.000402 
59389.905498 0.000400 
59389.937280 0.000397 
59389.969061 0.000394 
59390.000843 0.000392 
59390.032625 0.000389 
59390.064407 0.000387 
59390.096189 0.000384 
59390.127971 0.000382 
59390.159753 0.000380 
59390.191535 0.000377 
59390.223317 0.000375 
59390.255099 0.000373 
59390.286881 0.000371 
59390.318663 0.000369 
59390.350445 0.000367 
59390.382227 0.000365 
59390.414009 0.000363 
59390.445791 0.000361 
59390.477573 0.000360 
59390.509355 0.000358 
59390.541137 0.000356 
59390.572919 0.000355 
59390.604701 0.000353 
59390.636483 0.000352 
59390.668265 0.000351 
59390.700047 0.000350 
59390.731829 0.000348 
59390.763611 0.000347 
59390.795393 0.000346 
59390.827175 0.000345 
59390.858957 0.000345 
59390.890739 0.000344 
59390.922521 0.000343 
59390.954303 0.000342 
59390.986085 0.000342 
59391.017867 0.000341 
59391.049649 0.000341 
59391.081431 0.000341 
59391.113213 0.000340 
59391.144995 0.000340 
59391.176777 0.000340 
59391.208559 0.000340 
59391.240341 0.000340 
59391.272123 0.000340 
59391.303905 0.000340 
59391.335687 0.000340 
59391.367469 0.000340 
59391.399251 0.000341 
59391.431033 0.000341 
59391.462815 0.000342 
59391.494597 0.000342 
59391.526379 0.000343 
59391.558161 0.000343 
59391.589943 0.000344 
59391.621725 0.000345 
59391.653507 0.000345 
59391.685289 0.000346 
59391.717071 0.000347 
59391.748853 0.000348 
59391.780635 0.000349 
59391.812417 0.000350 
59391.844199 0.000351 
59391.875981 0.000352 
59391.907763 0.000353 
59391.939545 0.000354 
59391.971327 0.000355 
59392.003109 0.000356 
59392.034891 0.000358 
59392.066673 0.000359 
59392.098455 0.000360 
59392.130237 0.000361 
59392.162019 0.000363 
59392.193801 0.000364 
59392.225583 0.000365 
59392.257365 0.000367 
59392.289147 0.000368 
59392.320929 0.000369 
59392.352711 0.000371 
59392.384493 0.000372 
59392.416275 0.000373 
59392.448057 0.000375 
59392.479839 0.000376 
59392.511621 0.000377 
59392.543403 0.000379 
59392.575185 0.000380 
59392.606967 0.000381 
59392.638749 0.000383 
59392.670530 0.000384 
59392.702312 0.000385 
59392.734094 0.000386 
59392.765876 0.000387 
59392.797658 0.000389 
59392.829440 0.000390 
59392.861222 0.000391 
59392.893004 0.000392 
59392.924786 0.000393 
59392.956568 0.000394 
59392.988350 0.000395 
59393.020132 0.000396 
59393.051914 0.000396 
59393.083696 0.000397 
59393.115478 0.000398 
59393.147260 0.000399 
59393.179042 0.000399 
59393.210824 0.000400 
59393.242606 0.000400 
59393.274388 0.000401 
59393.306170 0.000401 
59393.337952 0.000401 
59393.369734 0.000402 
59393.401516 0.000402 
59393.433298 0.000402 
59393.465080 0.000402 
59393.496862 0.000402 
59393.528644 0.000402 
59393.560426 0.000401 
59393.592208 0.000401 
59393.623990 0.000401 
59393.655772 0.000400 
59393.687554 0.000400 
59393.719336 0.000399 
59393.751118 0.000398 
59393.782900 0.000397 
59393.814682 0.000396 
59393.846464 0.000395 
59393.878246 0.000394 
59393.910028 0.000393 
59393.941810 0.000392 
59393.973592 0.000391 
59394.005374 0.000389 
59394.037156 0.000388 
59394.068938 0.000386 
59394.100720 0.000384 
59394.132502 0.000382 
59394.164284 0.000381 
59394.196066 0.000379 
59394.227848 0.000376 
59394.259630 0.000374 
59394.291412 0.000372 
59394.323194 0.000370 
59394.354976 0.000367 
59394.386758 0.000365 
59394.418540 0.000362 
59394.450322 0.000359 
59394.482104 0.000356 
59394.513886 0.000353 
59394.545668 0.000350 
59394.577450 0.000347 
59394.609232 0.000344 
59394.641014 0.000341 
59394.672796 0.000337 
59394.704578 0.000334 
59394.736360 0.000330 
59394.768142 0.000327 
59394.799924 0.000323 
59394.831706 0.000319 
59394.863488 0.000315 
59394.895270 0.000312 
59394.927052 0.000308 
59394.958834 0.000303 
59394.990616 0.000299 
59395.022398 0.000295 
59395.054180 0.000291 
59395.085962 0.000286 
59395.117744 0.000282 
59395.149526 0.000278 
59395.181308 0.000273 
59395.213090 0.000268 
59395.244872 0.000264 
59395.276654 0.000259 
59395.308436 0.000254 
59395.340218 0.000250 
59395.371999 0.000245 
59395.403781 0.000240 
59395.435563 0.000235 
59395.467345 0.000230 
59395.499127 0.000225 
59395.530909 0.000220 
59395.562691 0.000215 
59395.594473 0.000210 
59395.626255 0.000205 
59395.658037 0.000200 
59395.689819 0.000195 
59395.721601 0.000189 
59395.753383 0.000184 
59395.785165 0.000179 
59395.816947 0.000174 
59395.848729 0.000169 
59395.880511 0.000164 
59395.912293 0.000158 
59395.944075 0.000153 
59395.975857 0.000148 
59396.007639 0.000143 
59396.039421 0.000138 
59396.071203 0.000133 
59396.102985 0.000128 
59396.134767 0.000123 
59396.166549 0.000118 
59396.198331 0.000113 
59396.230113 0.000108 
59396.261895 0.000103 
59396.293677 0.000098 
59396.325459 0.000093 
59396.357241 0.000088 
59396.389023 0.000084 
59396.420805 0.000079 
59396.452587 0.000074 
59396.484369 0.000070 
59396.516151 0.000065 
59396.547933 0.000061 
59396.579715 0.000056 
59396.611497 0.000052 
59396.643279 0.000048 
59396.675061 0.000044 
59396.706843 0.000040 
59396.738625 0.000036 
59396.770407 0.000032 
59396.802189 0.000028 
59396.833971 0.000024 
59396.865753 0.000021 
59396.897535 0.000017 
59396.929317 0.000014 
59396.961099 0.000010 
59396.992881 0.000007 
59397.024663 0.000004 
59397.056445 0.000001 
59397.088227 -0.000002 
59397.120009 -0.000005 
59397.151791 -0.000007 
59397.183573 -0.000010 
59397.215355 -0.000012 
59397.247137 -0.000015 
59397.278919 -0.000017 
59397.310701 -0.000019 
59397.342483 -0.000021 
59397.374265 -0.000023 
59397.406047 -0.000025 
59397.437829 -0.000026 
59397.469611 -0.000028 
59397.501393 -0.000029 
59397.533175 -0.000030 
59397.564957 -0.000031 
59397.596739 -0.000032 
59397.628521 -0.000033 
59397.660303 -0.000034 
59397.692085 -0.000034 
59397.723867 -0.000035 
59397.755649 -0.000035 
59397.787431 -0.000035 
59397.819213 -0.000035 
59397.850995 -0.000035 
59397.882777 -0.000035 
59397.914559 -0.000034 
59397.946341 -0.000034 
59397.978123 -0.000033 
59398.009905 -0.000032 
59398.041687 -0.000032 
59398.073468 -0.000030 
59398.105250 -0.000029 
59398.137032 -0.000028 
59398.168814 -0.000026 
59398.200596 -0.000025 
59398.232378 -0.000023 
59398.264160 -0.000021 
59398.295942 -0.000019 
59398.327724 -0.000017 
59398.359506 -0.000015 
59398.391288 -0.000012 
59398.423070 -0.000010 
59398.454852 -0.000007 
59398.486634 -0.000004 
59398.518416 -0.000002 
59398.550198 0.000001 
59398.581980 0.000005 
59398.613762 0.000008 
59398.645544 0.000011 
59398.677326 0.000015 
59398.709108 0.000018 
59398.740890 0.000022 
59398.772672 0.000026 
59398.804454 0.000030 
59398.836236 0.000034 
59398.868018 0.000038 
59398.899800 0.000042 
59398.931582 0.000046 
59398.963364 0.000050 
59398.995146 0.000055 
59399.026928 0.000059 
59399.058710 0.000064 
59399.090492 0.000069 
59399.122274 0.000073 
59399.154056 0.000078 
59399.185838 0.000083 
59399.217620 0.000088 
59399.249402 0.000093 
59399.281184 0.000098 
59399.312966 0.000104 
59399.344748 0.000109 
59399.376530 0.000114 
59399.408312 0.000119 
59399.440094 0.000125 
59399.471876 0.000130 
59399.503658 0.000136 
59399.535440 0.000141 
59399.567222 0.000147 
59399.599004 0.000152 
59399.630786 0.000158 
59399.662568 0.000163 
59399.694350 0.000169 
59399.726132 0.000174 
59399.757914 0.000180 
59399.789696 0.000186 
59399.821478 0.000191 
59399.853260 0.000197 
59399.885042 0.000203 
59399.916824 0.000208 
59399.948606 0.000214 
59399.980388 0.000220 
59400.012170 0.000225 
59400.043952 0.000231 
59400.075734 0.000236 
59400.107516 0.000242 
59400.139298 0.000247 
59400.171080 0.000253 
59400.202862 0.000258 
59400.234644 0.000264 
59400.266426 0.000269 
59400.298208 0.000274 
59400.329990 0.000279 
59400.361772 0.000285 
59400.393554 0.000290 
59400.425336 0.000295 
59400.457118 0.000300 
59400.488900 0.000305 
59400.520682 0.000310 
59400.552464 0.000314 
59400.584246 0.000319 
59400.616028 0.000324 
59400.647810 0.000328 
59400.679592 0.000333 
59400.711374 0.000337 
59400.743156 0.000341 
59400.774937 0.000346 
59400.806719 0.000350 
59400.838501 0.000354 
59400.870283 0.000358 
59400.902065 0.000361 
59400.933847 0.000365 
59400.965629 0.000369 
59400.997411 0.000372 
59401.029193 0.000376 
59401.060975 0.000379 
59401.092757 0.000382 
59401.124539 0.000385 
59401.156321 0.000388 
59401.188103 0.000391 
59401.219885 0.000394 
59401.251667 0.000396 
59401.283449 0.000399 
59401.315231 0.000401 
59401.347013 0.000403 
59401.378795 0.000405 
59401.410577 0.000407 
59401.442359 0.000409 
59401.474141 0.000411 
59401.505923 0.000412 
59401.537705 0.000414 
59401.569487 0.000415 
59401.601269 0.000416 
59401.633051 0.000417 
59401.664833 0.000418 
59401.696615 0.000419 
59401.728397 0.000420 
59401.760179 0.000420 
59401.791961 0.000421 
59401.823743 0.000421 
59401.855525 0.000421 
59401.887307 0.000421 
59401.919089 0.000421 
59401.950871 0.000421 
59401.982653 0.000420 
59402.014435 0.000420 
59402.046217 0.000419 
59402.077999 0.000419 
59402.109781 0.000418 
59402.141563 0.000417 
59402.173345 0.000415 
59402.205127 0.000414 
59402.236909 0.000413 
59402.268691 0.000411 
59402.300473 0.000410 
59402.332255 0.000408 
59402.364037 0.000406 
59402.395819 0.000404 
59402.427601 0.000402 
59402.459383 0.000400 
59402.491165 0.000398 
59402.522947 0.000395 
59402.554729 0.000393 
59402.586511 0.000390 
59402.618293 0.000387 
59402.650075 0.000385 
59402.681857 0.000382 
59402.713639 0.000379 
59402.745421 0.000376 
59402.777203 0.000372 
59402.808985 0.000369 
59402.840767 0.000366 
59402.872549 0.000362 
59402.904331 0.000359 
59402.936113 0.000355 
59402.967895 0.000352 
59402.999677 0.000348 
59403.031459 0.000344 
59403.063241 0.000340 
59403.095023 0.000336 
59403.126805 0.000332 
59403.158587 0.000328 
59403.190369 0.000324 
59403.222151 0.000320 
59403.253933 0.000316 
59403.285715 0.000312 
59403.317497 0.000308 
59403.349279 0.000303 
59403.381061 0.000299 
59403.412843 0.000295 
59403.444624 0.000290 
59403.476406 0.000286 
59403.508188 0.000281 
59403.539970 0.000277 
59403.571752 0.000272 
59403.603534 0.000268 
59403.635316 0.000263 
59403.667098 0.000259 
59403.698880 0.000254 
59403.730662 0.000250 
59403.762444 0.000245 
59403.794226 0.000241 
59403.826008 0.000237 
59403.857790 0.000232 
59403.889572 0.000228 
59403.921354 0.000223 
59403.953136 0.000219 
59403.984918 0.000214 
59404.016700 0.000210 
59404.048482 0.000206 
59404.080264 0.000202 
59404.112046 0.000197 
59404.143828 0.000193 
59404.175610 0.000189 
59404.207392 0.000185 
59404.239174 0.000181 
59404.270956 0.000177 
59404.302738 0.000173 
59404.334520 0.000169 
59404.366302 0.000165 
59404.398084 0.000161 
59404.429866 0.000158 
59404.461648 0.000154 
59404.493430 0.000150 
59404.525212 0.000147 
59404.556994 0.000143 
59404.588776 0.000140 
59404.620558 0.000137 
59404.652340 0.000134 
59404.684122 0.000130 
59404.715904 0.000127 
59404.747686 0.000124 
59404.779468 0.000121 
59404.811250 0.000119 
59404.843032 0.000116 
59404.874814 0.000113 
59404.906596 0.000111 
59404.938378 0.000108 
59404.970160 0.000106 
59405.001942 0.000104 
59405.033724 0.000102 
59405.065506 0.000100 
59405.097288 0.000098 
59405.129070 0.000096 
59405.160852 0.000094 
59405.192634 0.000092 
59405.224416 0.000091 
59405.256198 0.000089 
59405.287980 0.000088 
59405.319762 0.000087 
59405.351544 0.000086 
59405.383326 0.000085 
59405.415108 0.000084 
59405.446890 0.000083 
59405.478672 0.000082 
59405.510454 0.000082 
59405.542236 0.000081 
59405.574018 0.000081 
59405.605800 0.000080 
59405.637582 0.000080 
59405.669364 0.000080 
59405.701146 0.000080 
59405.732928 0.000080 
59405.764710 0.000080 
59405.796492 0.000081 
59405.828274 0.000081 
59405.860056 0.000082 
59405.891838 0.000082 
59405.923620 0.000083 
59405.955402 0.000084 
59405.987184 0.000084 
59406.018966 0.000085 
59406.050748 0.000087 
59406.082530 0.000088 
59406.114312 0.000089 
59406.146093 0.000090 
59406.177875 0.000092 
59406.209657 0.000093 
59406.241439 0.000095 
59406.273221 0.000096 
59406.305003 0.000098 
59406.336785 0.000100 
59406.368567 0.000102 
59406.400349 0.000104 
59406.432131 0.000106 
59406.463913 0.000108 
59406.495695 0.000110 
59406.527477 0.000112 
59406.559259 0.000114 
59406.591041 0.000117 
59406.622823 0.000119 
59406.654605 0.000121 
59406.686387 0.000124 
59406.718169 0.000126 
59406.749951 0.000129 
59406.781733 0.000132 
59406.813515 0.000134 
59406.845297 0.000137 
59406.877079 0.000140 
59406.908861 0.000143 
59406.940643 0.000145 
59406.972425 0.000148 
59407.004207 0.000151 
59407.035989 0.000154 
59407.067771 0.000157 
59407.099553 0.000160 
59407.131335 0.000163 
59407.163117 0.000166 
59407.194899 0.000169 
59407.226681 0.000172 
59407.258463 0.000175 
59407.290245 0.000178 
59407.322027 0.000181 
59407.353809 0.000184 
59407.385591 0.000187 
59407.417373 0.000190 
59407.449155 0.000193 
59407.480937 0.000196 
59407.512719 0.000198 
59407.544501 0.000201 
59407.576283 0.000204 
59407.608065 0.000207 
59407.639847 0.000210 
59407.671629 0.000213 
59407.703411 0.000216 
59407.735193 0.000219 
59407.766975 0.000221 
59407.798757 0.000224 
59407.830539 0.000227 
59407.862321 0.000229 
59407.894103 0.000232 
59407.925885 0.000235 
59407.957667 0.000237 
59407.989449 0.000240 
59408.021231 0.000242 
59408.053013 0.000244 
59408.084795 0.000247 
59408.116577 0.000249 
59408.148359 0.000251 
59408.180141 0.000253 
59408.211923 0.000255 
59408.243705 0.000257 
59408.275487 0.000259 
59408.307269 0.000261 
59408.339051 0.000263 
59408.370833 0.000265 
59408.402615 0.000267 
59408.434397 0.000268 
59408.466179 0.000270 
59408.497961 0.000271 
59408.529743 0.000273 
59408.561525 0.000274 
59408.593307 0.000276 
59408.625089 0.000277 
59408.656871 0.000278 
59408.688653 0.000279 
59408.720435 0.000280 
59408.752217 0.000281 
59408.783999 0.000282 
59408.815781 0.000283 
59408.847562 0.000283 
59408.879344 0.000284 
59408.911126 0.000285 
59408.942908 0.000285 
59408.974690 0.000285 
59409.006472 0.000286 
59409.038254 0.000286 
59409.070036 0.000286 
59409.101818 0.000286 
59409.133600 0.000286 
59409.165382 0.000286 
59409.197164 0.000286 
59409.228946 0.000286 
59409.260728 0.000286 
59409.292510 0.000286 
59409.324292 0.000285 
59409.356074 0.000285 
59409.387856 0.000284 
59409.419638 0.000284 
59409.451420 0.000283 
59409.483202 0.000282 
59409.514984 0.000282 
59409.546766 0.000281 
59409.578548 0.000280 
59409.610330 0.000279 
59409.642112 0.000278 
59409.673894 0.000277 
59409.705676 0.000276 
59409.737458 0.000275 
59409.769240 0.000273 
59409.801022 0.000272 
59409.832804 0.000271 
59409.864586 0.000269 
59409.896368 0.000268 
59409.928150 0.000267 
59409.959932 0.000265 
59409.991714 0.000264 
59410.023496 0.000262 
59410.055278 0.000261 
59410.087060 0.000259 
59410.118842 0.000257 
59410.150624 0.000256 
59410.182406 0.000254 
59410.214188 0.000252 
59410.245970 0.000250 
59410.277752 0.000249 
59410.309534 0.000247 
59410.341316 0.000245 
59410.373098 0.000243 
59410.404880 0.000242 
59410.436662 0.000240 
59410.468444 0.000238 
59410.500226 0.000236 
59410.532008 0.000234 
59410.563790 0.000233 
59410.595572 0.000231 
59410.627354 0.000229 
59410.659136 0.000227 
59410.690918 0.000225 
59410.722700 0.000224 
59410.754482 0.000222 
59410.786264 0.000220 
59410.818046 0.000219 
59410.849828 0.000217 
59410.881610 0.000215 
59410.913392 0.000214 
59410.945174 0.000212 
59410.976956 0.000210 
59411.008738 0.000209 
59411.040520 0.000207 
59411.072302 0.000206 
59411.104084 0.000205 
59411.135866 0.000203 
59411.167648 0.000202 
59411.199430 0.000201 
59411.231212 0.000199 
59411.262994 0.000198 
59411.294776 0.000197 
59411.326558 0.000196 
59411.358340 0.000195 
59411.390122 0.000194 
59411.421904 0.000193 
59411.453686 0.000192 
59411.485468 0.000192 
59411.517250 0.000191 
59411.549031 0.000190 
59411.580813 0.000190 
59411.612595 0.000189 
59411.644377 0.000189 
59411.676159 0.000189 
59411.707941 0.000188 
59411.739723 0.000188 
59411.771505 0.000188 
59411.803287 0.000188 
59411.835069 0.000188 
59411.866851 0.000188 
59411.898633 0.000188 
59411.930415 0.000189 
59411.962197 0.000189 
59411.993979 0.000189 
59412.025761 0.000190 
59412.057543 0.000191 
59412.089325 0.000191 
59412.121107 0.000192 
59412.152889 0.000193 
59412.184671 0.000194 
59412.216453 0.000195 
59412.248235 0.000196 
59412.280017 0.000197 
59412.311799 0.000198 
59412.343581 0.000200 
59412.375363 0.000201 
59412.407145 0.000203 
59412.438927 0.000204 
59412.470709 0.000206 
59412.502491 0.000208 
59412.534273 0.000209 
59412.566055 0.000211 
59412.597837 0.000213 
59412.629619 0.000215 
59412.661401 0.000217 
59412.693183 0.000220 
59412.724965 0.000222 
59412.756747 0.000224 
59412.788529 0.000227 
59412.820311 0.000229 
59412.852093 0.000232 
59412.883875 0.000234 
59412.915657 0.000237 
59412.947439 0.000240 
59412.979221 0.000243 
59413.011003 0.000246 
59413.042785 0.000249 
59413.074567 0.000252 
59413.106349 0.000255 
59413.138131 0.000258 
59413.169913 0.000261 
59413.201695 0.000264 
59413.233477 0.000267 
59413.265259 0.000271 
59413.297041 0.000274 
59413.328823 0.000277 
59413.360605 0.000281 
59413.392387 0.000284 
59413.424169 0.000288 
59413.455951 0.000291 
59413.487733 0.000295 
59413.519515 0.000299 
59413.551297 0.000302 
59413.583079 0.000306 
59413.614861 0.000310 
59413.646643 0.000313 
59413.678425 0.000317 
59413.710207 0.000321 
59413.741989 0.000324 
59413.773771 0.000328 
59413.805553 0.000332 
59413.837335 0.000336 
59413.869117 0.000339 
59413.900899 0.000343 
59413.932681 0.000347 
59413.964463 0.000351 
59413.996245 0.000354 
59414.028027 0.000358 
59414.059809 0.000362 
59414.091591 0.000365 
59414.123373 0.000369 
59414.155155 0.000373 
59414.186937 0.000376 
59414.218719 0.000380 
59414.250500 0.000383 
59414.282282 0.000387 
59414.314064 0.000390 
59414.345846 0.000394 
59414.377628 0.000397 
59414.409410 0.000400 
59414.441192 0.000404 
59414.472974 0.000407 
59414.504756 0.000410 
59414.536538 0.000413 
59414.568320 0.000416 
59414.600102 0.000419 
59414.631884 0.000422 
59414.663666 0.000425 
59414.695448 0.000428 
59414.727230 0.000431 
59414.759012 0.000433 
59414.790794 0.000436 
59414.822576 0.000438 
59414.854358 0.000441 
59414.886140 0.000443 
59414.917922 0.000445 
59414.949704 0.000448 
59414.981486 0.000450 
59415.013268 0.000452 
59415.045050 0.000454 
59415.076832 0.000455 
59415.108614 0.000457 
59415.140396 0.000459 
59415.172178 0.000460 
59415.203960 0.000462 
59415.235742 0.000463 
59415.267524 0.000465 
59415.299306 0.000466 
59415.331088 0.000467 
59415.362870 0.000468 
59415.394652 0.000469 
59415.426434 0.000469 
59415.458216 0.000470 
59415.489998 0.000471 
59415.521780 0.000471 
59415.553562 0.000471 
59415.585344 0.000472 
59415.617126 0.000472 
59415.648908 0.000472 
59415.680690 0.000472 
59415.712472 0.000471 
59415.744254 0.000471 
59415.776036 0.000471 
59415.807818 0.000470 
59415.839600 0.000470 
59415.871382 0.000469 
59415.903164 0.000468 
59415.934946 0.000467 
59415.966728 0.000466 
59415.998510 0.000465 
59416.030292 0.000464 
59416.062074 0.000462 
59416.093856 0.000461 
59416.125638 0.000459 
59416.157420 0.000458 
59416.189202 0.000456 
59416.220984 0.000454 
59416.252766 0.000452 
59416.284548 0.000450 
59416.316330 0.000448 
59416.348112 0.000446 
59416.379894 0.000444 
59416.411676 0.000441 
59416.443458 0.000439 
59416.475240 0.000436 
59416.507022 0.000433 
59416.538804 0.000431 
59416.570586 0.000428 
59416.602368 0.000425 
59416.634150 0.000422 
59416.665932 0.000419 
59416.697714 0.000416 
59416.729496 0.000413 
59416.761278 0.000410 
59416.793060 0.000406 
59416.824842 0.000403 
59416.856624 0.000399 
59416.888406 0.000396 
59416.920188 0.000392 
59416.951969 0.000389 
59416.983751 0.000385 
59417.015533 0.000382 
59417.047315 0.000378 
59417.079097 0.000374 
59417.110879 0.000370 
59417.142661 0.000367 
59417.174443 0.000363 
59417.206225 0.000359 
59417.238007 0.000355 
59417.269789 0.000351 
59417.301571 0.000347 
59417.333353 0.000343 
59417.365135 0.000339 
59417.396917 0.000335 
59417.428699 0.000331 
59417.460481 0.000327 
59417.492263 0.000324 
59417.524045 0.000320 
59417.555827 0.000316 
59417.587609 0.000312 
59417.619391 0.000308 
59417.651173 0.000304 
59417.682955 0.000300 
59417.714737 0.000296 
59417.746519 0.000292 
59417.778301 0.000288 
59417.810083 0.000285 
59417.841865 0.000281 
59417.873647 0.000277 
59417.905429 0.000274 
59417.937211 0.000270 
59417.968993 0.000266 
59418.000775 0.000263 
59418.032557 0.000260 
59418.064339 0.000256 
59418.096121 0.000253 
59418.127903 0.000250 
59418.159685 0.000246 
59418.191467 0.000243 
59418.223249 0.000240 
59418.255031 0.000237 
59418.286813 0.000234 
59418.318595 0.000231 
59418.350377 0.000229 
59418.382159 0.000226 
59418.413941 0.000223 
59418.445723 0.000221 
59418.477505 0.000219 
59418.509287 0.000216 
59418.541069 0.000214 
59418.572851 0.000212 
59418.604633 0.000210 
59418.636415 0.000208 
59418.668197 0.000206 
59418.699979 0.000205 
59418.731761 0.000203 
59418.763543 0.000201 
59418.795325 0.000200 
59418.827107 0.000199 
59418.858889 0.000198 
59418.890671 0.000197 
59418.922453 0.000196 
59418.954235 0.000195 
59418.986017 0.000194 
59419.017799 0.000194 
59419.049581 0.000193 
59419.081363 0.000193 
59419.113145 0.000193 
59419.144927 0.000192 
59419.176709 0.000192 
59419.208491 0.000193 
59419.240273 0.000193 
59419.272055 0.000193 
59419.303837 0.000194 
59419.335619 0.000194 
59419.367401 0.000195 
59419.399183 0.000196 
59419.430965 0.000197 
59419.462747 0.000198 
59419.494529 0.000199 
59419.526311 0.000201 
59419.558093 0.000202 
59419.589875 0.000204 
59419.621656 0.000206 
59419.653438 0.000207 
59419.685220 0.000209 
59419.717002 0.000211 
59419.748784 0.000214 
59419.780566 0.000216 
59419.812348 0.000218 
59419.844130 0.000221 
59419.875912 0.000223 
59419.907694 0.000226 
59419.939476 0.000229 
59419.971258 0.000232 
59420.003040 0.000235 
59420.034822 0.000238 
59420.066604 0.000241 
59420.098386 0.000244 
59420.130168 0.000248 
59420.161950 0.000251 
59420.193732 0.000255 
59420.225514 0.000259 
59420.257296 0.000262 
59420.289078 0.000266 
59420.320860 0.000270 
59420.352642 0.000274 
59420.384424 0.000278 
59420.416206 0.000282 
59420.447988 0.000286 
59420.479770 0.000290 
59420.511552 0.000295 
59420.543334 0.000299 
59420.575116 0.000303 
59420.606898 0.000308 
59420.638680 0.000312 
59420.670462 0.000317 
59420.702244 0.000321 
59420.734026 0.000326 
59420.765808 0.000331 
59420.797590 0.000335 
59420.829372 0.000340 
59420.861154 0.000345 
59420.892936 0.000349 
59420.924718 0.000354 
59420.956500 0.000359 
59420.988282 0.000364 
59421.020064 0.000368 
59421.051846 0.000373 
59421.083628 0.000378 
59421.115410 0.000382 
59421.147192 0.000387 
59421.178974 0.000392 
59421.210756 0.000396 
59421.242538 0.000401 
59421.274320 0.000406 
59421.306102 0.000410 
59421.337884 0.000415 
59421.369666 0.000419 
59421.401448 0.000424 
59421.433230 0.000428 
59421.465012 0.000432 
59421.496794 0.000437 
59421.528576 0.000441 
59421.560358 0.000445 
59421.592140 0.000449 
59421.623922 0.000453 
59421.655704 0.000457 
59421.687486 0.000461 
59421.719268 0.000465 
59421.751050 0.000468 
59421.782832 0.000472 
59421.814614 0.000476 
59421.846396 0.000479 
59421.878178 0.000482 
59421.909960 0.000486 
59421.941742 0.000489 
59421.973524 0.000492 
59422.005306 0.000495 
59422.037088 0.000497 
59422.068870 0.000500 
59422.100652 0.000503 
59422.132434 0.000505 
59422.164216 0.000507 
59422.195998 0.000509 
59422.227780 0.000512 
59422.259562 0.000513 
59422.291344 0.000515 
59422.323125 0.000517 
59422.354907 0.000518 
59422.386689 0.000520 
59422.418471 0.000521 
59422.450253 0.000522 
59422.482035 0.000523 
59422.513817 0.000524 
59422.545599 0.000524 
59422.577381 0.000525 
59422.609163 0.000525 
59422.640945 0.000525 
59422.672727 0.000525 
59422.704509 0.000525 
59422.736291 0.000525 
59422.768073 0.000524 
59422.799855 0.000523 
59422.831637 0.000523 
59422.863419 0.000522 
59422.895201 0.000521 
59422.926983 0.000519 
59422.958765 0.000518 
59422.990547 0.000516 
59423.022329 0.000514 
59423.054111 0.000512 
59423.085893 0.000510 
59423.117675 0.000508 
59423.149457 0.000505 
59423.181239 0.000503 
59423.213021 0.000500 
59423.244803 0.000497 
59423.276585 0.000494 
59423.308367 0.000491 
59423.340149 0.000487 
59423.371931 0.000484 
59423.403713 0.000480 
59423.435495 0.000476 
59423.467277 0.000472 
59423.499059 0.000468 
59423.530841 0.000463 
59423.562623 0.000459 
59423.594405 0.000454 
59423.626187 0.000449 
59423.657969 0.000444 
59423.689751 0.000439 
59423.721533 0.000434 
59423.753315 0.000429 
59423.785097 0.000423 
59423.816879 0.000418 
59423.848661 0.000412 
59423.880443 0.000406 
59423.912225 0.000400 
59423.944007 0.000394 
59423.975789 0.000387 
59424.007571 0.000381 
59424.039353 0.000375 
59424.071135 0.000368 
59424.102917 0.000361 
59424.134699 0.000354 
59424.166481 0.000347 
59424.198263 0.000340 
59424.230045 0.000333 
59424.261827 0.000326 
59424.293609 0.000319 
59424.325391 0.000311 
59424.357173 0.000304 
59424.388955 0.000296 
59424.420737 0.000289 
59424.452519 0.000281 
59424.484301 0.000273 
59424.516083 0.000266 
59424.547865 0.000258 
59424.579647 0.000250 
59424.611429 0.000242 
59424.643211 0.000234 
59424.674993 0.000226 
59424.706775 0.000218 
59424.738557 0.000210 
59424.770339 0.000202 
59424.802121 0.000194 
59424.833903 0.000185 
59424.865685 0.000177 
59424.897467 0.000169 
59424.929249 0.000161 
59424.961031 0.000153 
59424.992813 0.000145 
59425.024594 0.000136 
59425.056376 0.000128 
59425.088158 0.000120 
59425.119940 0.000112 
59425.151722 0.000104 
59425.183504 0.000096 
59425.215286 0.000088 
59425.247068 0.000080 
59425.278850 0.000072 
59425.310632 0.000064 
59425.342414 0.000056 
59425.374196 0.000048 
59425.405978 0.000041 
59425.437760 0.000033 
59425.469542 0.000025 
59425.501324 0.000018 
59425.533106 0.000010 
59425.564888 0.000003 
59425.596670 -0.000004 
59425.628452 -0.000012 
59425.660234 -0.000019 
59425.692016 -0.000026 
59425.723798 -0.000033 
59425.755580 -0.000039 
59425.787362 -0.000046 
59425.819144 -0.000053 
59425.850926 -0.000059 
59425.882708 -0.000066 
59425.914490 -0.000072 
59425.946272 -0.000078 
59425.978054 -0.000084 
59426.009836 -0.000090 
59426.041618 -0.000095 
59426.073400 -0.000101 
59426.105182 -0.000107 
59426.136964 -0.000112 
59426.168746 -0.000117 
59426.200528 -0.000122 
59426.232310 -0.000127 
59426.264092 -0.000132 
59426.295874 -0.000136 
59426.327656 -0.000141 
59426.359438 -0.000145 
59426.391220 -0.000149 
59426.423002 -0.000153 
59426.454784 -0.000157 
59426.486566 -0.000161 
59426.518348 -0.000164 
59426.550130 -0.000167 
59426.581912 -0.000171 
59426.613694 -0.000174 
59426.645476 -0.000176 
59426.677258 -0.000179 
59426.709040 -0.000181 
59426.740822 -0.000184 
59426.772604 -0.000186 
59426.804386 -0.000188 
59426.836168 -0.000190 
59426.867950 -0.000191 
59426.899732 -0.000193 
59426.931514 -0.000194 
59426.963296 -0.000195 
59426.995078 -0.000196 
59427.026860 -0.000197 
59427.058642 -0.000197 
59427.090424 -0.000198 
59427.122206 -0.000198 
59427.153988 -0.000198 
59427.185770 -0.000198 
59427.217552 -0.000198 
59427.249334 -0.000197 
59427.281116 -0.000196 
59427.312898 -0.000196 
59427.344680 -0.000195 
59427.376462 -0.000194 
59427.408244 -0.000192 
59427.440026 -0.000191 
59427.471808 -0.000189 
59427.503590 -0.000188 
59427.535372 -0.000186 
59427.567154 -0.000184 
59427.598936 -0.000181 
59427.630718 -0.000179 
59427.662500 -0.000177 
59427.694282 -0.000174 
59427.726063 -0.000171 
59427.757845 -0.000168 
59427.789627 -0.000165 
59427.821409 -0.000162 
59427.853191 -0.000159 
59427.884973 -0.000155 
59427.916755 -0.000152 
59427.948537 -0.000148 
59427.980319 -0.000144 
59428.012101 -0.000140 
59428.043883 -0.000136 
59428.075665 -0.000132 
59428.107447 -0.000128 
59428.139229 -0.000123 
59428.171011 -0.000119 
59428.202793 -0.000114 
59428.234575 -0.000110 
59428.266357 -0.000105 
59428.298139 -0.000100 
59428.329921 -0.000095 
59428.361703 -0.000091 
59428.393485 -0.000085 
59428.425267 -0.000080 
59428.457049 -0.000075 
59428.488831 -0.000070 
59428.520613 -0.000065 
59428.552395 -0.000059 
59428.584177 -0.000054 
59428.615959 -0.000049 
59428.647741 -0.000043 
59428.679523 -0.000038 
59428.711305 -0.000032 
59428.743087 -0.000027 
59428.774869 -0.000021 
59428.806651 -0.000015 
59428.838433 -0.000010 
59428.870215 -0.000004 
59428.901997 0.000002 
59428.933779 0.000007 
59428.965561 0.000013 
59428.997343 0.000019 
59429.029125 0.000024 
59429.060907 0.000030 
59429.092689 0.000035 
59429.124471 0.000041 
59429.156253 0.000047 
59429.188035 0.000052 
59429.219817 0.000058 
59429.251599 0.000063 
59429.283381 0.000069 
59429.315163 0.000074 
59429.346945 0.000079 
59429.378727 0.000085 
59429.410509 0.000090 
59429.442291 0.000095 
59429.474073 0.000100 
59429.505855 0.000105 
59429.537637 0.000110 
59429.569419 0.000115 
59429.601201 0.000120 
59429.632983 0.000125 
59429.664765 0.000130 
59429.696547 0.000134 
59429.728329 0.000139 
59429.760111 0.000143 
59429.791893 0.000147 
59429.823675 0.000152 
59429.855457 0.000156 
59429.887239 0.000160 
59429.919021 0.000164 
59429.950803 0.000168 
59429.982585 0.000171 
59430.014367 0.000175 
59430.046149 0.000179 
59430.077931 0.000182 
59430.109713 0.000185 
59430.141495 0.000189 
59430.173277 0.000192 
59430.205059 0.000194 
59430.236841 0.000197 
59430.268623 0.000200 
59430.300405 0.000203 
59430.332187 0.000205 
59430.363969 0.000207 
59430.395751 0.000209 
59430.427532 0.000211 
59430.459314 0.000213 
59430.491096 0.000215 
59430.522878 0.000217 
59430.554660 0.000218 
59430.586442 0.000220 
59430.618224 0.000221 
59430.650006 0.000222 
59430.681788 0.000223 
59430.713570 0.000224 
59430.745352 0.000224 
59430.777134 0.000225 
59430.808916 0.000225 
59430.840698 0.000226 
59430.872480 0.000226 
59430.904262 0.000226 
59430.936044 0.000226 
59430.967826 0.000225 
59430.999608 0.000225 
59431.031390 0.000224 
59431.063172 0.000224 
59431.094954 0.000223 
59431.126736 0.000222 
59431.158518 0.000221 
59431.190300 0.000220 
59431.222082 0.000218 
59431.253864 0.000217 
59431.285646 0.000215 
59431.317428 0.000214 
59431.349210 0.000212 
59431.380992 0.000210 
59431.412774 0.000208 
59431.444556 0.000206 
59431.476338 0.000203 
59431.508120 0.000201 
59431.539902 0.000198 
59431.571684 0.000196 
59431.603466 0.000193 
59431.635248 0.000190 
59431.667030 0.000187 
59431.698812 0.000184 
59431.730594 0.000181 
59431.762376 0.000178 
59431.794158 0.000174 
59431.825940 0.000171 
59431.857722 0.000167 
59431.889504 0.000164 
59431.921286 0.000160 
59431.953068 0.000156 
59431.984850 0.000152 
59432.016632 0.000148 
59432.048414 0.000144 
59432.080196 0.000140 
59432.111978 0.000136 
59432.143760 0.000132 
59432.175542 0.000128 
59432.207324 0.000123 
59432.239106 0.000119 
59432.270888 0.000114 
59432.302670 0.000110 
59432.334452 0.000105 
59432.366234 0.000101 
59432.398016 0.000096 
59432.429798 0.000092 
59432.461580 0.000087 
59432.493362 0.000082 
59432.525144 0.000077 
59432.556926 0.000073 
59432.588708 0.000352 
