# time Tc_folded Tref_folded value value_err offset model full_model val_compare val_compare_err residuals residuals_err jitter jitter_flag offset_flag subset_flag 
59334.700184 15.526893 0.000000 12.513036 0.102000 12.332007 -1.114411 11.466924 -0.068299 0.102000 1.046112 0.102000 1.327518  -1   2  -1 
59334.703954 15.530663 0.000079 12.338036 0.102000 12.332007 -1.114049 11.458261 -0.234273 0.102000 0.879775 0.102000 1.327518  -1   2  -1 
59334.711459 15.538168 0.000237 11.786036 0.102000 12.332007 -1.113326 11.440364 -0.767654 0.102000 0.345672 0.102000 1.327518  -1   2  -1 
59334.934601 15.761310 0.004921 12.027445 0.113000 12.497204 -1.091442 10.857361 0.078642 0.113000 1.170084 0.113000 1.327518  -1   3  -1 
59334.935678 15.762387 0.004944 9.957445 0.113000 12.497204 -1.091335 10.853660 -1.987549 0.113000 -0.896215 0.113000 1.327518  -1   3  -1 
59334.936754 15.763463 0.004967 9.409445 0.113000 12.497204 -1.091227 10.849969 -2.531752 0.113000 -1.440524 0.113000 1.327518  -1   3  -1 
59336.069824 16.896533 0.028755 9.820445 0.117000 12.497204 -0.969098 11.856681 -3.005334 0.117000 -2.036236 0.117000 1.327518  -1   3  -1 
59336.071983 16.898692 0.028800 12.385445 0.117000 12.497204 -0.968849 11.849405 -0.432810 0.117000 0.536040 0.117000 1.327518  -1   3  -1 
59336.073065 16.899774 0.028823 11.459445 0.117000 12.497204 -0.968724 11.845747 -1.355026 0.117000 -0.386302 0.117000 1.327518  -1   3  -1 
59336.087932 16.914641 0.029135 12.299016 0.109000 10.846865 -0.967008 10.144382 1.187627 0.109000 2.154634 0.109000 1.327518  -1   0  -1 
59336.113567 16.940276 0.029673 11.451016 0.109000 10.846865 -0.964041 10.053823 0.433152 0.109000 1.397193 0.109000 1.327518  -1   0  -1 
59336.116529 16.943238 0.029736 10.632016 0.109000 10.846865 -0.963698 10.043213 -0.374895 0.109000 0.588803 0.109000 1.327518  -1   0  -1 
59337.794690 18.621399 0.064968 11.758036 0.103000 12.332007 -0.753265 11.156585 -0.151815 0.103000 0.601451 0.103000 1.327518  -1   2  -1 
59337.802213 18.628922 0.065126 11.947036 0.103000 12.332007 -0.752258 11.166552 0.028226 0.103000 0.780484 0.103000 1.327518  -1   2  -1 
59337.805964 18.632673 0.065205 11.783036 0.103000 12.332007 -0.751755 11.171886 -0.140605 0.103000 0.611150 0.103000 1.327518  -1   2  -1 
59338.101617 18.928326 0.071412 12.022016 0.109000 10.846865 -0.711748 10.627196 0.683073 0.109000 1.394820 0.109000 1.327518  -1   0  -1 
59338.106766 18.933475 0.071520 11.620016 0.110000 10.846865 -0.711044 10.646914 0.262058 0.110000 0.973102 0.110000 1.327518  -1   0  -1 
59338.111894 18.938603 0.071627 11.480016 0.110000 10.846865 -0.710344 10.666434 0.103239 0.110000 0.813582 0.110000 1.327518  -1   0  -1 
59340.098120 20.924829 0.113327 7.644445 0.116000 12.497204 -0.424815 11.065344 -3.845714 0.116000 -3.420899 0.116000 1.327518  -1   3  -1 
59340.099194 20.925903 0.113350 10.253445 0.117000 12.497204 -0.424654 11.061715 -1.232924 0.117000 -0.808270 0.117000 1.327518  -1   3  -1 
59340.101354 20.928063 0.113395 9.977445 0.116000 12.497204 -0.424331 11.054462 -1.501349 0.116000 -1.077017 0.116000 1.327518  -1   3  -1 
59340.125153 20.951862 0.113895 10.201016 0.104000 10.846865 -0.420770 9.328528 0.451718 0.104000 0.872488 0.104000 1.327518  -1   0  -1 
59340.134329 20.961038 0.114088 10.066016 0.104000 10.846865 -0.419396 9.301600 0.345020 0.104000 0.764416 0.104000 1.327518  -1   0  -1 
59340.148161 20.974870 0.114378 9.340016 0.104000 10.846865 -0.417324 9.263482 -0.340790 0.104000 0.076534 0.104000 1.327518  -1   0  -1 
59341.954385 22.781094 0.152299 12.591445 0.119000 12.497204 -0.141131 11.371703 1.078611 0.119000 1.219742 0.119000 1.327518  -1   3  -1 
59341.957620 22.784329 0.152367 11.846445 0.119000 12.497204 -0.140629 11.383022 0.322794 0.119000 0.463423 0.119000 1.327518  -1   3  -1 
59341.958695 22.785404 0.152389 11.125445 0.119000 12.497204 -0.140462 11.386766 -0.401783 0.119000 -0.261321 0.119000 1.327518  -1   3  -1 
59341.996746 22.823455 0.153188 9.912016 0.107000 10.846865 -0.134562 9.862438 -0.084983 0.107000 0.049578 0.107000 1.327518  -1   0  -1 
59342.000684 22.827393 0.153271 11.168016 0.107000 10.846865 -0.133951 9.874653 1.159412 0.107000 1.293363 0.107000 1.327518  -1   0  -1 
59343.674792 -23.129823 0.188418 12.265036 0.104000 12.332007 0.126004 11.470477 0.920563 0.104000 0.794559 0.104000 1.327518  -1   2  -1 
59343.682301 -23.122314 0.188576 11.495036 0.104000 12.332007 0.127165 11.445034 0.177167 0.104000 0.050002 0.104000 1.327518  -1   2  -1 
59343.689815 -23.114800 0.188734 11.638036 0.104000 12.332007 0.128327 11.419130 0.347233 0.104000 0.218906 0.104000 1.327518  -1   2  -1 
59344.038460 -22.766155 0.196053 9.612016 0.106000 10.846865 0.182117 8.967214 0.826919 0.106000 0.644802 0.106000 1.327518  -1   0  -1 
59344.047124 -22.757491 0.196235 9.678016 0.105000 10.846865 0.183451 8.963514 0.897953 0.105000 0.714502 0.105000 1.327518  -1   0  -1 
59344.054785 -22.749830 0.196396 9.704016 0.105000 10.846865 0.184629 8.961411 0.927234 0.105000 0.742605 0.105000 1.327518  -1   0  -1 
59344.090520 -22.714095 0.197146 10.762445 0.117000 12.497204 0.190126 10.616501 0.336070 0.117000 0.145944 0.117000 1.327518  -1   3  -1 
59344.093753 -22.710862 0.197214 10.331445 0.117000 12.497204 0.190624 10.618114 -0.096045 0.117000 -0.286669 0.117000 1.327518  -1   3  -1 
59344.094826 -22.709789 0.197237 12.097445 0.117000 12.497204 0.190789 10.618692 1.669541 0.117000 1.478753 0.117000 1.327518  -1   3  -1 
59345.052239 -21.752376 0.217337 9.690016 0.106000 10.846865 0.336635 9.952825 0.073825 0.106000 -0.262809 0.106000 1.327518  -1   0  -1 
59345.054836 -21.749779 0.217392 9.351016 0.106000 10.846865 0.337026 9.942944 -0.254902 0.106000 -0.591928 0.106000 1.327518  -1   0  -1 
59345.062635 -21.741980 0.217555 9.182016 0.105000 10.846865 0.338201 9.913371 -0.393155 0.105000 -0.731355 0.105000 1.327518  -1   0  -1 
59348.691508 -18.113107 0.293742 9.657036 0.102000 12.332007 0.843450 11.866065 -1.365579 0.102000 -2.209029 0.102000 1.327518  -1   2  -1 
59348.699020 -18.105595 0.293900 11.244036 0.102000 12.332007 0.844381 11.844187 0.244230 0.102000 -0.600151 0.102000 1.327518  -1   2  -1 
59348.702790 -18.101825 0.293979 11.974036 0.103000 12.332007 0.844848 11.832918 0.985965 0.103000 0.141118 0.103000 1.327518  -1   2  -1 
59349.021951 -17.782664 0.300680 7.957016 0.108000 10.846865 0.883820 9.237956 -0.397119 0.108000 -1.280940 0.108000 1.327518  -1   0  -1 
59349.026999 -17.777616 0.300786 5.714016 0.108000 10.846865 0.884428 9.226372 -2.627928 0.108000 -3.512356 0.108000 1.327518  -1   0  -1 
59349.032064 -17.772551 0.300892 9.298016 0.109000 10.846865 0.885037 9.215156 0.967896 0.109000 0.082860 0.109000 1.327518  -1   0  -1 
59350.089948 -16.714667 0.323102 11.005016 0.104000 10.846865 1.005577 10.307662 1.702931 0.104000 0.697354 0.104000 1.327518  -1   0  -1 
59350.092419 -16.712196 0.323154 11.321016 0.104000 10.846865 1.005843 10.298927 2.027931 0.104000 1.022089 0.104000 1.327518  -1   0  -1 
59350.106715 -16.697900 0.323454 11.969016 0.104000 10.846865 1.007375 10.248247 2.728144 0.104000 1.720769 0.104000 1.327518  -1   0  -1 
59350.920251 -15.884364 0.340534 10.284016 0.105000 10.846865 1.089935 11.234654 0.139296 0.105000 -0.950638 0.105000 1.327518  -1   0  -1 
59351.708087 -15.096528 0.357074 10.082036 0.102000 12.332007 1.160567 11.764343 -0.521740 0.102000 -1.682307 0.102000 1.327518  -1   2  -1 
59351.715613 -15.089002 0.357232 8.813036 0.102000 12.332007 1.161194 11.769071 -1.794841 0.102000 -2.956035 0.102000 1.327518  -1   2  -1 
59351.726880 -15.077735 0.357468 9.479036 0.102000 12.332007 1.162132 11.778102 -1.136934 0.102000 -2.299066 0.102000 1.327518  -1   2  -1 
59352.098517 -14.706098 0.365271 10.912016 0.107000 10.846865 1.191883 11.508641 0.595258 0.107000 -0.596625 0.107000 1.327518  -1   0  -1 
59352.108322 -14.696293 0.365477 10.396016 0.107000 10.846865 1.192636 11.547935 0.040718 0.107000 -1.151919 0.107000 1.327518  -1   0  -1 
59352.122068 -14.682547 0.365765 11.479016 0.107000 10.846865 1.193690 11.601814 1.070892 0.107000 -0.122798 0.107000 1.327518  -1   0  -1 
59353.715347 -13.089268 0.399216 12.882036 0.106000 12.332007 1.292724 13.348236 0.826524 0.106000 -0.466200 0.106000 1.327518  -1   2  -1 
59353.719104 -13.085511 0.399294 13.429036 0.106000 12.332007 1.292900 13.338911 1.383026 0.106000 0.090125 0.106000 1.327518  -1   2  -1 
59353.722869 -13.081746 0.399373 15.656036 0.106000 12.332007 1.293077 13.329306 3.619807 0.106000 2.326730 0.106000 1.327518  -1   2  -1 
59354.076145 -12.728470 0.406790 10.993016 0.113000 10.846865 1.308370 10.421493 1.879893 0.113000 0.571523 0.113000 1.327518  -1   0  -1 
59354.101312 -12.703303 0.407319 10.347016 0.115000 10.846865 1.309363 10.338044 1.318334 0.115000 0.008972 0.115000 1.327518  -1   0  -1 
59354.104255 -12.700360 0.407380 10.555016 0.115000 10.846865 1.309478 10.328883 1.535611 0.115000 0.226133 0.115000 1.327518  -1   0  -1 
59356.710684 -10.093931 0.462101 8.178036 0.107000 12.332007 1.336655 9.643967 -0.129276 0.107000 -1.465931 0.107000 1.327518  -1   2  -1 
59356.721985 -10.082630 0.462339 8.616036 0.107000 12.332007 1.336430 9.623363 0.329102 0.107000 -1.007327 0.107000 1.327518  -1   2  -1 
59356.725745 -10.078870 0.462418 7.224036 0.107000 12.332007 1.336354 9.617036 -1.056646 0.107000 -2.393000 0.107000 1.327518  -1   2  -1 
59357.087914 -9.716701 0.470021 11.478445 0.116000 12.497204 1.327428 10.293340 2.512533 0.116000 1.185105 0.116000 1.327518  -1   3  -1 
59357.090082 -9.714533 0.470067 9.046445 0.116000 12.497204 1.327365 10.300845 0.072965 0.116000 -1.254400 0.116000 1.327518  -1   3  -1 
59357.092248 -9.712367 0.470112 11.123445 0.116000 12.497204 1.327302 10.308355 2.142391 0.116000 0.815090 0.116000 1.327518  -1   3  -1 
59358.923301 -7.881314 0.508554 9.632016 0.111000 10.846865 1.231896 8.974587 1.889325 0.111000 0.657429 0.111000 1.327518  -1   0  -1 
59358.931249 -7.873366 0.508721 9.002016 0.111000 10.846865 1.231297 8.947002 1.286311 0.111000 0.055014 0.111000 1.327518  -1   0  -1 
59358.937426 -7.867189 0.508851 9.394016 0.111000 10.846865 1.230831 8.925258 1.699589 0.111000 0.468758 0.111000 1.327518  -1   0  -1 
59358.952972 -7.851643 0.509177 11.744445 0.116000 12.497204 1.229653 10.519860 2.454238 0.116000 1.224585 0.116000 1.327518  -1   3  -1 
59358.954053 -7.850562 0.509200 9.716445 0.116000 12.497204 1.229571 10.515938 0.430078 0.116000 -0.799493 0.116000 1.327518  -1   3  -1 
59358.956208 -7.848407 0.509245 9.905445 0.116000 12.497204 1.229407 10.508102 0.626750 0.116000 -0.602657 0.116000 1.327518  -1   3  -1 
59361.683491 -5.121124 0.566503 11.014036 0.106000 12.332007 0.930253 10.626397 1.317892 0.106000 0.387639 0.106000 1.327518  -1   2  -1 
59361.687248 -5.117367 0.566582 10.757036 0.106000 12.332007 0.929720 10.616060 1.070697 0.106000 0.140976 0.106000 1.327518  -1   2  -1 
59361.691012 -5.113603 0.566661 10.074036 0.106000 12.332007 0.929186 10.605887 0.397335 0.106000 -0.531851 0.106000 1.327518  -1   2  -1 
59361.944566 -4.860049 0.571985 10.255016 0.107000 10.846865 0.892489 8.979793 2.167712 0.107000 1.275223 0.107000 1.327518  -1   0  -1 
59361.947357 -4.857258 0.572043 8.539016 0.107000 10.846865 0.892077 8.984676 0.446417 0.107000 -0.445660 0.107000 1.327518  -1   0  -1 
59361.957166 -4.847449 0.572249 9.884016 0.108000 10.846865 0.890629 9.002882 1.771763 0.108000 0.881134 0.108000 1.327518  -1   0  -1 
59362.136140 -4.668475 0.576007 11.463445 0.116000 12.497204 0.863852 11.215702 1.111595 0.116000 0.247743 0.116000 1.327518  -1   3  -1 
59362.137220 -4.667395 0.576029 11.289445 0.116000 12.497204 0.863688 11.220022 0.933112 0.116000 0.069423 0.116000 1.327518  -1   3  -1 
59362.138308 -4.666307 0.576052 11.254445 0.116000 12.497204 0.863524 11.224380 0.893589 0.116000 0.030065 0.116000 1.327518  -1   3  -1 
59364.917885 -1.886730 0.634408 10.797445 0.117000 12.497204 0.373896 12.497170 -1.325829 0.117000 -1.699725 0.117000 1.327518  -1   3  -1 
59364.918966 -1.885649 0.634431 13.743445 0.118000 12.497204 0.373685 12.499788 1.617341 0.118000 1.243657 0.118000 1.327518  -1   3  -1 
59364.921142 -1.883473 0.634477 12.322445 0.117000 12.497204 0.373259 12.505003 0.190701 0.117000 -0.182558 0.117000 1.327518  -1   3  -1 
59365.067320 -1.737295 0.637545 12.372016 0.109000 10.846865 0.344528 11.004822 1.711722 0.109000 1.367194 0.109000 1.327518  -1   0  -1 
59365.069993 -1.734622 0.637602 12.389016 0.109000 10.846865 0.344000 11.003578 1.729438 0.109000 1.385438 0.109000 1.327518  -1   0  -1 
59365.075398 -1.729217 0.637715 13.155016 0.109000 10.846865 0.342934 11.000613 2.497337 0.109000 2.154403 0.109000 1.327518  -1   0  -1 
59365.648355 -1.156260 0.649744 10.628036 0.104000 12.332007 0.228498 10.866991 -0.010457 0.104000 -0.238955 0.104000 1.327518  -1   2  -1 
59365.652118 -1.152497 0.649823 11.484036 0.104000 12.332007 0.227738 10.864826 0.846948 0.104000 0.619210 0.104000 1.327518  -1   2  -1 
59365.659667 -1.144948 0.649982 10.294036 0.105000 12.332007 0.226214 10.861273 -0.341023 0.105000 -0.567237 0.105000 1.327518  -1   2  -1 
59365.941188 -0.863427 0.655892 10.541016 0.109000 10.846865 0.169132 9.904373 0.805776 0.109000 0.636643 0.109000 1.327518  -1   0  -1 
59365.959824 -0.844791 0.656283 9.199016 0.108000 10.846865 0.165338 9.970638 -0.606284 0.108000 -0.771622 0.108000 1.327518  -1   0  -1 
59369.761210 2.956595 0.736092 8.228036 0.106000 12.332007 -0.594998 8.149989 -0.516951 0.106000 0.078047 0.106000 1.327518  -1   2  -1 
59369.768738 2.964123 0.736250 6.325036 0.106000 12.332007 -0.596382 8.170365 -2.441711 0.106000 -1.845329 0.106000 1.327518  -1   2  -1 
59369.776263 2.971648 0.736408 7.991036 0.106000 12.332007 -0.597764 8.190976 -0.797704 0.106000 -0.199940 0.106000 1.327518  -1   2  -1 
59369.910940 3.106325 0.739235 7.933445 0.117000 12.497204 -0.622365 8.723133 -1.412053 0.117000 -0.789688 0.117000 1.327518  -1   3  -1 
59369.912028 3.107413 0.739258 8.050445 0.117000 12.497204 -0.622563 8.725761 -1.297879 0.117000 -0.675316 0.117000 1.327518  -1   3  -1 
59369.913108 3.108493 0.739281 8.183445 0.117000 12.497204 -0.622759 8.728360 -1.167674 0.117000 -0.544915 0.117000 1.327518  -1   3  -1 
59370.023276 3.218661 0.741594 6.073016 0.109000 10.846865 -0.642673 7.271231 -1.840888 0.109000 -1.198215 0.109000 1.327518  -1   0  -1 
59370.025654 3.221039 0.741644 7.180016 0.109000 10.846865 -0.643101 7.273455 -0.736539 0.109000 -0.093439 0.109000 1.327518  -1   0  -1 
59370.030553 3.225938 0.741747 6.341016 0.110000 10.846865 -0.643982 7.277731 -1.580696 0.110000 -0.936715 0.110000 1.327518  -1   0  -1 
59374.802541 7.997926 0.841932 5.596036 0.107000 12.332007 -1.263024 7.043659 -2.710648 0.107000 -1.447623 0.107000 1.327518  -1   2  -1 
59374.806302 8.001687 0.842011 5.522036 0.107000 12.332007 -1.263292 7.057683 -2.798939 0.107000 -1.535647 0.107000 1.327518  -1   2  -1 
59374.810063 8.005448 0.842090 7.333036 0.107000 12.332007 -1.263560 7.071812 -1.002336 0.107000 0.261224 0.107000 1.327518  -1   2  -1 
59376.787767 9.983152 0.883611 6.897036 0.106000 12.332007 -1.352968 7.431713 -1.887645 0.106000 -0.534677 0.106000 1.327518  -1   2  -1 
59376.791518 9.986903 0.883690 6.839036 0.106000 12.332007 -1.353042 7.416434 -1.930439 0.106000 -0.577398 0.106000 1.327518  -1   2  -1 
59376.799035 9.994420 0.883848 4.539036 0.106000 12.332007 -1.353187 7.385863 -4.200015 0.106000 -2.846827 0.106000 1.327518  -1   2  -1 
59376.948922 10.144307 0.886995 7.490445 0.118000 12.497204 -1.355796 7.015742 -0.881093 0.118000 0.474703 0.118000 1.327518  -1   3  -1 
59376.951075 10.146460 0.887040 9.995445 0.118000 12.497204 -1.355830 7.009830 1.629785 0.118000 2.985615 0.118000 1.327518  -1   3  -1 
59376.952157 10.147542 0.887063 7.071445 0.118000 12.497204 -1.355846 7.006884 -1.291286 0.118000 0.064561 0.118000 1.327518  -1   3  -1 
59377.106321 10.301706 0.890299 4.323016 0.105000 10.846865 -1.357926 5.139030 -2.173940 0.105000 -0.816014 0.105000 1.327518  -1   0  -1 
59377.108935 10.304320 0.890354 6.659016 0.106000 10.846865 -1.357956 5.139095 0.161964 0.106000 1.519921 0.106000 1.327518  -1   0  -1 
59377.116326 10.311711 0.890509 6.710016 0.106000 10.846865 -1.358041 5.139978 0.211997 0.106000 1.570038 0.106000 1.327518  -1   0  -1 
59377.628949 10.824334 0.901272 6.412036 0.103000 12.332007 -1.360574 8.094444 -3.042981 0.103000 -1.682408 0.103000 1.327518  -1   2  -1 
59377.636479 10.831864 0.901430 8.793036 0.104000 12.332007 -1.360563 8.111055 -0.678582 0.104000 0.681981 0.104000 1.327518  -1   2  -1 
59377.640253 10.835638 0.901509 8.817036 0.104000 12.332007 -1.360557 8.119028 -0.662548 0.104000 0.698008 0.104000 1.327518  -1   2  -1 
59378.026109 11.221494 0.909610 7.354016 0.112000 10.846865 -1.358124 6.093944 -0.098052 0.112000 1.260072 0.112000 1.327518  -1   0  -1 
59378.031599 11.226984 0.909725 6.618016 0.112000 10.846865 -1.358064 6.072580 -0.812628 0.112000 0.545436 0.112000 1.327518  -1   0  -1 
59378.035635 11.231020 0.909810 4.879016 0.113000 10.846865 -1.358019 6.056835 -2.535838 0.113000 -1.177819 0.113000 1.327518  -1   0  -1 
59379.024886 12.220271 0.930579 7.645016 0.112000 10.846865 -1.335606 6.981235 -0.671825 0.112000 0.663781 0.112000 1.327518  -1   0  -1 
59379.027585 12.222970 0.930635 6.054016 0.112000 10.846865 -1.335515 6.981486 -2.262985 0.112000 -0.927470 0.112000 1.327518  -1   0  -1 
59379.734125 12.929510 0.945469 7.982036 0.106000 12.332007 -1.306126 7.170437 -0.494527 0.106000 0.811599 0.106000 1.327518  -1   2  -1 
59379.737891 12.933276 0.945548 7.372036 0.106000 12.332007 -1.305941 7.177936 -1.111841 0.106000 0.194100 0.106000 1.327518  -1   2  -1 
59379.749170 12.944555 0.945785 5.973036 0.107000 12.332007 -1.305385 7.201806 -2.534155 0.107000 -1.228770 0.107000 1.327518  -1   2  -1 
59379.927944 13.123329 0.949538 6.373016 0.111000 10.846865 -1.296223 6.317872 -1.241078 0.111000 0.055144 0.111000 1.327518  -1   0  -1 
59379.940910 13.136295 0.949810 6.288016 0.111000 10.846865 -1.295533 6.372020 -1.379536 0.111000 -0.084004 0.111000 1.327518  -1   0  -1 
59379.943737 13.139122 0.949870 7.458016 0.111000 10.846865 -1.295382 6.383899 -0.221265 0.111000 1.074117 0.111000 1.327518  -1   0  -1 
59380.041449 13.236834 0.951921 9.142445 0.118000 12.497204 -1.290066 8.444170 -0.591791 0.118000 0.698275 0.118000 1.327518  -1   3  -1 
59380.044695 13.240080 0.951989 7.565445 0.118000 12.497204 -1.289886 8.457244 -2.181686 0.118000 -0.891799 0.118000 1.327518  -1   3  -1 
59380.045775 13.241160 0.952012 9.611445 0.118000 12.497204 -1.289826 8.461579 -0.139961 0.118000 1.149866 0.118000 1.327518  -1   3  -1 
59381.742082 14.937467 0.987625 8.717036 0.105000 12.332007 -1.168362 8.726382 -1.177709 0.105000 -0.009346 0.105000 1.327518  -1   2  -1 
59381.745840 14.941225 0.987704 8.304036 0.105000 12.332007 -1.168036 8.713402 -1.577402 0.105000 -0.409366 0.105000 1.327518  -1   2  -1 
59381.749613 14.944998 0.987783 6.563036 0.106000 12.332007 -1.167709 8.700198 -3.304870 0.106000 -2.137162 0.106000 1.327518  -1   2  -1 
59381.964035 15.159420 0.992285 6.574016 0.108000 10.846865 -1.148703 6.352354 -0.927041 0.108000 0.221662 0.108000 1.327518  -1   0  -1 
59381.966642 15.162027 0.992340 8.862016 0.108000 10.846865 -1.148467 6.342597 1.370952 0.108000 2.519419 0.108000 1.327518  -1   0  -1 
59381.969218 15.164603 0.992394 7.504016 0.108000 10.846865 -1.148234 6.333020 0.022762 0.108000 1.170996 0.108000 1.327518  -1   0  -1 
59382.115350 15.310735 0.995462 9.156445 0.114000 12.497204 -1.134842 7.581452 0.440151 0.114000 1.574993 0.114000 1.327518  -1   3  -1 
59382.116432 15.311817 0.995485 8.099445 0.114000 12.497204 -1.134741 7.579731 -0.615027 0.114000 0.519714 0.114000 1.327518  -1   3  -1 
59382.117507 15.312892 0.995507 7.782445 0.114000 12.497204 -1.134641 7.578041 -0.930238 0.114000 0.204404 0.114000 1.327518  -1   3  -1 
59383.644277 16.839662 0.027561 7.106036 0.103000 12.332007 -0.975637 6.817773 -0.687374 0.103000 0.288263 0.103000 1.327518  -1   2  -1 
59383.648053 16.843438 0.027640 6.152036 0.103000 12.332007 -0.975204 6.826579 -1.649747 0.103000 -0.674543 0.103000 1.327518  -1   2  -1 
59383.655584 16.850969 0.027798 4.102036 0.103000 12.332007 -0.974340 6.844613 -3.716917 0.103000 -2.742577 0.103000 1.327518  -1   2  -1 
59383.978595 17.173980 0.034580 8.054445 0.119000 12.497204 -0.936623 7.887039 -0.769217 0.119000 0.167406 0.119000 1.327518  -1   3  -1 
59383.979676 17.175061 0.034603 10.057445 0.119000 12.497204 -0.936495 7.888635 1.232315 0.119000 2.168810 0.119000 1.327518  -1   3  -1 
59383.981846 17.177231 0.034648 10.101445 0.119000 12.497204 -0.936237 7.891783 1.273425 0.119000 2.209662 0.119000 1.327518  -1   3  -1 
59383.992473 17.187858 0.034871 5.816016 0.106000 10.846865 -0.934974 6.255729 -1.374687 0.106000 -0.439713 0.106000 1.327518  -1   0  -1 
59384.002278 17.197663 0.035077 5.494016 0.107000 10.846865 -0.933808 6.267199 -1.706990 0.107000 -0.773183 0.107000 1.327518  -1   0  -1 
59384.007238 17.202623 0.035181 6.542016 0.106000 10.846865 -0.933217 6.272358 -0.663560 0.106000 0.269658 0.106000 1.327518  -1   0  -1 
59384.628010 17.823395 0.048214 7.086036 0.099000 12.332007 -0.857085 5.875599 0.353352 0.099000 1.210437 0.099000 1.327518  -1   2  -1 
59384.631782 17.827167 0.048293 7.844036 0.100000 12.332007 -0.856610 5.866477 1.120949 0.100000 1.977559 0.100000 1.327518  -1   2  -1 
59384.635541 17.830926 0.048372 5.998036 0.100000 12.332007 -0.856136 5.857637 -0.715736 0.100000 0.140399 0.100000 1.327518  -1   2  -1 
59385.055212 18.250597 0.057183 5.790016 0.108000 10.846865 -0.802283 4.867150 0.120582 0.108000 0.922866 0.108000 1.327518  -1   0  -1 
59385.061472 18.256857 0.057314 5.595016 0.108000 10.846865 -0.801467 4.888343 -0.094794 0.108000 0.706673 0.108000 1.327518  -1   0  -1 
59385.063906 18.259291 0.057366 5.283016 0.108000 10.846865 -0.801149 4.896583 -0.414716 0.108000 0.386433 0.108000 1.327518  -1   0  -1 
59387.920967 21.116352 0.117348 6.280016 0.107000 10.846865 -0.396085 6.135684 -0.251752 0.107000 0.144332 0.107000 1.327518  -1   0  -1 
59387.926477 21.121862 0.117464 8.525016 0.107000 10.846865 -0.395256 6.138122 1.991638 0.107000 2.386894 0.107000 1.327518  -1   0  -1 
59387.929412 21.124797 0.117526 6.352016 0.107000 10.846865 -0.394814 6.139170 -0.181968 0.107000 0.212846 0.107000 1.327518  -1   0  -1 
59388.644350 21.839735 0.132536 8.653036 0.103000 12.332007 -0.286263 6.741337 1.625437 0.103000 1.911699 0.103000 1.327518  -1   2  -1 
59388.659397 21.854782 0.132851 7.371036 0.104000 12.332007 -0.283959 6.785688 0.301388 0.104000 0.585348 0.104000 1.327518  -1   2  -1 
59388.663148 21.858533 0.132930 8.175036 0.104000 12.332007 -0.283385 6.797295 1.094355 0.104000 1.377741 0.104000 1.327518  -1   2  -1 
59388.965674 22.161059 0.139282 6.242016 0.109000 10.846865 -0.236943 6.633942 -0.628869 0.109000 -0.391926 0.109000 1.327518  -1   0  -1 
59388.967365 22.162750 0.139317 6.920445 0.117000 12.497204 -0.236683 8.291623 -1.607861 0.117000 -1.371178 0.117000 1.327518  -1   3  -1 
59388.968252 22.163637 0.139336 4.378016 0.109000 10.846865 -0.236546 6.645125 -2.503655 0.109000 -2.267109 0.109000 1.327518  -1   0  -1 
59388.968449 22.163834 0.139340 6.153445 0.117000 12.497204 -0.236516 8.296315 -2.379386 0.117000 -2.142870 0.117000 1.327518  -1   3  -1 
59388.969524 22.164909 0.139362 7.251445 0.117000 12.497204 -0.236350 8.300958 -1.285863 0.117000 -1.049513 0.117000 1.327518  -1   3  -1 
59388.970854 22.166239 0.139390 4.576016 0.109000 10.846865 -0.236146 6.656348 -2.316478 0.109000 -2.080332 0.109000 1.327518  -1   0  -1 
59389.809335 23.004720 0.156994 9.271036 0.098000 12.332007 -0.106431 7.667123 1.497481 0.098000 1.603913 0.098000 1.327518  -1   2  -1 
59389.828264 23.023649 0.157391 8.909036 0.097000 12.332007 -0.103492 7.687681 1.117863 0.097000 1.221355 0.097000 1.327518  -1   2  -1 
59389.832028 23.027413 0.157470 9.154036 0.096000 12.332007 -0.102907 7.692561 1.358568 0.096000 1.461475 0.096000 1.327518  -1   2  -1 
59389.926150 23.121535 0.159446 10.903445 0.118000 12.497204 -0.088287 8.061474 2.753685 0.118000 2.841971 0.118000 1.327518  -1   3  -1 
59389.928313 23.123698 0.159492 8.793445 0.118000 12.497204 -0.087951 8.067891 0.637603 0.118000 0.725554 0.118000 1.327518  -1   3  -1 
59389.929388 23.124773 0.159514 8.906445 0.118000 12.497204 -0.087784 8.071107 0.747554 0.118000 0.835338 0.118000 1.327518  -1   3  -1 
59389.952568 23.147953 0.160001 6.474016 0.108000 10.846865 -0.084182 6.494304 -0.104470 0.108000 -0.020288 0.108000 1.327518  -1   0  -1 
59389.957794 23.153179 0.160111 5.317016 0.108000 10.846865 -0.083370 6.511950 -1.278304 0.108000 -1.194934 0.108000 1.327518  -1   0  -1 
59389.966851 23.162236 0.160301 6.199016 0.107000 10.846865 -0.081962 6.543417 -0.426363 0.107000 -0.344401 0.107000 1.327518  -1   0  -1 
59392.835547 -21.600392 0.220528 10.331036 0.103000 12.332007 0.359480 11.226635 -0.536119 0.103000 -0.895599 0.103000 1.327518  -1   2  -1 
59392.843066 -21.592873 0.220686 10.441036 0.103000 12.332007 0.360607 11.252095 -0.450451 0.103000 -0.811059 0.103000 1.327518  -1   2  -1 
59392.846825 -21.589114 0.220765 9.767036 0.103000 12.332007 0.361171 11.264517 -1.136310 0.103000 -1.497481 0.103000 1.327518  -1   2  -1 
59393.111566 -21.324373 0.226323 12.567016 0.109000 10.846865 0.400705 9.999049 2.968673 0.109000 2.567967 0.109000 1.327518  -1   0  -1 
59393.114447 -21.321492 0.226383 11.103016 0.109000 10.846865 0.401134 9.994042 1.510108 0.109000 1.108974 0.109000 1.327518  -1   0  -1 
59393.123097 -21.312842 0.226565 9.965016 0.109000 10.846865 0.402420 9.978192 0.389244 0.109000 -0.013176 0.109000 1.327518  -1   0  -1 
59397.703574 -16.732365 0.322730 12.270036 0.104000 12.332007 1.003676 11.055704 2.218008 0.104000 1.214332 0.104000 1.327518  -1   2  -1 
59397.714844 -16.721095 0.322967 11.475036 0.104000 12.332007 1.004887 11.089538 1.390385 0.104000 0.385498 0.104000 1.327518  -1   2  -1 
59397.718600 -16.717339 0.323046 11.622036 0.104000 12.332007 1.005291 11.100918 1.526408 0.104000 0.521118 0.104000 1.327518  -1   2  -1 
59397.891478 -16.544461 0.326675 10.351016 0.106000 10.846865 1.023648 10.110054 1.264610 0.106000 0.240962 0.106000 1.327518  -1   0  -1 
59397.896665 -16.539274 0.326784 10.505016 0.106000 10.846865 1.024193 10.121471 1.407738 0.106000 0.383545 0.106000 1.327518  -1   0  -1 
59397.899199 -16.536740 0.326837 10.793016 0.106000 10.846865 1.024459 10.126925 1.690550 0.106000 0.666091 0.106000 1.327518  -1   0  -1 
59398.093478 -16.342461 0.330916 9.225445 0.118000 12.497204 1.044584 11.874663 -1.604633 0.118000 -2.649218 0.118000 1.327518  -1   3  -1 
59398.094558 -16.341381 0.330939 12.796445 0.117000 12.497204 1.044695 11.873151 1.967989 0.117000 0.923294 0.117000 1.327518  -1   3  -1 
59398.096718 -16.339221 0.330984 10.478445 0.117000 12.497204 1.044916 11.870056 -0.346696 0.117000 -1.391611 0.117000 1.327518  -1   3  -1 
59401.792180 -12.643759 0.408569 10.003036 0.105000 12.332007 1.311658 10.437217 0.877477 0.105000 -0.434181 0.105000 1.327518  -1   2  -1 
59401.795940 -12.639999 0.408648 9.622036 0.106000 12.332007 1.311801 10.445296 0.488541 0.106000 -0.823260 0.106000 1.327518  -1   2  -1 
59401.799701 -12.636238 0.408727 10.338036 0.105000 12.332007 1.311943 10.453123 1.196856 0.105000 -0.115087 0.105000 1.327518  -1   2  -1 
59401.885991 -12.549948 0.410538 9.301016 0.108000 10.846865 1.315126 9.073326 1.542816 0.108000 0.227690 0.108000 1.327518  -1   0  -1 
59401.888644 -12.547295 0.410594 10.478016 0.107000 10.846865 1.315221 9.074221 2.719016 0.107000 1.403795 0.107000 1.327518  -1   0  -1 
59401.892602 -12.543337 0.410677 10.397016 0.107000 10.846865 1.315363 9.075292 2.637087 0.107000 1.321724 0.107000 1.327518  -1   0  -1 
59401.927059 -12.508880 0.411401 10.789000 0.120000 13.436014 1.316586 11.660440 0.445145 0.120000 -0.871440 0.120000 1.327518  -1   1  -1 
59401.927765 -12.508174 0.411415 11.705000 0.120000 13.436014 1.316611 11.660111 1.361500 0.120000 0.044889 0.120000 1.327518  -1   1  -1 
59401.929177 -12.506762 0.411445 11.050000 0.120000 13.436014 1.316660 11.659422 0.707239 0.120000 -0.609422 0.120000 1.327518  -1   1  -1 
59401.992049 -12.443890 0.412765 12.236445 0.121000 12.497204 1.318824 10.651464 2.903805 0.121000 1.584981 0.121000 1.327518  -1   3  -1 
59401.994207 -12.441732 0.412810 12.383445 0.122000 12.497204 1.318897 10.647820 3.054522 0.122000 1.735625 0.122000 1.327518  -1   3  -1 
59401.995280 -12.440659 0.412833 11.654445 0.122000 12.497204 1.318933 10.645979 2.327399 0.122000 1.008466 0.122000 1.327518  -1   3  -1 
59402.794210 -11.641729 0.429606 10.546036 0.105000 12.332007 1.338985 10.170765 1.714256 0.105000 0.375271 0.105000 1.327518  -1   2  -1 
59402.797974 -11.637965 0.429685 9.392036 0.105000 12.332007 1.339046 10.187696 0.543386 0.105000 -0.795660 0.105000 1.327518  -1   2  -1 
59402.801729 -11.634210 0.429764 10.372036 0.105000 12.332007 1.339107 10.204636 1.506507 0.105000 0.167400 0.105000 1.327518  -1   2  -1 
59402.966503 -11.469436 0.433223 11.189000 0.117000 13.436014 1.341467 12.027653 0.502814 0.117000 -0.838653 0.117000 1.327518  -1   1  -1 
59402.968621 -11.467318 0.433268 14.018000 0.117000 13.436014 1.341493 12.035671 3.323823 0.117000 1.982329 0.117000 1.327518  -1   1  -1 
59402.969327 -11.466612 0.433282 13.132000 0.117000 13.436014 1.341502 12.038332 2.435170 0.117000 1.093668 0.117000 1.327518  -1   1  -1 
59402.970612 -11.465327 0.433309 11.095445 0.117000 12.497204 1.341518 11.104350 1.332613 0.117000 -0.008905 0.117000 1.327518  -1   3  -1 
59402.971692 -11.464247 0.433332 13.128445 0.117000 12.497204 1.341531 11.108392 3.361585 0.117000 2.020053 0.117000 1.327518  -1   3  -1 
59402.972765 -11.463174 0.433355 12.770445 0.117000 12.497204 1.341545 11.112394 2.999596 0.117000 1.658051 0.117000 1.327518  -1   3  -1 
59403.889282 -10.546657 0.452597 10.672000 0.121000 13.436014 1.343170 11.404954 0.610217 0.121000 -0.732954 0.121000 1.327518  -1   1  -1 
59403.890693 -10.545246 0.452626 11.039000 0.121000 13.436014 1.343158 11.408504 0.973653 0.121000 -0.369504 0.121000 1.327518  -1   1  -1 
59403.891398 -10.544541 0.452641 10.586000 0.121000 13.436014 1.343151 11.410290 0.518861 0.121000 -0.824290 0.121000 1.327518  -1   1  -1 
59403.992215 -10.443724 0.454758 8.990016 0.107000 10.846865 1.342121 9.146950 1.185188 0.107000 -0.156934 0.107000 1.327518  -1   0  -1 
59404.001960 -10.433979 0.454962 9.910016 0.108000 10.846865 1.342009 9.184620 2.067405 0.108000 0.725396 0.108000 1.327518  -1   0  -1 
59404.004362 -10.431577 0.455013 9.362016 0.108000 10.846865 1.341981 9.194035 1.509962 0.108000 0.167981 0.108000 1.327518  -1   0  -1 
59404.084675 -10.351264 0.456699 10.388445 0.117000 12.497204 1.340963 11.180327 0.549081 0.117000 -0.791882 0.117000 1.327518  -1   3  -1 
59404.085749 -10.350190 0.456721 12.446445 0.117000 12.497204 1.340949 11.184995 2.602398 0.117000 1.261450 0.117000 1.327518  -1   3  -1 
59404.086835 -10.349104 0.456744 11.398445 0.117000 12.497204 1.340934 11.189718 1.549661 0.117000 0.208727 0.117000 1.327518  -1   3  -1 
59405.737353 -8.698586 0.491396 13.281036 0.105000 12.332007 1.284912 12.226655 2.339293 0.105000 1.054381 0.105000 1.327518  -1   2  -1 
59405.748644 -8.687295 0.491633 13.121036 0.104000 12.332007 1.284295 12.214193 2.191138 0.104000 0.906843 0.104000 1.327518  -1   2  -1 
59405.756176 -8.679763 0.491791 12.271036 0.105000 12.332007 1.283882 12.204464 1.350454 0.105000 0.066572 0.105000 1.327518  -1   2  -1 
59405.855588 -8.580351 0.493878 13.100000 0.119000 13.436014 1.278288 13.083039 1.295250 0.119000 0.016961 0.119000 1.327518  -1   1  -1 
59405.857000 -8.578939 0.493908 13.186000 0.119000 13.436014 1.278207 13.078690 1.385517 0.119000 0.107310 0.119000 1.327518  -1   1  -1 
59405.857706 -8.578233 0.493923 13.044000 0.120000 13.436014 1.278166 13.076505 1.245661 0.120000 -0.032505 0.120000 1.327518  -1   1  -1 
59406.106963 -8.328976 0.499156 13.801445 0.114000 12.497204 1.263030 11.190977 3.873498 0.114000 2.610468 0.114000 1.327518  -1   3  -1 
59406.108044 -8.327895 0.499179 12.581445 0.114000 12.497204 1.262961 11.187237 2.657169 0.114000 1.394208 0.114000 1.327518  -1   3  -1 
59406.109128 -8.326811 0.499201 12.133445 0.114000 12.497204 1.262892 11.183499 2.212838 0.114000 0.949946 0.114000 1.327518  -1   3  -1 
59407.864238 -6.571701 0.536049 14.678000 0.122000 13.436014 1.111840 12.146394 3.643446 0.122000 2.531606 0.122000 1.327518  -1   1  -1 
59407.866356 -6.569583 0.536094 12.817000 0.122000 13.436014 1.111611 12.154113 1.774498 0.122000 0.662887 0.122000 1.327518  -1   1  -1 
59407.867063 -6.568876 0.536108 12.694000 0.122000 13.436014 1.111535 12.156694 1.648840 0.122000 0.537306 0.122000 1.327518  -1   1  -1 
59408.161045 -6.274894 0.542280 10.715016 0.108000 10.846865 1.078729 10.455780 1.337965 0.108000 0.259236 0.108000 1.327518  -1   0  -1 
59408.163430 -6.272509 0.542331 10.337016 0.108000 10.846865 1.078454 10.458581 0.956889 0.108000 -0.121565 0.108000 1.327518  -1   0  -1 
59408.165807 -6.270132 0.542380 9.894016 0.108000 10.846865 1.078180 10.461265 0.510931 0.108000 -0.567249 0.108000 1.327518  -1   0  -1 
59411.082909 -3.353030 0.603624 10.267445 0.119000 12.497204 0.647731 10.267947 0.647230 0.119000 -0.000502 0.119000 1.327518  -1   3  -1 
59411.083984 -3.351955 0.603646 12.253445 0.119000 12.497204 0.647542 10.262851 2.638136 0.119000 1.990594 0.119000 1.327518  -1   3  -1 
59411.085060 -3.350879 0.603669 9.185445 0.119000 12.497204 0.647352 10.257752 -0.424954 0.119000 -1.072307 0.119000 1.327518  -1   3  -1 
59411.109436 -3.326503 0.604181 10.787016 0.107000 10.846865 0.643053 8.492387 2.937682 0.107000 2.294629 0.107000 1.327518  -1   0  -1 
59411.114634 -3.321305 0.604290 8.018016 0.107000 10.846865 0.642135 8.468062 0.192089 0.107000 -0.450046 0.107000 1.327518  -1   0  -1 
59411.121738 -3.314201 0.604439 8.342016 0.108000 10.846865 0.640879 8.434987 0.547908 0.108000 -0.092971 0.108000 1.327518  -1   0  -1 
59418.956092 4.520153 0.768918 5.977016 0.107000 10.846865 -0.861961 6.430274 -1.315219 0.107000 -0.453258 0.107000 1.327518  -1   0  -1 
59418.958787 4.522848 0.768975 6.395016 0.107000 10.846865 -0.862382 6.427687 -0.895052 0.107000 -0.032671 0.107000 1.327518  -1   0  -1 
59418.965560 4.529621 0.769117 6.673016 0.107000 10.846865 -0.863438 6.421770 -0.612192 0.107000 0.251246 0.107000 1.327518  -1   0  -1 
59418.981323 4.545384 0.769448 7.893445 0.107000 12.497204 -0.865892 8.061609 -1.034055 0.107000 -0.168164 0.107000 1.327518  -1   3  -1 
59418.982407 4.546468 0.769470 8.979445 0.107000 12.497204 -0.866060 8.061056 0.052329 0.107000 0.918389 0.107000 1.327518  -1   3  -1 
59418.983485 4.547546 0.769493 8.108445 0.107000 12.497204 -0.866228 8.060528 -0.818311 0.107000 0.047917 0.107000 1.327518  -1   3  -1 
59419.756507 5.320568 0.785722 11.061036 0.103000 12.332007 -0.979986 9.512127 0.568923 0.103000 1.548909 0.103000 1.327518  -1   2  -1 
59419.775306 5.339367 0.786117 12.721036 0.103000 12.332007 -0.982587 9.475742 2.262706 0.103000 3.245294 0.103000 1.327518  -1   2  -1 
59419.779068 5.343129 0.786196 13.350036 0.103000 12.332007 -0.983107 9.467720 2.899210 0.103000 3.882316 0.103000 1.327518  -1   2  -1 
59419.947893 5.511954 0.789740 7.333016 0.111000 10.846865 -1.006086 7.438514 -1.111584 0.111000 -0.105498 0.111000 1.327518  -1   0  -1 
59419.986504 5.550565 0.790551 5.470016 0.111000 10.846865 -1.011248 7.289770 -2.831001 0.111000 -1.819754 0.111000 1.327518  -1   0  -1 
59419.990052 5.554113 0.790626 5.020016 0.111000 10.846865 -1.011721 7.276181 -3.267886 0.111000 -2.256165 0.111000 1.327518  -1   0  -1 
59420.037408 5.601469 0.791620 6.331445 0.104000 12.497204 -1.018000 8.750085 -3.436640 0.104000 -2.418640 0.104000 1.327518  -1   3  -1 
59420.038492 5.602553 0.791643 6.759445 0.104000 12.497204 -1.018144 8.746198 -3.004896 0.104000 -1.986753 0.104000 1.327518  -1   3  -1 
59420.040662 5.604723 0.791688 9.441445 0.104000 12.497204 -1.018430 8.738442 -0.315427 0.104000 0.703003 0.104000 1.327518  -1   3  -1 
59420.700637 6.264698 0.805544 11.222036 0.104000 12.332007 -1.100304 9.340903 0.780829 0.104000 1.881133 0.104000 1.327518  -1   2  -1 
59420.708153 6.272214 0.805702 12.511036 0.104000 12.332007 -1.101175 9.369997 2.039865 0.104000 3.141039 0.104000 1.327518  -1   2  -1 
59420.715676 6.279737 0.805860 9.715036 0.104000 12.332007 -1.102045 9.398664 -0.785673 0.104000 0.316372 0.104000 1.327518  -1   2  -1 
59420.873617 6.437678 0.809176 11.323000 0.133000 13.436014 -1.119996 10.939691 -0.736687 0.133000 0.383309 0.133000 1.327518  -1   1  -1 
59420.874323 6.438384 0.809190 10.582000 0.133000 13.436014 -1.120075 10.940728 -1.478804 0.133000 -0.358728 0.133000 1.327518  -1   1  -1 
59420.875735 6.439796 0.809220 13.235000 0.133000 13.436014 -1.120233 10.942775 1.171992 0.133000 2.292225 0.133000 1.327518  -1   1  -1 
59420.988150 6.552211 0.811580 11.459445 0.109000 12.497204 -1.132623 10.039845 0.286976 0.109000 1.419600 0.109000 1.327518  -1   3  -1 
59420.990293 6.554354 0.811625 8.740445 0.109000 12.497204 -1.132856 10.038076 -2.430488 0.109000 -1.297631 0.109000 1.327518  -1   3  -1 
59420.991383 6.555444 0.811648 9.562445 0.109000 12.497204 -1.132975 10.037142 -1.607672 0.109000 -0.474697 0.109000 1.327518  -1   3  -1 
59421.112099 6.676160 0.814183 4.962016 0.109000 10.846865 -1.145915 8.154339 -4.338238 0.109000 -3.192323 0.109000 1.327518  -1   0  -1 
59421.130285 6.694346 0.814564 6.401016 0.109000 10.846865 -1.147832 8.100915 -2.847732 0.109000 -1.699899 0.109000 1.327518  -1   0  -1 
59421.136709 6.700770 0.814699 5.004016 0.109000 10.846865 -1.148508 8.081197 -4.225689 0.109000 -3.077181 0.109000 1.327518  -1   0  -1 
59422.687448 8.251509 0.847256 11.492036 0.105000 12.332007 -1.280266 9.541830 0.669940 0.105000 1.950206 0.105000 1.327518  -1   2  -1 
59422.694983 8.259044 0.847415 12.344036 0.105000 12.332007 -1.280753 9.529468 1.533815 0.105000 2.814568 0.105000 1.327518  -1   2  -1 
59422.702516 8.266577 0.847573 10.777036 0.105000 12.332007 -1.281238 9.518005 -0.022207 0.105000 1.259031 0.105000 1.327518  -1   2  -1 
59422.871553 8.435614 0.851122 10.382000 0.132000 13.436014 -1.291723 10.629998 -1.539720 0.132000 -0.247998 0.132000 1.327518  -1   1  -1 
59422.873670 8.437731 0.851166 9.373000 0.132000 13.436014 -1.291849 10.633459 -2.552308 0.132000 -1.260459 0.132000 1.327518  -1   1  -1 
59422.874376 8.438437 0.851181 10.685000 0.132000 13.436014 -1.291892 10.634631 -1.241523 0.132000 0.050369 0.132000 1.327518  -1   1  -1 
59423.678423 9.242484 0.868061 12.215036 0.105000 12.332007 -1.331427 11.343465 -0.459855 0.105000 0.871571 0.105000 1.327518  -1   2  -1 
59423.685999 9.250060 0.868220 12.980036 0.105000 12.332007 -1.331719 11.321878 0.326439 0.105000 1.658158 0.105000 1.327518  -1   2  -1 
59423.689751 9.253812 0.868299 12.776036 0.105000 12.332007 -1.331863 11.310985 0.133188 0.105000 1.465051 0.105000 1.327518  -1   2  -1 
