# time Tc_folded Tref_folded value value_err offset model full_model val_compare val_compare_err residuals residuals_err jitter jitter_flag offset_flag subset_flag 
59334.700184 -0.167964 0.000000 12.513036 0.102000 15.499329 0.671914 11.738602 1.446348 0.102000 0.774434 0.102000 1.251573  -1   2  -1 
59334.703954 -0.164194 0.002971 12.338036 0.102000 15.499329 0.661178 11.731928 1.267286 0.102000 0.606108 0.102000 1.251573  -1   2  -1 
59334.711459 -0.156689 0.008884 11.786036 0.102000 15.499329 0.639031 11.717953 0.707114 0.102000 0.068083 0.102000 1.251573  -1   2  -1 
59334.934601 0.066453 0.184709 12.027445 0.113000 15.612095 -0.272026 11.201550 0.553869 0.113000 0.825895 0.113000 1.251573  -1   3  -1 
59334.935678 0.067530 0.185557 9.957445 0.113000 15.612095 -0.276453 11.198599 -1.517608 0.113000 -1.241154 0.113000 1.251573  -1   3  -1 
59334.936754 0.068606 0.186405 9.409445 0.113000 15.612095 -0.280866 11.195663 -2.067083 0.113000 -1.786218 0.113000 1.251573  -1   3  -1 
59336.069824 -0.067441 0.079207 9.820445 0.117000 15.612095 0.310297 12.449136 -2.318395 0.117000 -2.628691 0.117000 1.251573  -1   3  -1 
59336.071983 -0.065282 0.080908 12.385445 0.117000 15.612095 0.301207 12.438727 0.247926 0.117000 -0.053282 0.117000 1.251573  -1   3  -1 
59336.073065 -0.064200 0.081761 11.459445 0.117000 15.612095 0.296638 12.433493 -0.677410 0.117000 -0.974048 0.117000 1.251573  -1   3  -1 
59336.087932 -0.049333 0.093475 12.299016 0.109000 14.038068 0.233029 10.786523 1.745522 0.109000 1.512493 0.109000 1.251573  -1   0  -1 
59336.113567 -0.023698 0.113674 11.451016 0.109000 14.038068 0.120647 10.657197 0.914466 0.109000 0.793819 0.109000 1.251573  -1   0  -1 
59336.116529 -0.020736 0.116008 10.632016 0.109000 14.038068 0.107522 10.642048 0.097490 0.109000 -0.010032 0.109000 1.251573  -1   0  -1 
59337.794690 0.388308 0.438314 11.758036 0.103000 15.499329 -0.774968 11.474946 -0.491878 0.103000 0.283090 0.103000 1.251573  -1   2  -1 
59337.802213 0.395831 0.444242 11.947036 0.103000 15.499329 -0.763978 11.498814 -0.315756 0.103000 0.448222 0.103000 1.251573  -1   2  -1 
59337.805964 0.399582 0.447198 11.783036 0.103000 15.499329 -0.758142 11.511068 -0.486174 0.103000 0.271968 0.103000 1.251573  -1   2  -1 
59338.101617 -0.573882 0.680157 12.022016 0.109000 14.038068 0.195956 11.472191 0.745780 0.109000 0.549825 0.109000 1.251573  -1   0  -1 
59338.106766 -0.568733 0.684214 11.620016 0.110000 14.038068 0.215924 11.499149 0.336791 0.110000 0.120867 0.110000 1.251573  -1   0  -1 
59338.111894 -0.563605 0.688255 11.480016 0.110000 14.038068 0.235718 11.525848 0.189886 0.110000 -0.045832 0.110000 1.251573  -1   0  -1 
59340.098120 0.153504 0.253300 7.644445 0.116000 15.612095 -0.585994 10.882554 -3.824103 0.116000 -3.238109 0.116000 1.251573  -1   3  -1 
59340.099194 0.154578 0.254147 10.253445 0.117000 15.612095 -0.589196 10.879027 -1.214778 0.117000 -0.625582 0.117000 1.251573  -1   3  -1 
59340.101354 0.156738 0.255849 9.977445 0.116000 15.612095 -0.595578 10.872003 -1.490136 0.116000 -0.894558 0.116000 1.251573  -1   3  -1 
59340.125153 0.180537 0.274601 10.201016 0.104000 14.038068 -0.660673 9.226762 0.313581 0.104000 0.974254 0.104000 1.251573  -1   0  -1 
59340.134329 0.189713 0.281831 10.066016 0.104000 14.038068 -0.683123 9.202420 0.180472 0.104000 0.863596 0.104000 1.251573  -1   0  -1 
59340.148161 0.203545 0.292730 9.340016 0.104000 14.038068 -0.714071 9.169112 -0.543167 0.104000 0.170904 0.104000 1.251573  -1   0  -1 
59341.954385 -0.528465 0.715943 12.591445 0.119000 15.612095 0.367945 12.032778 0.926611 0.119000 0.558667 0.119000 1.251573  -1   3  -1 
59341.957620 -0.525230 0.718492 11.846445 0.119000 15.612095 0.379741 12.040152 0.186034 0.119000 -0.193707 0.119000 1.251573  -1   3  -1 
59341.958695 -0.524155 0.719339 11.125445 0.119000 15.612095 0.383645 12.042583 -0.533493 0.119000 -0.917138 0.119000 1.251573  -1   3  -1 
59341.996746 -0.486104 0.749322 9.912016 0.107000 14.038068 0.515553 10.547448 -0.119879 0.107000 -0.635432 0.107000 1.251573  -1   0  -1 
59342.000684 -0.482166 0.752425 11.168016 0.107000 14.038068 0.528407 10.554723 1.141700 0.107000 0.613293 0.107000 1.251573  -1   0  -1 
59343.674792 -0.077175 0.071537 12.265036 0.104000 15.499329 0.350793 11.690355 0.925474 0.104000 0.574681 0.104000 1.251573  -1   2  -1 
59343.682301 -0.069666 0.077454 11.495036 0.104000 15.499329 0.319625 11.672004 0.142657 0.104000 -0.176968 0.104000 1.251573  -1   2  -1 
59343.689815 -0.062152 0.083374 11.638036 0.104000 15.499329 0.287967 11.653160 0.272843 0.104000 -0.015124 0.104000 1.251573  -1   2  -1 
59344.038460 0.286493 0.358089 9.612016 0.106000 14.038068 -0.822846 9.614337 -0.825167 0.106000 -0.002321 0.106000 1.251573  -1   0  -1 
59344.047124 0.295157 0.364916 9.678016 0.105000 14.038068 -0.826442 9.621386 -0.769811 0.105000 0.056630 0.105000 1.251573  -1   0  -1 
59344.054785 0.302818 0.370952 9.704016 0.105000 14.038068 -0.828399 9.628698 -0.753081 0.105000 0.075318 0.105000 1.251573  -1   0  -1 
59344.090520 0.338553 0.399110 10.762445 0.117000 15.612095 -0.822571 11.249983 -1.310109 0.117000 -0.487538 0.117000 1.251573  -1   3  -1 
59344.093753 0.341786 0.401657 10.331445 0.117000 15.612095 -0.820848 11.255304 -1.744706 0.117000 -0.923859 0.117000 1.251573  -1   3  -1 
59344.094826 0.342859 0.402503 12.097445 0.117000 15.612095 -0.820232 11.257107 0.020105 0.117000 0.840338 0.117000 1.251573  -1   3  -1 
59345.052239 0.031155 0.156896 9.690016 0.106000 14.038068 -0.122070 10.223911 -0.655965 0.106000 -0.533895 0.106000 1.251573  -1   0  -1 
59345.054836 0.033752 0.158942 9.351016 0.106000 14.038068 -0.133369 10.209588 -0.991942 0.106000 -0.858572 0.106000 1.251573  -1   0  -1 
59345.062635 0.041551 0.165087 9.182016 0.105000 14.038068 -0.167087 10.166758 -1.151829 0.105000 -0.984742 0.105000 1.251573  -1   0  -1 
59348.691508 -0.136927 0.024455 9.657036 0.102000 15.499329 0.576007 10.856834 -0.623791 0.102000 -1.199798 0.102000 1.251573  -1   2  -1 
59348.699020 -0.129415 0.030375 11.244036 0.102000 15.499329 0.550370 10.828462 0.965943 0.102000 0.415574 0.102000 1.251573  -1   2  -1 
59348.702790 -0.125645 0.033345 11.974036 0.103000 15.499329 0.537176 10.813972 1.697240 0.103000 1.160064 0.103000 1.251573  -1   2  -1 
59349.021951 0.193516 0.284828 7.957016 0.108000 14.038068 -0.691982 8.197654 -0.932620 0.108000 -0.240638 0.108000 1.251573  -1   0  -1 
59349.026999 0.198564 0.288805 5.714016 0.108000 14.038068 -0.703332 8.190257 -3.179573 0.108000 -2.476241 0.108000 1.251573  -1   0  -1 
59349.032064 0.203629 0.292796 9.298016 0.109000 14.038068 -0.714247 8.183387 0.400382 0.109000 1.114629 0.109000 1.251573  -1   0  -1 
59350.089948 -0.007605 0.126355 11.005016 0.104000 14.038068 0.049182 10.299419 0.754778 0.104000 0.705597 0.104000 1.251573  -1   0  -1 
59350.092419 -0.005134 0.128302 11.321016 0.104000 14.038068 0.038191 10.290137 1.069070 0.104000 1.030879 0.104000 1.251573  -1   0  -1 
59350.106715 0.009162 0.139567 11.969016 0.104000 14.038068 -0.025312 10.236224 1.707481 0.104000 1.732792 0.104000 1.251573  -1   0  -1 
59350.920251 -0.446419 0.780592 10.284016 0.105000 14.038068 0.636700 10.727489 0.193228 0.105000 -0.443473 0.105000 1.251573  -1   0  -1 
59351.708087 0.341417 0.401367 10.082036 0.102000 15.499329 -0.821054 10.579194 -1.318211 0.102000 -0.497158 0.102000 1.251573  -1   2  -1 
59351.715613 0.348943 0.407297 8.813036 0.102000 15.499329 -0.816340 10.590045 -2.593348 0.102000 -1.777009 0.102000 1.251573  -1   2  -1 
59351.726880 0.360210 0.416175 9.479036 0.102000 15.499329 -0.807333 10.608563 -1.936860 0.102000 -1.129527 0.102000 1.251573  -1   2  -1 
59352.098517 -0.537270 0.709006 10.912016 0.107000 14.038068 0.335479 10.794345 0.453150 0.107000 0.117671 0.107000 1.251573  -1   0  -1 
59352.108322 -0.527465 0.716732 10.396016 0.107000 14.038068 0.371602 10.847669 -0.080051 0.107000 -0.451653 0.107000 1.251573  -1   0  -1 
59352.122068 -0.513719 0.727563 11.479016 0.107000 14.038068 0.421084 10.921477 0.978624 0.107000 0.557539 0.107000 1.251573  -1   0  -1 
59353.715347 -0.189557 0.982986 12.882036 0.106000 15.499329 0.728151 13.412913 0.197274 0.106000 -0.530877 0.106000 1.251573  -1   2  -1 
59353.719104 -0.185800 0.985947 13.429036 0.106000 15.499329 0.719025 13.397617 0.750445 0.106000 0.031419 0.106000 1.251573  -1   2  -1 
59353.722869 -0.182035 0.988913 15.656036 0.106000 15.499329 0.709597 13.381984 2.983649 0.106000 2.274052 0.106000 1.251573  -1   2  -1 
59354.076145 0.171241 0.267277 10.993016 0.113000 14.038068 -0.636408 9.949249 0.407359 0.113000 1.043767 0.113000 1.251573  -1   0  -1 
59354.101312 0.196408 0.287107 10.347016 0.115000 14.038068 -0.698544 9.843186 -0.194714 0.115000 0.503830 0.115000 1.251573  -1   0  -1 
59354.104255 0.199351 0.289426 10.555016 0.115000 14.038068 -0.705062 9.831571 0.018383 0.115000 0.723445 0.115000 1.251573  -1   0  -1 
59356.710684 0.267546 0.343160 8.178036 0.107000 15.499329 -0.809848 9.372028 -2.003840 0.107000 -1.193992 0.107000 1.251573  -1   2  -1 
59356.721985 0.278847 0.352065 8.616036 0.107000 15.499329 -0.818450 9.339610 -1.542024 0.107000 -0.723574 0.107000 1.251573  -1   2  -1 
59356.725745 0.282607 0.355028 7.224036 0.107000 15.499329 -0.820756 9.329384 -2.926104 0.107000 -2.105348 0.107000 1.251573  -1   2  -1 
59357.087914 -0.624341 0.640399 11.478445 0.116000 15.612095 -0.002306 9.560795 1.915344 0.116000 1.917650 0.116000 1.251573  -1   3  -1 
59357.090082 -0.622173 0.642107 9.046445 0.116000 15.612095 0.006232 9.565833 -0.513156 0.116000 -0.519388 0.116000 1.251573  -1   3  -1 
59357.092248 -0.620007 0.643814 11.123445 0.116000 15.612095 0.014767 9.570883 1.567329 0.116000 1.552562 0.116000 1.251573  -1   3  -1 
59358.923301 -0.058071 0.086591 9.632016 0.111000 14.038068 0.270592 9.096766 0.805842 0.111000 0.535250 0.111000 1.251573  -1   0  -1 
59358.931249 -0.050123 0.092853 9.002016 0.111000 14.038068 0.236441 9.063911 0.174547 0.111000 -0.061895 0.111000 1.251573  -1   0  -1 
59358.937426 -0.043946 0.097721 9.394016 0.111000 14.038068 0.209645 9.038010 0.565651 0.111000 0.356006 0.111000 1.251573  -1   0  -1 
59358.952972 -0.028400 0.109970 11.744445 0.116000 15.612095 0.141435 10.545651 1.340229 0.116000 1.198794 0.116000 1.251573  -1   3  -1 
59358.954053 -0.027319 0.110822 9.716445 0.116000 15.612095 0.136661 10.540980 -0.687875 0.116000 -0.824535 0.116000 1.251573  -1   3  -1 
59358.956208 -0.025164 0.112520 9.905445 0.116000 15.612095 0.127132 10.531651 -0.499073 0.116000 -0.626206 0.116000 1.251573  -1   3  -1 
59361.683491 0.163885 0.261481 11.014036 0.106000 15.499329 -0.616144 10.599079 -0.201187 0.106000 0.414957 0.106000 1.251573  -1   2  -1 
59361.687248 0.167642 0.264441 10.757036 0.106000 15.499329 -0.626610 10.590876 -0.460449 0.106000 0.166160 0.106000 1.251573  -1   2  -1 
59361.691012 0.171406 0.267407 10.074036 0.106000 15.499329 -0.636852 10.582859 -1.145675 0.106000 -0.508823 0.106000 1.251573  -1   2  -1 
59361.944566 0.424960 0.467195 10.255016 0.107000 14.038068 -0.712630 9.100738 0.441648 0.107000 1.154278 0.107000 1.251573  -1   0  -1 
59361.947357 0.427751 0.469394 8.539016 0.107000 14.038068 -0.707003 9.105942 -1.273929 0.107000 -0.566926 0.107000 1.251573  -1   0  -1 
59361.957166 0.437560 0.477123 9.884016 0.108000 14.038068 -0.686285 9.125003 0.072728 0.108000 0.759013 0.108000 1.251573  -1   0  -1 
59362.136140 0.616534 0.618145 11.463445 0.116000 15.612095 -0.112784 11.198067 0.152595 0.116000 0.265378 0.116000 1.251573  -1   3  -1 
59362.137220 0.617614 0.618996 11.289445 0.116000 15.612095 -0.108596 11.201568 -0.020718 0.116000 0.087877 0.116000 1.251573  -1   3  -1 
59362.138308 0.618702 0.619854 11.254445 0.116000 15.612095 -0.104373 11.205096 -0.055024 0.116000 0.049349 0.116000 1.251573  -1   3  -1 
59364.917885 -0.409072 0.810020 10.797445 0.117000 15.612095 0.730813 12.855446 -1.327188 0.117000 -2.058001 0.117000 1.251573  -1   3  -1 
59364.918966 -0.407991 0.810871 13.743445 0.118000 15.612095 0.733207 12.857512 1.619140 0.118000 0.885933 0.118000 1.251573  -1   3  -1 
59364.921142 -0.405815 0.812586 12.322445 0.117000 15.612095 0.737967 12.861603 0.198809 0.117000 -0.539158 0.117000 1.251573  -1   3  -1 
59365.067320 -0.259637 0.927767 12.372016 0.109000 14.038068 0.843313 11.320343 1.894985 0.109000 1.051673 0.109000 1.251573  -1   0  -1 
59365.069993 -0.256964 0.929873 12.389016 0.109000 14.038068 0.840912 11.316137 1.913791 0.109000 1.072879 0.109000 1.251573  -1   0  -1 
59365.075398 -0.251559 0.934132 13.155016 0.109000 14.038068 0.835566 11.307091 2.683491 0.109000 1.847925 0.109000 1.251573  -1   0  -1 
59365.648355 0.321398 0.385593 10.628036 0.104000 15.499329 -0.828418 10.486764 -0.687146 0.104000 0.141272 0.104000 1.251573  -1   2  -1 
59365.652118 0.325161 0.388558 11.484036 0.104000 15.499329 -0.827614 10.483169 0.173253 0.104000 1.000867 0.104000 1.251573  -1   2  -1 
59365.659667 0.332710 0.394506 10.294036 0.105000 15.499329 -0.825188 10.476805 -1.007957 0.105000 -0.182769 0.105000 1.251573  -1   2  -1 
59365.941188 0.614231 0.616331 10.541016 0.109000 14.038068 -0.121702 9.447693 0.971622 0.109000 1.093323 0.109000 1.251573  -1   0  -1 
59365.959824 0.632867 0.631015 9.199016 0.108000 14.038068 -0.049097 9.507695 -0.357776 0.108000 -0.308679 0.108000 1.251573  -1   0  -1 
59369.761210 0.626902 0.626315 8.228036 0.106000 15.499329 -0.072436 7.804590 0.351010 0.106000 0.423446 0.106000 1.251573  -1   2  -1 
59369.768738 0.634430 0.632246 6.325036 0.106000 15.499329 -0.042969 7.833497 -1.551430 0.106000 -1.508461 0.106000 1.251573  -1   2  -1 
59369.776263 -0.627162 0.638176 7.991036 0.106000 15.499329 -0.013408 7.862510 0.115117 0.106000 0.128526 0.106000 1.251573  -1   2  -1 
59369.910940 -0.492485 0.744294 7.933445 0.117000 15.612095 0.494379 8.472393 -0.044569 0.117000 -0.538948 0.117000 1.251573  -1   3  -1 
59369.912028 -0.491397 0.745152 8.050445 0.117000 15.612095 0.498019 8.475918 0.072546 0.117000 -0.425473 0.117000 1.251573  -1   3  -1 
59369.913108 -0.490317 0.746003 8.183445 0.117000 15.612095 0.501621 8.479405 0.205661 0.117000 -0.295960 0.117000 1.251573  -1   3  -1 
59370.023276 -0.380149 0.832809 6.073016 0.109000 14.038068 0.787830 7.174627 -0.313781 0.109000 -1.101611 0.109000 1.251573  -1   0  -1 
59370.025654 -0.377771 0.834683 7.180016 0.109000 14.038068 0.791841 7.178131 0.793727 0.109000 0.001885 0.109000 1.251573  -1   0  -1 
59370.030553 -0.372872 0.838543 6.341016 0.110000 14.038068 0.799768 7.184989 -0.044205 0.110000 -0.843973 0.110000 1.251573  -1   0  -1 
59374.802541 0.591765 0.598629 5.596036 0.107000 15.499329 -0.207598 6.573384 -1.184946 0.107000 -0.977348 0.107000 1.251573  -1   2  -1 
59374.806302 0.595526 0.601592 5.522036 0.107000 15.499329 -0.193375 6.588791 -1.260130 0.107000 -1.066755 0.107000 1.251573  -1   2  -1 
59374.810063 0.599287 0.604555 7.333036 0.107000 15.499329 -0.179085 6.604306 0.549646 0.107000 0.728730 0.107000 1.251573  -1   2  -1 
59376.787767 0.038757 0.162886 6.897036 0.106000 15.499329 -0.155050 7.983849 -1.241863 0.106000 -1.086813 0.106000 1.251573  -1   2  -1 
59376.791518 0.042508 0.165842 6.839036 0.106000 15.499329 -0.171204 7.962865 -1.295033 0.106000 -1.123829 0.106000 1.251573  -1   2  -1 
59376.799035 0.050025 0.171765 4.539036 0.106000 15.499329 -0.203310 7.921002 -3.585275 0.106000 -3.381966 0.106000 1.251573  -1   2  -1 
59376.948922 0.199912 0.289868 7.490445 0.118000 15.612095 -0.706285 7.318089 -0.533929 0.118000 0.172356 0.118000 1.251573  -1   3  -1 
59376.951075 0.202065 0.291565 9.995445 0.118000 15.612095 -0.710929 7.310186 1.974330 0.118000 2.685259 0.118000 1.251573  -1   3  -1 
59376.952157 0.203147 0.292417 7.071445 0.118000 15.612095 -0.713231 7.306245 -0.948031 0.118000 -0.234800 0.118000 1.251573  -1   3  -1 
59377.106321 0.357311 0.413891 4.323016 0.105000 14.038068 -0.809872 5.394584 -1.881440 0.105000 -1.071568 0.105000 1.251573  -1   0  -1 
59377.108935 0.359925 0.415950 6.659016 0.106000 14.038068 -0.807590 5.392722 0.458705 0.106000 1.266294 0.106000 1.251573  -1   0  -1 
59377.116326 0.367316 0.421774 6.710016 0.106000 14.038068 -0.800468 5.388128 0.521420 0.106000 1.321888 0.106000 1.251573  -1   0  -1 
59377.628949 -0.389178 0.825695 6.412036 0.103000 15.499329 0.771640 7.771058 -0.587383 0.103000 -1.359022 0.103000 1.251573  -1   2  -1 
59377.636479 -0.381648 0.831628 8.793036 0.104000 15.499329 0.785246 7.779537 1.798745 0.104000 1.013499 0.104000 1.251573  -1   2  -1 
59377.640253 -0.377874 0.834602 8.817036 0.104000 15.499329 0.791670 7.783457 1.825249 0.104000 1.033579 0.104000 1.251573  -1   2  -1 
59378.026109 0.007982 0.138637 7.354016 0.112000 14.038068 -0.020079 5.502902 1.831034 0.112000 1.851114 0.112000 1.251573  -1   0  -1 
59378.031599 0.013472 0.142963 6.618016 0.112000 14.038068 -0.044392 5.481991 1.091633 0.112000 1.136025 0.112000 1.251573  -1   0  -1 
59378.035635 0.017508 0.146143 4.879016 0.113000 14.038068 -0.062218 5.466723 -0.649925 0.113000 -0.587707 0.113000 1.251573  -1   0  -1 
59379.024886 -0.262358 0.925623 7.645016 0.112000 14.038068 0.845590 7.517146 0.973460 0.112000 0.127870 0.112000 1.251573  -1   0  -1 
59379.027585 -0.259659 0.927749 6.054016 0.112000 14.038068 0.843332 7.516792 -0.619444 0.112000 -1.462776 0.112000 1.251573  -1   0  -1 
59379.734125 0.446881 0.484467 7.982036 0.106000 15.499329 -0.665273 7.367355 -0.050592 0.106000 0.614681 0.106000 1.251573  -1   2  -1 
59379.737891 0.450647 0.487435 7.372036 0.106000 15.499329 -0.656427 7.372970 -0.657361 0.106000 -0.000934 0.106000 1.251573  -1   2  -1 
59379.749170 0.461926 0.496322 5.973036 0.107000 15.499329 -0.628742 7.390876 -2.046581 0.107000 -1.417840 0.107000 1.251573  -1   2  -1 
59379.927944 -0.628417 0.637187 6.373016 0.111000 14.038068 -0.018345 6.369784 -0.015112 0.111000 0.003232 0.111000 1.251573  -1   0  -1 
59379.940910 -0.615451 0.647403 6.288016 0.111000 14.038068 0.032727 6.407843 -0.087100 0.111000 -0.119827 0.111000 1.251573  -1   0  -1 
59379.943737 -0.612624 0.649631 7.458016 0.111000 14.038068 0.043876 6.416150 1.085741 0.111000 1.041866 0.111000 1.251573  -1   0  -1 
59380.041449 -0.514912 0.726623 9.142445 0.118000 15.612095 0.416848 8.265191 1.294102 0.118000 0.877254 0.118000 1.251573  -1   3  -1 
59380.044695 -0.511666 0.729181 7.565445 0.118000 15.612095 0.428345 8.273476 -0.279686 0.118000 -0.708031 0.118000 1.251573  -1   3  -1 
59380.045775 -0.510586 0.730032 9.611445 0.118000 15.612095 0.432152 8.276214 1.767382 0.118000 1.335231 0.118000 1.251573  -1   3  -1 
59381.742082 -0.083396 0.066636 8.717036 0.105000 15.499329 0.376219 9.188976 -0.095721 0.105000 -0.471940 0.105000 1.251573  -1   2  -1 
59381.745840 -0.079638 0.069597 8.304036 0.105000 15.499329 0.360903 9.177742 -0.512803 0.105000 -0.873706 0.105000 1.251573  -1   2  -1 
59381.749613 -0.075865 0.072570 6.563036 0.106000 15.499329 0.345389 9.166290 -2.257864 0.106000 -2.603254 0.106000 1.251573  -1   2  -1 
59381.964035 0.138557 0.241523 6.574016 0.108000 14.038068 -0.539520 6.984559 -0.950064 0.108000 -0.410543 0.108000 1.251573  -1   0  -1 
59381.966642 0.141164 0.243578 8.862016 0.108000 14.038068 -0.547879 6.977335 1.336802 0.108000 1.884681 0.108000 1.251573  -1   0  -1 
59381.969218 0.143740 0.245607 7.504016 0.108000 14.038068 -0.556035 6.970278 -0.022297 0.108000 0.533738 0.108000 1.251573  -1   0  -1 
59382.115350 0.289872 0.360752 9.156445 0.114000 15.612095 -0.824423 8.302526 0.029495 0.114000 0.853919 0.114000 1.251573  -1   3  -1 
59382.116432 0.290954 0.361605 8.099445 0.114000 15.612095 -0.824881 8.302000 -1.027436 0.114000 -0.202555 0.114000 1.251573  -1   3  -1 
59382.117507 0.292029 0.362452 7.782445 0.114000 15.612095 -0.825313 8.301497 -1.344365 0.114000 -0.519052 0.114000 1.251573  -1   3  -1 
59383.644277 0.549682 0.565469 7.106036 0.103000 15.499329 -0.360895 6.643793 0.101348 0.103000 0.462243 0.103000 1.251573  -1   2  -1 
59383.648053 0.553458 0.568444 6.152036 0.103000 15.499329 -0.347651 6.654776 -0.850390 0.103000 -0.502740 0.103000 1.251573  -1   2  -1 
59383.655584 0.560989 0.574379 4.102036 0.103000 15.499329 -0.320904 6.677140 -2.896008 0.103000 -2.575104 0.103000 1.251573  -1   2  -1 
59383.978595 -0.385117 0.828895 8.054445 0.119000 15.612095 0.779108 7.851073 0.982479 0.119000 0.203372 0.119000 1.251573  -1   3  -1 
59383.979676 -0.384036 0.829747 10.057445 0.119000 15.612095 0.781045 7.853307 2.985182 0.119000 2.204138 0.119000 1.251573  -1   3  -1 
59383.981846 -0.381866 0.831456 10.101445 0.119000 15.612095 0.784867 7.857734 3.028579 0.119000 2.243711 0.119000 1.251573  -1   3  -1 
59383.992473 -0.371239 0.839830 5.816016 0.106000 14.038068 0.802308 6.304234 0.314090 0.106000 -0.488218 0.106000 1.251573  -1   0  -1 
59384.002278 -0.361434 0.847556 5.494016 0.107000 14.038068 0.816468 6.321432 -0.010948 0.107000 -0.827416 0.107000 1.251573  -1   0  -1 
59384.007238 -0.356474 0.851464 6.542016 0.106000 14.038068 0.822908 6.329475 1.035449 0.106000 0.212541 0.106000 1.251573  -1   0  -1 
59384.628010 0.264298 0.340601 7.086036 0.099000 15.499329 -0.806910 6.460185 -0.181059 0.099000 0.625851 0.099000 1.251573  -1   2  -1 
59384.631782 0.268070 0.343573 7.844036 0.100000 15.499329 -0.810302 6.457708 0.576026 0.100000 1.386328 0.100000 1.251573  -1   2  -1 
59384.635541 0.271829 0.346535 5.998036 0.100000 15.499329 -0.813403 6.455492 -1.270859 0.100000 -0.457456 0.100000 1.251573  -1   2  -1 
59385.055212 -0.577617 0.677215 5.790016 0.108000 14.038068 0.181421 5.890374 0.081063 0.108000 -0.100358 0.108000 1.251573  -1   0  -1 
59385.061472 -0.571357 0.682147 5.595016 0.108000 14.038068 0.205761 5.910013 -0.109236 0.108000 -0.314997 0.108000 1.251573  -1   0  -1 
59385.063906 -0.568923 0.684065 5.283016 0.108000 14.038068 0.215191 5.917589 -0.419383 0.108000 -0.634573 0.108000 1.251573  -1   0  -1 
59387.920967 -0.250096 0.935285 6.280016 0.107000 14.038068 0.834006 6.956447 0.157575 0.107000 -0.676431 0.107000 1.251573  -1   0  -1 
59387.926477 -0.244586 0.939626 8.525016 0.107000 14.038068 0.827697 6.955430 2.397283 0.107000 1.569586 0.107000 1.251573  -1   0  -1 
59387.929412 -0.241651 0.941939 6.352016 0.107000 14.038068 0.824059 6.954580 0.221495 0.107000 -0.602564 0.107000 1.251573  -1   0  -1 
59388.644350 0.473287 0.505274 8.653036 0.103000 15.499329 -0.599111 7.119925 0.933999 0.103000 1.533111 0.103000 1.251573  -1   2  -1 
59388.659397 0.488334 0.517130 7.371036 0.104000 15.499329 -0.557313 7.156914 -0.343191 0.104000 0.214122 0.104000 1.251573  -1   2  -1 
59388.663148 0.492085 0.520086 8.175036 0.104000 15.499329 -0.546460 7.166560 0.462016 0.104000 1.008476 0.104000 1.251573  -1   2  -1 
59388.965674 -0.474506 0.758461 6.242016 0.109000 14.038068 0.552922 6.726468 0.068470 0.109000 -0.484452 0.109000 1.251573  -1   0  -1 
59388.967365 -0.472815 0.759793 6.920445 0.117000 15.612095 0.558243 8.305644 -0.826956 0.117000 -1.385199 0.117000 1.251573  -1   3  -1 
59388.968252 -0.471928 0.760492 4.378016 0.109000 14.038068 0.561021 6.734307 -1.795269 0.109000 -2.356291 0.109000 1.251573  -1   0  -1 
59388.968449 -0.471731 0.760647 6.153445 0.117000 15.612095 0.561637 8.308930 -1.593848 0.117000 -2.155485 0.117000 1.251573  -1   3  -1 
59388.969524 -0.470656 0.761494 7.251445 0.117000 15.612095 0.564988 8.312176 -0.495743 0.117000 -1.060731 0.117000 1.251573  -1   3  -1 
59388.970854 -0.469326 0.762542 4.576016 0.109000 14.038068 0.569116 6.742149 -1.597017 0.109000 -2.166133 0.109000 1.251573  -1   0  -1 
59389.809335 0.369155 0.423223 9.271036 0.098000 15.499329 -0.798544 7.661278 0.811214 0.098000 1.609758 0.098000 1.251573  -1   2  -1 
59389.828264 0.388084 0.438138 8.909036 0.097000 15.499329 -0.775280 7.724214 0.409542 0.097000 1.184822 0.097000 1.251573  -1   2  -1 
59389.832028 0.391848 0.441104 9.154036 0.096000 15.499329 -0.769915 7.737537 0.646584 0.096000 1.416499 0.096000 1.251573  -1   2  -1 
59389.926150 0.485970 0.515267 10.903445 0.118000 15.612095 -0.564066 8.261389 2.077991 0.118000 2.642056 0.118000 1.251573  -1   3  -1 
59389.928313 0.488133 0.516972 8.793445 0.118000 15.612095 -0.557890 8.272399 -0.036844 0.118000 0.521046 0.118000 1.251573  -1   3  -1 
59389.929388 0.489208 0.517819 8.906445 0.118000 15.612095 -0.554799 8.277893 0.073752 0.118000 0.628552 0.118000 1.251573  -1   3  -1 
59389.952568 0.512388 0.536083 6.474016 0.108000 14.038068 -0.484913 6.825831 -0.836728 0.108000 -0.351815 0.108000 1.251573  -1   0  -1 
59389.957794 0.517614 0.540201 5.317016 0.108000 14.038068 -0.468344 6.854199 -2.005527 0.108000 -1.537183 0.108000 1.251573  -1   0  -1 
59389.966851 0.526671 0.547338 6.199016 0.107000 14.038068 -0.438972 6.904064 -1.144020 0.107000 -0.705048 0.107000 1.251573  -1   0  -1 
59392.835547 -0.411984 0.807725 10.331036 0.103000 15.499329 0.724265 11.440916 -0.385615 0.103000 -1.109880 0.103000 1.251573  -1   2  -1 
59392.843066 -0.404465 0.813650 10.441036 0.103000 15.499329 0.740878 11.472817 -0.290903 0.103000 -1.031781 0.103000 1.251573  -1   2  -1 
59392.846825 -0.400706 0.816611 9.767036 0.103000 15.499329 0.748823 11.488430 -0.972571 0.103000 -1.721394 0.103000 1.251573  -1   2  -1 
59393.111566 -0.135965 0.025214 12.567016 0.109000 14.038068 0.572772 10.410506 2.729282 0.109000 2.156510 0.109000 1.251573  -1   0  -1 
59393.114447 -0.133084 0.027484 11.103016 0.109000 14.038068 0.563000 10.406787 1.259229 0.109000 0.696229 0.109000 1.251573  -1   0  -1 
59393.123097 -0.124434 0.034300 9.965016 0.109000 14.038068 0.532891 10.394816 0.103091 0.109000 -0.429800 0.109000 1.251573  -1   0  -1 
59397.703574 -0.620425 0.643484 12.270036 0.104000 15.499329 0.013118 11.496972 0.786182 0.104000 0.773064 0.104000 1.251573  -1   2  -1 
59397.714844 -0.609155 0.652364 11.475036 0.104000 15.499329 0.057557 11.516986 0.015607 0.104000 -0.041950 0.104000 1.251573  -1   2  -1 
59397.718600 -0.605399 0.655324 11.622036 0.104000 15.499329 0.072368 11.523699 0.170705 0.104000 0.098337 0.104000 1.251573  -1   2  -1 
59397.891478 -0.432521 0.791543 10.351016 0.106000 14.038068 0.674208 10.319813 0.705411 0.106000 0.031203 0.106000 1.251573  -1   0  -1 
59397.896665 -0.427334 0.795630 10.505016 0.106000 14.038068 0.687475 10.323751 0.868740 0.106000 0.181265 0.106000 1.251573  -1   0  -1 
59397.899199 -0.424800 0.797627 10.793016 0.106000 14.038068 0.693806 10.325549 1.161273 0.106000 0.467467 0.106000 1.251573  -1   0  -1 
59398.093478 -0.230521 0.950709 9.225445 0.118000 15.612095 0.808516 11.718687 -1.684725 0.118000 -2.493242 0.118000 1.251573  -1   3  -1 
59398.094558 -0.229441 0.951560 12.796445 0.117000 15.612095 0.806862 11.715695 1.887612 0.117000 1.080750 0.117000 1.251573  -1   3  -1 
59398.096718 -0.227281 0.953262 10.478445 0.117000 15.612095 0.803476 11.709647 -0.427725 0.117000 -1.231202 0.117000 1.251573  -1   3  -1 
59401.792180 -0.339170 0.865099 10.003036 0.105000 15.499329 0.841454 10.635356 0.209134 0.105000 -0.632320 0.105000 1.251573  -1   2  -1 
59401.795940 -0.335410 0.868061 9.622036 0.106000 15.499329 0.844662 10.646713 -0.180015 0.106000 -1.024677 0.106000 1.251573  -1   2  -1 
59401.799701 -0.331649 0.871025 10.338036 0.105000 15.499329 0.847571 10.657772 0.527835 0.105000 -0.319736 0.105000 1.251573  -1   2  -1 
59401.885991 -0.245359 0.939017 9.301016 0.108000 14.038068 0.828624 9.363294 0.766345 0.108000 -0.062278 0.108000 1.251573  -1   0  -1 
59401.888644 -0.242706 0.941107 10.478016 0.107000 14.038068 0.825389 9.365707 1.937698 0.107000 1.112309 0.107000 1.251573  -1   0  -1 
59401.892602 -0.238748 0.944226 10.397016 0.107000 14.038068 0.820271 9.369005 1.848282 0.107000 1.028011 0.107000 1.251573  -1   0  -1 
59401.927059 -0.204291 0.971376 10.789000 0.120000 16.278437 0.761155 11.622983 -0.072828 0.120000 -0.833983 0.120000 1.251573  -1   1  -1 
59401.927765 -0.203585 0.971933 11.705000 0.120000 16.278437 0.759677 11.622984 0.841693 0.120000 0.082016 0.120000 1.251573  -1   1  -1 
59401.929177 -0.202173 0.973045 11.050000 0.120000 16.278437 0.756689 11.622951 0.183737 0.120000 -0.572951 0.120000 1.251573  -1   1  -1 
59401.992049 -0.139301 0.022585 12.236445 0.121000 15.612095 0.583922 10.913248 1.907118 0.121000 1.323197 0.121000 1.251573  -1   3  -1 
59401.994207 -0.137143 0.024286 12.383445 0.122000 15.612095 0.576730 10.910411 2.049763 0.122000 1.473034 0.122000 1.251573  -1   3  -1 
59401.995280 -0.136070 0.025131 11.654445 0.122000 15.612095 0.573126 10.908971 1.318600 0.122000 0.745474 0.122000 1.251573  -1   3  -1 
59402.794210 -0.606257 0.654648 10.546036 0.105000 15.499329 0.068985 11.197181 -0.582160 0.105000 -0.651145 0.105000 1.251573  -1   2  -1 
59402.797974 -0.602493 0.657613 9.392036 0.105000 15.499329 0.083822 11.212548 -1.736689 0.105000 -1.820512 0.105000 1.251573  -1   2  -1 
59402.801729 -0.598738 0.660572 10.372036 0.105000 15.499329 0.098614 11.227837 -0.757187 0.105000 -0.855801 0.105000 1.251573  -1   2  -1 
59402.966503 -0.433964 0.790406 11.189000 0.117000 16.278437 0.670445 12.573206 -0.713761 0.117000 -1.384206 0.117000 1.251573  -1   1  -1 
59402.968621 -0.431846 0.792075 14.018000 0.117000 16.278437 0.675957 12.578336 2.115621 0.117000 1.439664 0.117000 1.251573  -1   1  -1 
59402.969327 -0.431140 0.792631 13.132000 0.117000 16.278437 0.677780 12.580030 1.229750 0.117000 0.551970 0.117000 1.251573  -1   1  -1 
59402.970612 -0.429855 0.793643 11.095445 0.117000 15.612095 0.681078 11.916749 -0.140226 0.117000 -0.821304 0.117000 1.251573  -1   3  -1 
59402.971692 -0.428775 0.794494 13.128445 0.117000 15.612095 0.683830 11.919301 1.892974 0.117000 1.209144 0.117000 1.251573  -1   3  -1 
59402.972765 -0.427702 0.795340 12.770445 0.117000 15.612095 0.686547 11.921816 1.535176 0.117000 0.848629 0.117000 1.251573  -1   3  -1 
59403.889282 0.488815 0.517509 10.672000 0.121000 16.278437 -0.555931 11.223658 -1.107589 0.121000 -0.551658 0.121000 1.251573  -1   1  -1 
59403.890693 0.490226 0.518621 11.039000 0.121000 16.278437 -0.551860 11.228623 -0.741483 0.121000 -0.189623 0.121000 1.251573  -1   1  -1 
59403.891398 0.490931 0.519176 10.586000 0.121000 16.278437 -0.549818 11.231115 -1.194932 0.121000 -0.645115 0.121000 1.251573  -1   1  -1 
59403.992215 0.591748 0.598615 8.990016 0.107000 14.038068 -0.207663 9.411129 -0.628776 0.107000 -0.421113 0.107000 1.251573  -1   0  -1 
59404.001960 0.601493 0.606293 9.910016 0.108000 14.038068 -0.170673 9.457146 0.282197 0.108000 0.452870 0.108000 1.251573  -1   0  -1 
59404.004362 0.603895 0.608186 9.362016 0.108000 14.038068 -0.161489 9.468594 -0.268067 0.108000 -0.106578 0.108000 1.251573  -1   0  -1 
59404.084675 -0.584909 0.671469 10.388445 0.117000 15.612095 0.152932 11.441465 -0.900088 0.117000 -1.053020 0.117000 1.251573  -1   3  -1 
59404.085749 -0.583835 0.672315 12.446445 0.117000 15.612095 0.157136 11.446910 1.156672 0.117000 0.999535 0.117000 1.251573  -1   3  -1 
59404.086835 -0.582749 0.673171 11.398445 0.117000 15.612095 0.161385 11.452416 0.107414 0.117000 -0.053971 0.117000 1.251573  -1   3  -1 
59405.737353 -0.201348 0.973695 13.281036 0.105000 15.499329 0.754923 13.214260 0.821699 0.105000 0.066776 0.105000 1.251573  -1   2  -1 
59405.748644 -0.190057 0.982592 13.121036 0.104000 15.499329 0.729345 13.174096 0.676285 0.104000 -0.053060 0.104000 1.251573  -1   2  -1 
59405.756176 -0.182525 0.988527 12.271036 0.105000 15.499329 0.710841 13.145692 -0.163815 0.105000 -0.874656 0.105000 1.251573  -1   2  -1 
59405.855588 -0.083113 0.066859 13.100000 0.119000 16.278437 0.375072 13.446617 0.028455 0.119000 -0.346617 0.119000 1.251573  -1   1  -1 
59405.857000 -0.081701 0.067971 13.186000 0.119000 16.278437 0.369329 13.438707 0.116622 0.119000 -0.252707 0.119000 1.251573  -1   1  -1 
59405.857706 -0.080995 0.068527 13.044000 0.120000 16.278437 0.366450 13.434743 -0.024292 0.120000 -0.390743 0.120000 1.251573  -1   1  -1 
59406.106963 0.168262 0.264929 13.801445 0.114000 15.612095 -0.628312 11.346974 1.826159 0.114000 2.454471 0.114000 1.251573  -1   3  -1 
59406.108044 0.169343 0.265781 12.581445 0.114000 15.612095 -0.631267 11.342048 0.608130 0.114000 1.239397 0.114000 1.251573  -1   3  -1 
59406.109128 0.170427 0.266635 12.133445 0.114000 15.612095 -0.634210 11.337128 0.162107 0.114000 0.796317 0.114000 1.251573  -1   3  -1 
59407.864238 -0.612697 0.649573 14.678000 0.122000 16.278437 0.043587 12.220439 2.501148 0.122000 2.457561 0.122000 1.251573  -1   1  -1 
59407.866356 -0.610579 0.651242 12.817000 0.122000 16.278437 0.051940 12.230022 0.638918 0.122000 0.586978 0.122000 1.251573  -1   1  -1 
59407.867063 -0.609872 0.651799 12.694000 0.122000 16.278437 0.054729 12.233220 0.515509 0.122000 0.460780 0.122000 1.251573  -1   1  -1 
59408.161045 -0.315890 0.883442 10.715016 0.108000 14.038068 0.856462 10.868715 0.702764 0.108000 -0.153699 0.108000 1.251573  -1   0  -1 
59408.163430 -0.313505 0.885321 10.337016 0.108000 14.038068 0.857338 10.869324 0.325030 0.108000 -0.532308 0.108000 1.251573  -1   0  -1 
59408.165807 -0.311128 0.887194 9.894016 0.108000 14.038068 0.858087 10.869792 -0.117690 0.108000 -0.975776 0.108000 1.251573  -1   0  -1 
59411.082909 0.067740 0.185723 10.267445 0.119000 15.612095 -0.277316 10.460301 -0.470173 0.119000 -0.192856 0.119000 1.251573  -1   3  -1 
59411.083984 0.068815 0.186570 12.253445 0.119000 15.612095 -0.281723 10.455632 1.516090 0.119000 1.797813 0.119000 1.251573  -1   3  -1 
59411.085060 0.069891 0.187418 9.185445 0.119000 15.612095 -0.286123 10.450966 -1.551644 0.119000 -1.265521 0.119000 1.251573  -1   3  -1 
59411.109436 0.094267 0.206625 10.787016 0.107000 14.038068 -0.382687 8.773380 1.630950 0.107000 2.013636 0.107000 1.251573  -1   0  -1 
59411.114634 0.099465 0.210721 8.018016 0.107000 14.038068 -0.402428 8.751908 -1.136320 0.107000 -0.733892 0.107000 1.251573  -1   0  -1 
59411.121738 0.106569 0.216318 8.342016 0.108000 14.038068 -0.428874 8.722960 -0.809819 0.108000 -0.380944 0.108000 1.251573  -1   0  -1 
59418.956092 0.326221 0.389393 5.977016 0.107000 14.038068 -0.827339 6.644305 -1.494628 0.107000 -0.667289 0.107000 1.251573  -1   0  -1 
59418.958787 0.328916 0.391516 6.395016 0.107000 14.038068 -0.826542 6.648788 -1.080314 0.107000 -0.253772 0.107000 1.251573  -1   0  -1 
59418.965560 0.335689 0.396853 6.673016 0.107000 14.038068 -0.823934 6.660692 -0.811610 0.107000 0.012324 0.107000 1.251573  -1   0  -1 
59418.981323 0.351452 0.409274 7.893445 0.107000 15.612095 -0.814536 8.265910 -1.187001 0.107000 -0.372465 0.107000 1.251573  -1   3  -1 
59418.982407 0.352536 0.410128 8.979445 0.107000 15.612095 -0.813720 8.268232 -0.102507 0.107000 0.711213 0.107000 1.251573  -1   3  -1 
59418.983485 0.353614 0.410977 8.108445 0.107000 15.612095 -0.812888 8.270563 -0.975006 0.107000 -0.162118 0.107000 1.251573  -1   3  -1 
59419.756507 -0.142481 0.020079 11.061036 0.103000 15.499329 0.594382 10.399516 1.255903 0.103000 0.661520 0.103000 1.251573  -1   2  -1 
59419.775306 -0.123682 0.034892 12.721036 0.103000 15.499329 0.530221 10.340399 2.910858 0.103000 2.380637 0.103000 1.251573  -1   2  -1 
59419.779068 -0.119920 0.037856 13.350036 0.103000 15.499329 0.516737 10.327807 3.538966 0.103000 3.022229 0.103000 1.251573  -1   2  -1 
59419.947893 0.048905 0.170882 7.333016 0.111000 14.038068 -0.198548 8.150993 -1.016525 0.111000 -0.817977 0.111000 1.251573  -1   0  -1 
59419.986504 0.087516 0.201305 5.470016 0.111000 14.038068 -0.356577 7.982001 -2.868562 0.111000 -2.511985 0.111000 1.251573  -1   0  -1 
59419.990052 0.091064 0.204101 5.020016 0.111000 14.038068 -0.370363 7.967010 -3.317358 0.111000 -2.946994 0.111000 1.251573  -1   0  -1 
59420.037408 0.138420 0.241415 6.331445 0.104000 15.612095 -0.539077 9.353132 -3.560764 0.104000 -3.021687 0.104000 1.251573  -1   3  -1 
59420.038492 0.139504 0.242269 6.759445 0.104000 15.612095 -0.542568 9.349135 -3.132258 0.104000 -2.589690 0.104000 1.251573  -1   3  -1 
59420.040662 0.141674 0.243979 9.441445 0.104000 15.612095 -0.549501 9.341180 -0.449236 0.104000 0.100265 0.104000 1.251573  -1   3  -1 
59420.700637 -0.467468 0.764006 11.222036 0.104000 15.499329 0.574845 9.678100 2.118781 0.104000 1.543936 0.104000 1.251573  -1   2  -1 
59420.708153 -0.459952 0.769928 12.511036 0.104000 15.499329 0.597591 9.691838 3.416789 0.104000 2.819198 0.104000 1.251573  -1   2  -1 
59420.715676 -0.452429 0.775856 9.715036 0.104000 15.499329 0.619633 9.704912 0.629758 0.104000 0.010124 0.104000 1.251573  -1   2  -1 
59420.873617 -0.294488 0.900306 11.323000 0.133000 16.278437 0.859825 10.551993 1.630831 0.133000 0.771007 0.133000 1.251573  -1   1  -1 
59420.874323 -0.293782 0.900862 10.582000 0.133000 16.278437 0.859762 10.551250 0.890512 0.133000 0.030750 0.133000 1.251573  -1   1  -1 
59420.875735 -0.292370 0.901974 13.235000 0.133000 16.278437 0.859603 10.549734 3.544869 0.133000 2.685266 0.133000 1.251573  -1   1  -1 
59420.988150 -0.179955 0.990552 11.459445 0.109000 15.612095 0.704270 9.633945 2.529770 0.109000 1.825500 0.109000 1.251573  -1   3  -1 
59420.990293 -0.177812 0.992240 8.740445 0.109000 15.612095 0.698691 9.626869 -0.187733 0.109000 -0.886424 0.109000 1.251573  -1   3  -1 
59420.991383 -0.176722 0.993099 9.562445 0.109000 15.612095 0.695818 9.623240 0.635024 0.109000 -0.060795 0.109000 1.251573  -1   3  -1 
59421.112099 -0.056006 0.088217 4.962016 0.109000 14.038068 0.261760 7.552375 -2.328598 0.109000 -2.590359 0.109000 1.251573  -1   0  -1 
59421.130285 -0.037820 0.102547 6.401016 0.109000 14.038068 0.182885 7.467945 -0.884044 0.109000 -1.066929 0.109000 1.251573  -1   0  -1 
59421.136709 -0.031396 0.107609 5.004016 0.109000 14.038068 0.154653 7.438013 -2.279343 0.109000 -2.433997 0.109000 1.251573  -1   0  -1 
59422.687448 0.250226 0.329513 11.492036 0.105000 15.499329 -0.791787 10.397920 0.302328 0.105000 1.094116 0.105000 1.251573  -1   2  -1 
59422.694983 0.257761 0.335450 12.344036 0.105000 15.499329 -0.800369 10.400007 1.143661 0.105000 1.944029 0.105000 1.251573  -1   2  -1 
59422.702516 0.265294 0.341386 10.777036 0.105000 15.499329 -0.807832 10.403068 -0.433865 0.105000 0.373968 0.105000 1.251573  -1   2  -1 
59422.871553 0.434331 0.474578 10.382000 0.132000 16.278437 -0.693266 11.495779 -1.807046 0.132000 -1.113779 0.132000 1.251573  -1   1  -1 
59422.873670 0.436448 0.476246 9.373000 0.132000 16.278437 -0.688707 11.502379 -2.818087 0.132000 -2.129379 0.132000 1.251573  -1   1  -1 
59422.874376 0.437154 0.476802 10.685000 0.132000 16.278437 -0.687172 11.504593 -1.506765 0.132000 -0.819593 0.132000 1.251573  -1   1  -1 
59423.678423 -0.027916 0.110351 12.215036 0.105000 15.499329 0.139301 11.756078 0.598259 0.105000 0.458958 0.105000 1.251573  -1   2  -1 
59423.685999 -0.020340 0.116320 12.980036 0.105000 15.499329 0.105766 11.722546 1.363255 0.105000 1.257490 0.105000 1.251573  -1   2  -1 
59423.689751 -0.016588 0.119277 12.776036 0.105000 15.499329 0.089115 11.705914 1.159236 0.105000 1.070122 0.105000 1.251573  -1   2  -1 
