59331.910942 0.175857 0.001000 0 2 -1
59331.918466 0.176046 0.001000 0 2 -1
59331.922222 0.174662 0.001000 0 2 -1
59332.207998 0.171252 0.001000 0 3 -1
59332.210148 0.171228 0.001000 0 3 -1
59332.211228 0.171635 0.001000 0 3 -1
59332.969993 0.173879 0.001000 0 2 -1
59332.977517 0.175084 0.001000 0 2 -1
59332.981292 0.173396 0.001000 0 2 -1
59336.304991 0.172144 0.001000 0 0 -1
59336.308042 0.172204 0.001000 0 0 -1
59336.325718 0.171165 0.001000 0 3 -1
59336.327568 0.172145 0.001000 0 0 -1
59336.327884 0.170904 0.001000 0 3 -1
59336.328969 0.171086 0.001000 0 3 -1
59338.042522 0.174533 0.001000 0 2 -1
59338.046293 0.173282 0.001000 0 2 -1
59338.050047 0.172803 0.001000 0 2 -1
59338.315619 0.171886 0.001000 0 0 -1
59338.320768 0.172216 0.001000 0 0 -1
59338.325896 0.172828 0.001000 0 0 -1
59342.210748 0.171948 0.001000 0 0 -1
59342.214686 0.172125 0.001000 0 0 -1
59342.241901 0.170613 0.001000 0 3 -1
59342.242979 0.170489 0.001000 0 3 -1
59342.246214 0.170145 0.001000 0 3 -1
59343.033262 0.174898 0.001000 0 2 -1
59343.037020 0.173681 0.001000 0 2 -1
59343.044529 0.173163 0.001000 0 2 -1
59343.286665 0.171780 0.001000 0 0 -1
59343.289096 0.171660 0.001000 0 0 -1
59343.289106 0.170011 0.001000 0 3 -1
59343.290183 0.170731 0.001000 0 3 -1
59343.291259 0.170947 0.001000 0 3 -1
59343.294033 0.172304 0.001000 0 0 -1
59343.907627 0.175695 0.001000 0 2 -1
59343.915150 0.174920 0.001000 0 2 -1
59343.918906 0.175192 0.001000 0 2 -1
59344.203986 0.172254 0.001000 0 0 -1
59344.212541 0.171960 0.001000 0 0 -1
59344.214936 0.171550 0.001000 0 0 -1
59344.296993 0.170653 0.001000 0 3 -1
59344.298072 0.170664 0.001000 0 3 -1
59344.299149 0.170443 0.001000 0 3 -1
59345.139387 0.171861 0.001000 0 0 -1
59345.149920 0.171912 0.001000 0 0 -1
59345.155070 0.171899 0.001000 0 0 -1
59347.303929 0.172362 0.001000 0 0 -1
59347.310550 0.172036 0.001000 0 0 -1
59347.313078 0.172070 0.001000 0 0 -1
59348.335343 0.171963 0.001000 0 0 -1
59348.340472 0.171796 0.001000 0 0 -1
59348.355980 0.172092 0.001000 0 0 -1
59351.134253 0.172245 0.001000 0 0 -1
59351.925849 0.176079 0.001000 0 2 -1
59351.933363 0.175312 0.001000 0 2 -1
59351.940882 0.175624 0.001000 0 2 -1
59352.288332 0.171901 0.001000 0 0 -1
59352.295769 0.171904 0.001000 0 0 -1
59352.303366 0.171920 0.001000 0 0 -1
59353.933106 0.172970 0.001000 0 2 -1
59353.940630 0.173296 0.001000 0 2 -1
59353.948152 0.173158 0.001000 0 2 -1
59354.290147 0.171741 0.001000 0 0 -1
59354.315314 0.171831 0.001000 0 0 -1
59354.333188 0.171458 0.001000 0 0 -1
59356.342289 0.172332 0.001000 0 0 -1
59356.349504 0.172015 0.001000 0 0 -1
59356.358243 0.172196 0.001000 0 0 -1
59357.015033 0.175063 0.001000 0 2 -1
59357.022546 0.175715 0.001000 0 2 -1
59357.030079 0.176696 0.001000 0 2 -1
59357.312746 0.170541 0.001000 0 3 -1
59357.313826 0.171954 0.001000 0 3 -1
59357.315991 0.171377 0.001000 0 3 -1
59358.179087 0.172564 0.001000 0 0 -1
59358.182357 0.172608 0.001000 0 0 -1
59358.189133 0.172141 0.001000 0 0 -1
59358.246734 0.171244 0.001000 0 3 -1
59358.249988 0.171173 0.001000 0 3 -1
59358.251068 0.171074 0.001000 0 3 -1
59359.906084 0.174009 0.001000 0 2 -1
59359.909840 0.176380 0.001000 0 2 -1
59359.917365 0.175004 0.001000 0 2 -1
59360.134734 0.171172 0.001000 0 3 -1
59360.135814 0.171370 0.001000 0 3 -1
59360.139064 0.171703 0.001000 0 3 -1
59360.312529 0.172369 0.001000 0 0 -1
59360.329375 0.172078 0.001000 0 0 -1
59360.333492 0.172488 0.001000 0 0 -1
59367.002214 0.175820 0.001000 0 2 -1
59367.013493 0.176007 0.001000 0 2 -1
59367.021007 0.175992 0.001000 0 2 -1
59368.849669 0.175118 0.001000 0 2 -1
59368.853425 0.174398 0.001000 0 2 -1
59368.860949 0.173275 0.001000 0 2 -1
59369.160604 0.170222 0.001000 0 3 -1
59369.162772 0.171042 0.001000 0 3 -1
59369.164933 0.171039 0.001000 0 3 -1
59369.338722 0.172451 0.001000 0 0 -1
59369.341311 0.172378 0.001000 0 0 -1
59369.343901 0.172107 0.001000 0 0 -1
59372.316000 0.172200 0.001000 0 0 -1
59372.321291 0.172417 0.001000 0 0 -1
59372.329115 0.172434 0.001000 0 0 -1
59373.132495 0.171686 0.001000 0 3 -1
59373.134661 0.171084 0.001000 0 3 -1
59373.134795 0.172302 0.001000 0 0 -1
59373.136825 0.171428 0.001000 0 3 -1
59373.146871 0.171881 0.001000 0 0 -1
59373.155956 0.171980 0.001000 0 0 -1
59374.862390 0.174720 0.001000 0 2 -1
59374.869913 0.174341 0.001000 0 2 -1
59374.877438 0.175778 0.001000 0 2 -1
59375.943250 0.173838 0.001000 0 2 -1
59375.947007 0.172657 0.001000 0 2 -1
59375.958292 0.174215 0.001000 0 2 -1
59376.114966 0.171744 0.001000 0 0 -1
59376.131191 0.171829 0.001000 0 0 -1
59376.279875 0.170112 0.001000 0 3 -1
59376.280953 0.170969 0.001000 0 3 -1
59376.284186 0.170933 0.001000 0 3 -1
59376.854975 0.175499 0.001000 0 2 -1
59376.858735 0.176494 0.001000 0 2 -1
59376.862495 0.174732 0.001000 0 2 -1
59377.217707 0.171646 0.001000 0 3 -1
59377.218783 0.171476 0.001000 0 3 -1
59377.220937 0.171341 0.001000 0 3 -1
59377.306216 0.171706 0.001000 0 0 -1
59377.308785 0.172315 0.001000 0 0 -1
59377.311389 0.171868 0.001000 0 0 -1
59378.027247 0.173442 0.001000 0 2 -1
59378.031008 0.174491 0.001000 0 2 -1
59378.034758 0.172823 0.001000 0 2 -1
59378.341026 0.171435 0.001000 0 0 -1
59378.346558 0.171824 0.001000 0 0 -1
59378.354801 0.172039 0.001000 0 0 -1
59379.238888 0.172262 0.001000 0 0 -1
59379.241586 0.171968 0.001000 0 0 -1
59380.983715 0.175166 0.001000 0 2 -1
59380.991244 0.177021 0.001000 0 2 -1
59380.995013 0.174726 0.001000 0 2 -1
59381.175330 0.172240 0.001000 0 0 -1
59381.177929 0.171868 0.001000 0 0 -1
59381.183090 0.172237 0.001000 0 0 -1
59381.203493 0.171280 0.001000 0 3 -1
59381.206743 0.171110 0.001000 0 3 -1
59381.207827 0.171290 0.001000 0 3 -1
59381.963615 0.173511 0.001000 0 2 -1
59381.971138 0.175902 0.001000 0 2 -1
59381.974881 0.175295 0.001000 0 2 -1
59382.225641 0.171984 0.001000 0 3 -1
59382.226722 0.171660 0.001000 0 3 -1
59382.228877 0.171385 0.001000 0 3 -1
59382.246461 0.171945 0.001000 0 0 -1
59382.251402 0.172230 0.001000 0 0 -1
59382.253878 0.172366 0.001000 0 0 -1
59383.054816 0.177751 0.001000 0 2 -1
59383.058579 0.174424 0.001000 0 2 -1
59383.062343 0.174527 0.001000 0 2 -1
59383.169832 0.171361 0.001000 0 3 -1
59383.170916 0.171021 0.001000 0 3 -1
59383.173080 0.171762 0.001000 0 3 -1
59383.283138 0.172162 0.001000 0 0 -1
59383.285486 0.172048 0.001000 0 0 -1
59383.287842 0.171783 0.001000 0 0 -1
59385.982448 0.173887 0.001000 0 2 -1
59385.989962 0.175001 0.001000 0 2 -1
59385.993741 0.175660 0.001000 0 2 -1
59386.151208 0.171786 0.001000 0 3 -1
59386.153371 0.170741 0.001000 0 3 -1
59386.154453 0.171394 0.001000 0 3 -1
59386.189990 0.172156 0.001000 0 0 -1
59386.193878 0.172299 0.001000 0 0 -1
59386.199085 0.172270 0.001000 0 0 -1
59391.850225 0.175454 0.001000 0 2 -1
59391.853986 0.172931 0.001000 0 2 -1
59391.861521 0.173118 0.001000 0 2 -1
59392.112152 0.171843 0.001000 0 0 -1
59392.118396 0.172426 0.001000 0 0 -1
59392.127676 0.171741 0.001000 0 0 -1
59392.136898 0.170450 0.001000 0 3 -1
59392.139050 0.170555 0.001000 0 3 -1
59392.140127 0.171330 0.001000 0 3 -1
59393.993302 0.174512 0.001000 0 2 -1
59394.008333 0.176068 0.001000 0 2 -1
59394.045955 0.176103 0.001000 0 2 -1
59394.145736 0.172047 0.001000 0 0 -1
59394.155397 0.171918 0.001000 0 0 -1
59394.163640 0.172332 0.001000 0 0 -1
59395.866071 0.175693 0.001000 0 2 -1
59395.869818 0.174258 0.001000 0 2 -1
59395.873583 0.175746 0.001000 0 2 -1
59396.187173 0.174393 0.001000 0 1 -1
59396.187879 0.173545 0.001000 0 1 -1
59396.189291 0.173854 0.001000 0 1 -1
59396.220443 0.170922 0.001000 0 3 -1
59396.222596 0.172057 0.001000 0 3 -1
59396.224750 0.171126 0.001000 0 3 -1
59397.115183 0.172321 0.001000 0 0 -1
59397.120469 0.171821 0.001000 0 0 -1
59397.125699 0.172033 0.001000 0 0 -1
59397.297442 0.171132 0.001000 0 3 -1
59397.300685 0.170934 0.001000 0 3 -1
59397.301766 0.171429 0.001000 0 3 -1
59398.037895 0.175008 0.001000 0 2 -1
59398.041660 0.175101 0.001000 0 2 -1
59398.045410 0.176358 0.001000 0 2 -1
59398.142667 0.171075 0.001000 0 3 -1
59398.143749 0.170873 0.001000 0 3 -1
59398.146998 0.171297 0.001000 0 3 -1
59398.300886 0.172073 0.001000 0 0 -1
59398.305729 0.171275 0.001000 0 0 -1
59398.308270 0.171813 0.001000 0 0 -1
59399.148018 0.173528 0.001000 0 1 -1
59399.149429 0.173352 0.001000 0 1 -1
59399.150842 0.174868 0.001000 0 1 -1
59399.213724 0.171431 0.001000 0 3 -1
59399.215886 0.171510 0.001000 0 3 -1
59399.218057 0.171025 0.001000 0 3 -1
59399.332877 0.171963 0.001000 0 0 -1
59399.337621 0.171900 0.001000 0 0 -1
59399.341353 0.171592 0.001000 0 0 -1
59402.043841 0.175343 0.001000 0 2 -1
59402.051358 0.173585 0.001000 0 2 -1
59402.055121 0.175249 0.001000 0 2 -1
59402.066257 0.173044 0.001000 0 1 -1
59402.066964 0.172588 0.001000 0 1 -1
59402.069082 0.174388 0.001000 0 1 -1
59402.144161 0.171637 0.001000 0 0 -1
59402.149416 0.171846 0.001000 0 0 -1
59402.155836 0.171425 0.001000 0 0 -1
59402.241018 0.170921 0.001000 0 3 -1
59402.243182 0.170897 0.001000 0 3 -1
59402.244265 0.171354 0.001000 0 3 -1
59403.065435 0.174411 0.001000 0 1 -1
59403.066145 0.173833 0.001000 0 1 -1
59403.068259 0.174290 0.001000 0 1 -1
59403.072102 0.172573 0.001000 0 2 -1
59403.075858 0.174368 0.001000 0 2 -1
59403.079613 0.174529 0.001000 0 2 -1
59403.328261 0.171299 0.001000 0 3 -1
59403.331501 0.170804 0.001000 0 3 -1
59403.332582 0.171265 0.001000 0 3 -1
59404.130100 0.173859 0.001000 0 1 -1
59404.130806 0.174680 0.001000 0 1 -1
59404.131512 0.173436 0.001000 0 1 -1
59404.147896 0.170456 0.001000 0 3 -1
59404.151142 0.171314 0.001000 0 3 -1
59404.152229 0.170368 0.001000 0 3 -1
59404.243084 0.171232 0.001000 0 0 -1
59404.246911 0.171370 0.001000 0 0 -1
59404.249377 0.171158 0.001000 0 0 -1
59404.897856 0.175686 0.001000 0 2 -1
59404.901620 0.174793 0.001000 0 2 -1
59404.909146 0.174742 0.001000 0 2 -1
59405.155366 0.174194 0.001000 0 1 -1
59405.156072 0.173485 0.001000 0 1 -1
59405.156778 0.174668 0.001000 0 1 -1
59405.165807 0.171453 0.001000 0 3 -1
59405.166887 0.170786 0.001000 0 3 -1
59405.170129 0.170897 0.001000 0 3 -1
59405.284088 0.171332 0.001000 0 0 -1
59405.289155 0.171428 0.001000 0 0 -1
59405.347238 0.171281 0.001000 0 0 -1
59405.996500 0.173729 0.001000 0 2 -1
59406.000266 0.175586 0.001000 0 2 -1
59406.007795 0.176453 0.001000 0 2 -1
59406.186777 0.175409 0.001000 0 1 -1
59406.187484 0.173428 0.001000 0 1 -1
59406.189602 0.173887 0.001000 0 1 -1
59406.345825 0.170282 0.001000 0 3 -1
59406.347986 0.171096 0.001000 0 3 -1
59406.350150 0.170698 0.001000 0 3 -1
59408.098703 0.173860 0.001000 0 1 -1
59408.100821 0.174256 0.001000 0 1 -1
59408.101527 0.172883 0.001000 0 1 -1
59408.334251 0.172086 0.001000 0 0 -1
59408.336670 0.171510 0.001000 0 0 -1
59408.341421 0.171862 0.001000 0 0 -1
59410.105733 0.175595 0.001000 0 1 -1
59410.106439 0.175255 0.001000 0 1 -1
59410.107149 0.174575 0.001000 0 1 -1
59410.189416 0.171193 0.001000 0 3 -1
59410.190499 0.171068 0.001000 0 3 -1
59410.192661 0.170741 0.001000 0 3 -1
59410.317432 0.171777 0.001000 0 0 -1
59410.327634 0.172040 0.001000 0 0 -1
59410.338430 0.171948 0.001000 0 0 -1
59411.959050 0.174872 0.001000 0 2 -1
59411.966557 0.173342 0.001000 0 2 -1
59411.977856 0.172829 0.001000 0 2 -1
59412.101783 0.173061 0.001000 0 1 -1
59412.103195 0.173691 0.001000 0 1 -1
59412.104608 0.174501 0.001000 0 1 -1
59412.205476 0.172385 0.001000 0 0 -1
59412.219861 0.172176 0.001000 0 0 -1
59412.222210 0.172254 0.001000 0 0 -1
59412.340509 0.171332 0.001000 0 3 -1
59412.342670 0.171280 0.001000 0 3 -1
59412.343751 0.171109 0.001000 0 3 -1
59414.906694 0.175420 0.001000 0 2 -1
59414.910447 0.177183 0.001000 0 2 -1
59414.917974 0.175376 0.001000 0 2 -1
59415.074018 0.174284 0.001000 0 1 -1
59415.074723 0.174044 0.001000 0 1 -1
59415.076140 0.174042 0.001000 0 1 -1
59415.104726 0.171838 0.001000 0 0 -1
59415.108718 0.171824 0.001000 0 0 -1
59415.119373 0.171929 0.001000 0 0 -1
59415.233125 0.171611 0.001000 0 3 -1
59415.234204 0.170779 0.001000 0 3 -1
59415.236365 0.171032 0.001000 0 3 -1
59419.940294 0.175657 0.001000 0 2 -1
59419.944174 0.176832 0.001000 0 2 -1
59419.951685 0.174972 0.001000 0 2 -1
59420.190983 0.170794 0.001000 0 3 -1
59420.193142 0.171189 0.001000 0 3 -1
59420.195294 0.170371 0.001000 0 3 -1
59420.274197 0.172645 0.001000 0 0 -1
59420.284476 0.172156 0.001000 0 0 -1
59420.287906 0.172001 0.001000 0 0 -1
