59332.006941 6852.810330 0.005000 0 2 -1
59332.010697 6855.458143 0.005000 0 2 -1
59332.018222 6852.635904 0.005000 0 2 -1
59332.306663 6892.488810 0.005000 0 3 -1
59332.307740 6894.685190 0.005000 0 3 -1
59332.309894 6893.495897 0.005000 0 3 -1
59333.028376 6855.927691 0.005000 0 2 -1
59333.032134 6853.695488 0.005000 0 2 -1
59333.035893 6855.681720 0.005000 0 2 -1
59333.995446 6857.915127 0.005000 0 2 -1
59333.999199 6854.065608 0.005000 0 2 -1
59334.002965 6857.544900 0.005000 0 2 -1
59336.276465 6891.647253 0.005000 0 3 -1
59336.277548 6893.211594 0.005000 0 3 -1
59336.280796 6892.874532 0.005000 0 3 -1
59336.400193 6682.130322 0.005000 0 0 -1
59336.416737 6681.326258 0.005000 0 0 -1
59336.422845 6681.867456 0.005000 0 0 -1
59337.263532 6678.990953 0.005000 0 0 -1
59337.266663 6682.324172 0.005000 0 0 -1
59337.269779 6686.358920 0.005000 0 0 -1
59337.335120 6896.556069 0.005000 0 3 -1
59337.337279 6894.950554 0.005000 0 3 -1
59337.339441 6895.923372 0.005000 0 3 -1
59338.153576 6854.925567 0.005000 0 2 -1
59338.157325 6851.837516 0.005000 0 2 -1
59338.161096 6851.125340 0.005000 0 2 -1
59338.435571 6692.953475 0.005000 0 0 -1
59338.440699 6692.072785 0.005000 0 0 -1
59338.444732 6687.896959 0.005000 0 0 -1
59339.063179 6849.547695 0.005000 0 2 -1
59339.066933 6851.897700 0.005000 0 2 -1
59339.070709 6854.779048 0.005000 0 2 -1
59339.274224 6897.926717 0.005000 0 3 -1
59339.275304 6897.798614 0.005000 0 3 -1
59339.277455 6892.978212 0.005000 0 3 -1
59339.384815 6681.442595 0.005000 0 0 -1
59339.403186 6681.691794 0.005000 0 0 -1
59339.411738 6687.305867 0.005000 0 0 -1
59340.258227 6891.815056 0.005000 0 3 -1
59340.260381 6897.308520 0.005000 0 3 -1
59340.261456 6897.893783 0.005000 0 3 -1
59340.324968 6685.918549 0.005000 0 0 -1
59340.352375 6685.477421 0.005000 0 0 -1
59340.357133 6688.610263 0.005000 0 0 -1
59343.151823 6853.150132 0.005000 0 2 -1
59343.155580 6857.886959 0.005000 0 2 -1
59343.159332 6853.511457 0.005000 0 2 -1
59343.385508 6683.697623 0.005000 0 0 -1
59343.387930 6683.977090 0.005000 0 0 -1
59343.390359 6686.762666 0.005000 0 0 -1
59343.417903 6891.608588 0.005000 0 3 -1
59343.418979 6894.926574 0.005000 0 3 -1
59343.422209 6893.091830 0.005000 0 3 -1
59345.291819 6687.542049 0.005000 0 0 -1
59345.294372 6688.880262 0.005000 0 0 -1
59345.296927 6686.940639 0.005000 0 0 -1
59346.361714 6685.715684 0.005000 0 0 -1
59346.364355 6680.619869 0.005000 0 0 -1
59346.367014 6683.476320 0.005000 0 0 -1
59348.430514 6690.174725 0.005000 0 0 -1
59348.438424 6686.921413 0.005000 0 0 -1
59348.455275 6692.537786 0.005000 0 0 -1
59349.178192 6853.723697 0.005000 0 2 -1
59349.181949 6856.799397 0.005000 0 2 -1
59349.185702 6855.505697 0.005000 0 2 -1
59349.401120 6689.523647 0.005000 0 0 -1
59349.424112 6692.051107 0.005000 0 0 -1
59349.445857 6691.955528 0.005000 0 0 -1
59352.115809 6854.111491 0.005000 0 2 -1
59352.119575 6858.501491 0.005000 0 2 -1
59352.123331 6857.956507 0.005000 0 2 -1
59352.415700 6687.266813 0.005000 0 0 -1
59352.418169 6689.189464 0.005000 0 0 -1
59352.420632 6690.623397 0.005000 0 0 -1
59359.231744 6684.665480 0.005000 0 0 -1
59359.239493 6682.575104 0.005000 0 0 -1
59359.252106 6688.734782 0.005000 0 0 -1
59359.432389 6898.989152 0.005000 0 3 -1
59359.433471 6896.625947 0.005000 0 3 -1
59359.434550 6896.352377 0.005000 0 3 -1
59360.077277 6858.727770 0.005000 0 2 -1
59360.081036 6857.713578 0.005000 0 2 -1
59360.088553 6859.679675 0.005000 0 2 -1
59360.251700 6895.234055 0.005000 0 3 -1
59360.252784 6897.681603 0.005000 0 3 -1
59360.256025 6896.850089 0.005000 0 3 -1
59360.336325 6687.927628 0.005000 0 0 -1
59360.339098 6686.856220 0.005000 0 0 -1
59360.344817 6687.899916 0.005000 0 0 -1
59363.015940 6855.170782 0.005000 0 2 -1
59363.027286 6857.901684 0.005000 0 2 -1
59363.038617 6856.762106 0.005000 0 2 -1
59363.274093 6689.766051 0.005000 0 0 -1
59363.281366 6689.731800 0.005000 0 0 -1
59363.284271 6688.888308 0.005000 0 0 -1
59363.324373 6899.546464 0.005000 0 3 -1
59363.325453 6898.946491 0.005000 0 3 -1
59363.326535 6899.268035 0.005000 0 3 -1
59365.326357 6899.453651 0.005000 0 3 -1
59365.327439 6904.092983 0.005000 0 3 -1
59365.328519 6903.636161 0.005000 0 3 -1
59365.455657 6692.168287 0.005000 0 0 -1
59365.460982 6694.153129 0.005000 0 0 -1
59365.465061 6692.691474 0.005000 0 0 -1
59365.965873 6857.076091 0.005000 0 2 -1
59365.969634 6858.498493 0.005000 0 2 -1
59365.973394 6860.561909 0.005000 0 2 -1
59366.269992 6691.333238 0.005000 0 0 -1
59366.288629 6694.348306 0.005000 0 0 -1
59367.165860 6859.116040 0.005000 0 2 -1
59367.169615 6859.401527 0.005000 0 2 -1
59367.180891 6858.896048 0.005000 0 2 -1
59374.118594 6858.361149 0.005000 0 2 -1
59374.122375 6856.851470 0.005000 0 2 -1
59374.126132 6856.140229 0.005000 0 2 -1
59374.404554 6694.263526 0.005000 0 0 -1
59374.407149 6697.223590 0.005000 0 0 -1
59374.409745 6694.919181 0.005000 0 0 -1
59374.423715 6894.931461 0.005000 0 3 -1
59374.424792 6895.158741 0.005000 0 3 -1
59374.425867 6898.152777 0.005000 0 3 -1
59375.146394 6855.674030 0.005000 0 2 -1
59375.153901 6856.466621 0.005000 0 2 -1
59375.157668 6856.318277 0.005000 0 2 -1
59376.106944 6855.471066 0.005000 0 2 -1
59376.110707 6860.795509 0.005000 0 2 -1
59376.114456 6855.343638 0.005000 0 2 -1
59376.328796 6899.746328 0.005000 0 3 -1
59376.330954 6896.500722 0.005000 0 3 -1
59376.332029 6892.079949 0.005000 0 3 -1
59376.381029 6694.145064 0.005000 0 0 -1
59376.383480 6701.558430 0.005000 0 0 -1
59376.385940 6697.126316 0.005000 0 0 -1
59377.071437 6857.915068 0.005000 0 2 -1
59377.075193 6856.377380 0.005000 0 2 -1
59377.078950 6855.658337 0.005000 0 2 -1
59377.242108 6903.129012 0.005000 0 3 -1
59377.243184 6898.533994 0.005000 0 3 -1
59377.244263 6895.635271 0.005000 0 3 -1
59377.342941 6703.507960 0.005000 0 0 -1
59377.350605 6703.203774 0.005000 0 0 -1
59377.353214 6698.413376 0.005000 0 0 -1
59380.096782 6860.510157 0.005000 0 2 -1
59380.100543 6857.544560 0.005000 0 2 -1
59380.104306 6861.743474 0.005000 0 2 -1
59380.323831 6903.571619 0.005000 0 3 -1
59380.324914 6905.355975 0.005000 0 3 -1
59380.325993 6901.020912 0.005000 0 3 -1
59380.384093 6703.346503 0.005000 0 0 -1
59380.388188 6702.767617 0.005000 0 0 -1
59380.393616 6698.899104 0.005000 0 0 -1
59381.200072 6862.525922 0.005000 0 2 -1
59381.203825 6864.668750 0.005000 0 2 -1
59381.215103 6864.526086 0.005000 0 2 -1
59381.381518 6704.270117 0.005000 0 0 -1
59381.384045 6704.976931 0.005000 0 0 -1
59381.386578 6704.595926 0.005000 0 0 -1
59381.406621 6899.015882 0.005000 0 3 -1
59381.407695 6896.791854 0.005000 0 3 -1
59381.408775 6898.421630 0.005000 0 3 -1
59382.033277 6863.824724 0.005000 0 2 -1
59382.037029 6859.614310 0.005000 0 2 -1
59382.044555 6862.315322 0.005000 0 2 -1
59382.290252 6707.746321 0.005000 0 0 -1
59382.292840 6707.601708 0.005000 0 0 -1
59382.298023 6704.785602 0.005000 0 0 -1
59382.403096 6900.060760 0.005000 0 3 -1
59382.405263 6901.644400 0.005000 0 3 -1
59382.406342 6901.096259 0.005000 0 3 -1
59384.082315 6865.302538 0.005000 0 2 -1
59384.089829 6861.259226 0.005000 0 2 -1
59384.093591 6862.044933 0.005000 0 2 -1
59384.246229 6708.599645 0.005000 0 0 -1
59384.248796 6711.834562 0.005000 0 0 -1
59384.256677 6706.632994 0.005000 0 0 -1
59384.295514 6897.896431 0.005000 0 3 -1
59384.297674 6894.079207 0.005000 0 3 -1
59384.299834 6898.790851 0.005000 0 3 -1
59385.013206 6858.224406 0.005000 0 2 -1
59385.016977 6861.470687 0.005000 0 2 -1
59385.020735 6860.016682 0.005000 0 2 -1
59385.306628 6709.736174 0.005000 0 0 -1
59385.313976 6709.994160 0.005000 0 0 -1
59385.317776 6707.204804 0.005000 0 0 -1
59387.212516 6701.076350 0.005000 0 0 -1
59387.235656 6698.625797 0.005000 0 0 -1
59387.271355 6703.940232 0.005000 0 0 -1
59387.462050 6893.322754 0.005000 0 3 -1
59387.464214 6893.985220 0.005000 0 3 -1
59387.465294 6896.417419 0.005000 0 3 -1
59388.317585 6710.740678 0.005000 0 0 -1
59388.320263 6707.983906 0.005000 0 0 -1
59388.330346 6710.550206 0.005000 0 0 -1
59390.032461 6864.500367 0.005000 0 2 -1
59390.036233 6864.061776 0.005000 0 2 -1
59390.051336 6865.951121 0.005000 0 2 -1
59390.332998 6902.215959 0.005000 0 3 -1
59390.335169 6898.269919 0.005000 0 3 -1
59390.336248 6897.925959 0.005000 0 3 -1
59390.466471 6702.831849 0.005000 0 0 -1
59390.468994 6708.240166 0.005000 0 0 -1
59390.476800 6706.485817 0.005000 0 0 -1
59391.101048 6862.784828 0.005000 0 2 -1
59391.104813 6857.020867 0.005000 0 2 -1
59391.108569 6858.904140 0.005000 0 2 -1
59391.249979 6898.580941 0.005000 0 3 -1
59391.251060 6898.811793 0.005000 0 3 -1
59391.254303 6899.079301 0.005000 0 3 -1
59393.028932 6864.357272 0.005000 0 2 -1
59393.032674 6861.225821 0.005000 0 2 -1
59393.040207 6859.340773 0.005000 0 2 -1
59393.309947 6698.833872 0.005000 0 0 -1
59393.314340 6695.662980 0.005000 0 0 -1
59393.317331 6696.451818 0.005000 0 0 -1
59394.010596 6864.109722 0.005000 0 2 -1
59394.014351 6864.660871 0.005000 0 2 -1
59394.018114 6861.386311 0.005000 0 2 -1
59394.431807 6691.185291 0.005000 0 0 -1
59394.434387 6689.931648 0.005000 0 0 -1
59394.442145 6690.396629 0.005000 0 0 -1
59397.278314 6903.035307 0.005000 0 3 -1
59397.279395 6903.536323 0.005000 0 3 -1
59397.281550 6898.587963 0.005000 0 3 -1
59397.317987 6695.949807 0.005000 0 0 -1
59397.323151 6698.710798 0.005000 0 0 -1
59397.330649 6694.325251 0.005000 0 0 -1
59400.182217 6860.563434 0.005000 0 2 -1
59400.193513 6859.304262 0.005000 0 2 -1
59400.197273 6855.505806 0.005000 0 2 -1
59400.261026 6941.985259 0.005000 0 1 -1
59400.262438 6940.930235 0.005000 0 1 -1
59400.263143 6943.503560 0.005000 0 1 -1
59400.434436 6696.104909 0.005000 0 0 -1
59400.441751 6697.285756 0.005000 0 0 -1
59400.444451 6692.526090 0.005000 0 0 -1
59400.447219 6900.144053 0.005000 0 3 -1
59400.448299 6897.535486 0.005000 0 3 -1
59400.449381 6898.258939 0.005000 0 3 -1
59402.008178 6861.704465 0.005000 0 2 -1
59402.015702 6866.835781 0.005000 0 2 -1
59402.023244 6861.101497 0.005000 0 2 -1
59402.293839 6896.659230 0.005000 0 3 -1
59402.294916 6896.376783 0.005000 0 3 -1
59402.298153 6896.862411 0.005000 0 3 -1
59402.301048 6940.971829 0.005000 0 1 -1
59402.302461 6939.757641 0.005000 0 1 -1
59402.303873 6937.975608 0.005000 0 1 -1
59402.398627 6698.274350 0.005000 0 0 -1
59402.403556 6696.616343 0.005000 0 0 -1
59402.478835 6694.225668 0.005000 0 0 -1
59408.209976 6948.276863 0.005000 0 1 -1
59408.211388 6945.262643 0.005000 0 1 -1
59408.212094 6950.943372 0.005000 0 1 -1
59408.440700 6700.552279 0.005000 0 0 -1
59408.446714 6699.599460 0.005000 0 0 -1
59408.449054 6699.589173 0.005000 0 0 -1
59409.262481 6699.261944 0.005000 0 0 -1
59409.269018 6703.898126 0.005000 0 0 -1
59409.276369 6702.268299 0.005000 0 0 -1
59409.333271 6903.886907 0.005000 0 3 -1
59409.334349 6903.983499 0.005000 0 3 -1
59409.336513 6901.351437 0.005000 0 3 -1
59410.236809 6945.188320 0.005000 0 1 -1
59410.238929 6946.524965 0.005000 0 1 -1
59410.239633 6938.785573 0.005000 0 1 -1
59410.294475 6898.860799 0.005000 0 3 -1
59410.295556 6901.383226 0.005000 0 3 -1
59410.298802 6899.225346 0.005000 0 3 -1
59410.429899 6699.432553 0.005000 0 0 -1
59410.432235 6699.585457 0.005000 0 0 -1
59410.442437 6699.347534 0.005000 0 0 -1
59411.436490 6900.506150 0.005000 0 3 -1
59411.437564 6899.414084 0.005000 0 3 -1
59411.438241 6696.331817 0.005000 0 0 -1
59411.438644 6900.492526 0.005000 0 3 -1
59411.440792 6700.262434 0.005000 0 0 -1
59411.448172 6694.985860 0.005000 0 0 -1
59412.991065 6854.718458 0.005000 0 2 -1
59412.998597 6861.805438 0.005000 0 2 -1
59413.002357 6862.955929 0.005000 0 2 -1
59413.457533 6698.285149 0.005000 0 0 -1
59413.459850 6693.530733 0.005000 0 0 -1
59413.469050 6696.540844 0.005000 0 0 -1
59414.175358 6865.367936 0.005000 0 2 -1
59414.179125 6863.296780 0.005000 0 2 -1
59414.190436 6857.498321 0.005000 0 2 -1
59414.232605 6942.872132 0.005000 0 1 -1
59414.234017 6945.934541 0.005000 0 1 -1
59414.235429 6942.436641 0.005000 0 1 -1
59414.293360 6899.553424 0.005000 0 3 -1
59414.295522 6899.145478 0.005000 0 3 -1
59414.296604 6899.265660 0.005000 0 3 -1
59414.303185 6695.406815 0.005000 0 0 -1
59414.307776 6699.618241 0.005000 0 0 -1
59414.312337 6698.018357 0.005000 0 0 -1
59415.126845 6866.079429 0.005000 0 2 -1
59415.130614 6858.532816 0.005000 0 2 -1
59415.138141 6860.324931 0.005000 0 2 -1
59415.217768 6947.753681 0.005000 0 1 -1
59415.219180 6941.983077 0.005000 0 1 -1
59415.219886 6943.889981 0.005000 0 1 -1
59415.255964 6700.989115 0.005000 0 0 -1
59415.258689 6700.799208 0.005000 0 0 -1
59415.264112 6699.216408 0.005000 0 0 -1
59415.346852 6903.071627 0.005000 0 3 -1
59415.347928 6901.236688 0.005000 0 3 -1
59415.350088 6900.809851 0.005000 0 3 -1
59417.018476 6860.425556 0.005000 0 2 -1
59417.022227 6859.944339 0.005000 0 2 -1
59417.029743 6860.128003 0.005000 0 2 -1
59417.415272 6701.455514 0.005000 0 0 -1
59417.418180 6702.288692 0.005000 0 0 -1
59417.424318 6698.401832 0.005000 0 0 -1
59420.047570 6858.990561 0.005000 0 2 -1
59420.051336 6860.566285 0.005000 0 2 -1
59420.055097 6856.028389 0.005000 0 2 -1
59420.315308 6694.884749 0.005000 0 0 -1
59420.318857 6693.541878 0.005000 0 0 -1
59420.325989 6698.084534 0.005000 0 0 -1
59420.352129 6895.895657 0.005000 0 3 -1
59420.354291 6899.047379 0.005000 0 3 -1
59420.355373 6896.240710 0.005000 0 3 -1
