59333.415568 6857.534933 0.005000 0 2 -1
59333.423109 6855.135080 0.005000 0 2 -1
59333.430622 6853.731365 0.005000 0 2 -1
59336.743932 6891.403668 0.005000 0 3 -1
59336.746093 6891.483155 0.005000 0 3 -1
59336.748248 6892.823945 0.005000 0 3 -1
59336.758799 6681.325949 0.005000 0 0 -1
59336.761856 6685.769775 0.005000 0 0 -1
59336.784434 6686.727772 0.005000 0 0 -1
59337.622814 6680.204712 0.005000 0 0 -1
59337.625851 6681.220250 0.005000 0 0 -1
59337.634966 6680.340136 0.005000 0 0 -1
59337.774001 6893.694750 0.005000 0 3 -1
59337.775076 6895.997693 0.005000 0 3 -1
59337.776152 6894.457296 0.005000 0 3 -1
59338.510680 6851.333781 0.005000 0 2 -1
59338.518212 6849.091849 0.005000 0 2 -1
59338.521961 6851.677132 0.005000 0 2 -1
59338.772484 6692.140524 0.005000 0 0 -1
59338.777633 6692.942924 0.005000 0 0 -1
59338.786794 6687.903250 0.005000 0 0 -1
59339.420290 6854.020509 0.005000 0 2 -1
59339.424038 6852.372364 0.005000 0 2 -1
59339.431563 6854.666691 0.005000 0 2 -1
59339.726877 6681.437929 0.005000 0 0 -1
59339.748089 6684.340130 0.005000 0 0 -1
59339.753800 6687.296862 0.005000 0 0 -1
59339.767903 6895.308777 0.005000 0 3 -1
59339.770056 6894.184643 0.005000 0 3 -1
59339.772210 6892.324657 0.005000 0 3 -1
59340.663677 6685.870202 0.005000 0 0 -1
59340.694437 6685.475875 0.005000 0 0 -1
59340.699195 6688.591908 0.005000 0 0 -1
59340.735605 6892.465244 0.005000 0 3 -1
59340.736685 6897.988848 0.005000 0 3 -1
59340.737757 6892.913727 0.005000 0 3 -1
59343.369853 6854.444515 0.005000 0 2 -1
59343.381119 6857.558363 0.005000 0 2 -1
59343.384884 6853.399840 0.005000 0 2 -1
59343.648634 6683.516886 0.005000 0 0 -1
59343.651061 6684.398375 0.005000 0 0 -1
59343.663289 6683.896523 0.005000 0 0 -1
59343.768576 6894.169603 0.005000 0 3 -1
59343.770730 6892.324680 0.005000 0 3 -1
59343.771806 6891.403326 0.005000 0 3 -1
59344.368252 6855.286649 0.005000 0 2 -1
59344.372016 6855.846633 0.005000 0 2 -1
59344.375772 6854.379521 0.005000 0 2 -1
59344.663294 6686.234532 0.005000 0 0 -1
59344.665672 6687.794874 0.005000 0 0 -1
59344.669407 6687.208441 0.005000 0 0 -1
59344.741987 6897.855451 0.005000 0 3 -1
59344.744139 6894.476723 0.005000 0 3 -1
59344.746313 6896.453468 0.005000 0 3 -1
59345.730910 6690.249434 0.005000 0 0 -1
59345.733502 6686.081074 0.005000 0 0 -1
59345.745283 6686.483029 0.005000 0 0 -1
59346.732442 6685.612845 0.005000 0 0 -1
59346.735098 6688.571245 0.005000 0 0 -1
59346.749872 6687.467886 0.005000 0 0 -1
59347.626714 6687.244183 0.005000 0 0 -1
59347.634785 6686.375925 0.005000 0 0 -1
59347.637464 6684.568623 0.005000 0 0 -1
59348.792209 6691.153923 0.005000 0 0 -1
59348.797338 6692.533664 0.005000 0 0 -1
59348.812845 6689.911398 0.005000 0 0 -1
59349.366130 6859.964962 0.005000 0 2 -1
59349.369887 6857.007211 0.005000 0 2 -1
59349.377427 6853.347713 0.005000 0 2 -1
59349.700389 6688.016889 0.005000 0 0 -1
59349.702931 6692.447884 0.005000 0 0 -1
59349.734022 6687.377803 0.005000 0 0 -1
59350.695440 6688.947916 0.005000 0 0 -1
59350.715111 6687.724373 0.005000 0 0 -1
59350.755843 6688.761912 0.005000 0 0 -1
59357.490732 6858.574581 0.005000 0 2 -1
59357.494508 6861.631542 0.005000 0 2 -1
59357.502026 6852.813165 0.005000 0 2 -1
59357.803088 6891.389858 0.005000 0 3 -1
59357.805244 6894.650616 0.005000 0 3 -1
59357.806327 6896.235822 0.005000 0 3 -1
59359.634063 6684.955248 0.005000 0 0 -1
59359.637019 6684.182122 0.005000 0 0 -1
59359.639991 6688.263753 0.005000 0 0 -1
59359.798500 6895.442852 0.005000 0 3 -1
59359.801742 6895.777893 0.005000 0 3 -1
59359.802825 6895.109133 0.005000 0 3 -1
59360.366705 6857.466192 0.005000 0 2 -1
59360.370459 6854.756823 0.005000 0 2 -1
59360.374230 6854.560965 0.005000 0 2 -1
59360.579706 6895.074663 0.005000 0 3 -1
59360.582952 6896.865360 0.005000 0 3 -1
59360.584039 6896.054359 0.005000 0 3 -1
59360.704812 6691.150254 0.005000 0 0 -1
59360.707526 6692.774563 0.005000 0 0 -1
59360.710230 6689.127022 0.005000 0 0 -1
59361.434195 6850.252414 0.005000 0 2 -1
59361.441708 6855.502690 0.005000 0 2 -1
59361.449249 6856.410772 0.005000 0 2 -1
59361.621136 6900.882306 0.005000 0 3 -1
59361.623290 6897.486227 0.005000 0 3 -1
59361.625447 6899.485523 0.005000 0 3 -1
59361.813458 6689.096265 0.005000 0 0 -1
59361.816359 6691.603632 0.005000 0 0 -1
59361.826016 6685.982013 0.005000 0 0 -1
59362.343070 6859.466655 0.005000 0 2 -1
59362.350594 6857.314722 0.005000 0 2 -1
59362.354358 6854.453144 0.005000 0 2 -1
59362.644832 6689.406498 0.005000 0 0 -1
59362.651941 6689.639584 0.005000 0 0 -1
59362.660267 6691.902394 0.005000 0 0 -1
59362.805922 6894.685222 0.005000 0 3 -1
59362.808087 6896.927702 0.005000 0 3 -1
59362.810255 6892.569904 0.005000 0 3 -1
59370.462171 6856.180377 0.005000 0 2 -1
59370.465945 6855.915211 0.005000 0 2 -1
59370.477226 6856.202516 0.005000 0 2 -1
59370.707564 6701.337423 0.005000 0 0 -1
59370.709941 6699.077494 0.005000 0 0 -1
59370.712327 6700.009916 0.005000 0 0 -1
59370.723677 6893.276706 0.005000 0 3 -1
59370.726929 6892.414436 0.005000 0 3 -1
59370.728010 6894.256448 0.005000 0 3 -1
59373.603736 6698.723624 0.005000 0 0 -1
59373.615305 6896.815081 0.005000 0 3 -1
59373.616386 6893.661235 0.005000 0 3 -1
59373.618558 6898.143324 0.005000 0 3 -1
59373.624550 6700.572486 0.005000 0 0 -1
59373.633120 6700.020340 0.005000 0 0 -1
59375.394436 6857.037407 0.005000 0 2 -1
59375.398198 6855.403890 0.005000 0 2 -1
59375.409461 6857.439769 0.005000 0 2 -1
59376.392565 6861.471956 0.005000 0 2 -1
59376.396355 6861.136480 0.005000 0 2 -1
59376.403872 6856.383762 0.005000 0 2 -1
59376.571831 6701.059074 0.005000 0 0 -1
59376.588056 6698.959180 0.005000 0 0 -1
59376.595203 6701.065610 0.005000 0 0 -1
59376.802522 6895.810484 0.005000 0 3 -1
59376.804679 6897.425661 0.005000 0 3 -1
59376.805759 6898.316376 0.005000 0 3 -1
59378.476594 6860.086977 0.005000 0 2 -1
59378.480344 6856.952040 0.005000 0 2 -1
59378.487873 6861.948622 0.005000 0 2 -1
59378.699734 6702.562459 0.005000 0 0 -1
59378.702466 6703.864696 0.005000 0 0 -1
59378.709252 6703.096763 0.005000 0 0 -1
59380.359865 6858.181581 0.005000 0 2 -1
59380.367395 6856.075506 0.005000 0 2 -1
59380.371145 6858.965508 0.005000 0 2 -1
59380.646385 6898.274657 0.005000 0 3 -1
59380.649626 6900.308965 0.005000 0 3 -1
59380.650710 6897.301873 0.005000 0 3 -1
59380.732967 6698.508965 0.005000 0 0 -1
59380.735678 6698.841856 0.005000 0 0 -1
59380.738385 6698.307192 0.005000 0 0 -1
59381.466918 6864.133690 0.005000 0 2 -1
59381.470689 6863.083966 0.005000 0 2 -1
59381.474453 6863.145191 0.005000 0 2 -1
59381.659324 6701.159866 0.005000 0 0 -1
59381.664489 6703.837490 0.005000 0 0 -1
59381.667068 6701.454595 0.005000 0 0 -1
59381.733551 6900.481297 0.005000 0 3 -1
59381.734634 6900.791823 0.005000 0 3 -1
59381.737886 6903.220881 0.005000 0 3 -1
59385.362798 6860.012634 0.005000 0 2 -1
59385.366556 6865.094293 0.005000 0 2 -1
59385.370316 6860.365834 0.005000 0 2 -1
59385.581264 6706.568330 0.005000 0 0 -1
59385.587666 6708.470799 0.005000 0 0 -1
59385.590182 6707.246697 0.005000 0 0 -1
59386.443079 6857.494500 0.005000 0 2 -1
59386.446827 6860.304746 0.005000 0 2 -1
59386.450607 6857.175643 0.005000 0 2 -1
59386.595710 6706.389944 0.005000 0 0 -1
59386.603915 6708.234809 0.005000 0 0 -1
59386.606545 6707.131876 0.005000 0 0 -1
59386.703272 6899.336702 0.005000 0 3 -1
59386.705429 6897.590384 0.005000 0 3 -1
59386.706512 6898.819202 0.005000 0 3 -1
59391.375417 6858.276881 0.005000 0 2 -1
59391.379191 6863.190410 0.005000 0 2 -1
59391.382954 6858.310601 0.005000 0 2 -1
59391.660273 6897.085423 0.005000 0 3 -1
59391.661354 6899.031750 0.005000 0 3 -1
59391.664593 6904.208280 0.005000 0 3 -1
59393.310834 6858.085004 0.005000 0 2 -1
59393.314594 6862.314926 0.005000 0 2 -1
59393.322098 6856.854327 0.005000 0 2 -1
59393.594187 6694.948928 0.005000 0 0 -1
59393.600525 6697.613394 0.005000 0 0 -1
59393.606727 6696.527898 0.005000 0 0 -1
59395.442135 6860.473750 0.005000 0 2 -1
59395.453411 6863.994229 0.005000 0 2 -1
59395.457170 6859.132224 0.005000 0 2 -1
59395.572195 6696.986571 0.005000 0 0 -1
59395.574764 6695.553184 0.005000 0 0 -1
59395.577380 6696.808348 0.005000 0 0 -1
59396.311645 6867.300924 0.005000 0 2 -1
59396.315414 6863.933910 0.005000 0 2 -1
59396.319177 6864.870516 0.005000 0 2 -1
59396.579107 6940.746931 0.005000 0 1 -1
59396.579814 6947.379044 0.005000 0 1 -1
59396.580519 6942.644129 0.005000 0 1 -1
59396.619026 6903.910927 0.005000 0 3 -1
59396.620108 6900.310861 0.005000 0 3 -1
59396.621182 6902.950708 0.005000 0 3 -1
59397.589175 6696.112553 0.005000 0 0 -1
59397.591752 6696.498167 0.005000 0 0 -1
59397.599634 6699.251507 0.005000 0 0 -1
59397.740252 6900.043003 0.005000 0 3 -1
59397.741329 6901.150938 0.005000 0 3 -1
59397.742415 6901.083711 0.005000 0 3 -1
59398.321760 6858.061054 0.005000 0 2 -1
59398.329290 6863.121533 0.005000 0 2 -1
59398.333049 6861.403245 0.005000 0 2 -1
59398.648195 6901.019255 0.005000 0 3 -1
59398.649276 6905.788655 0.005000 0 3 -1
59398.650357 6905.653370 0.005000 0 3 -1
59398.778715 6693.301626 0.005000 0 0 -1
59398.783543 6693.696638 0.005000 0 0 -1
59398.788328 6696.463023 0.005000 0 0 -1
59399.604176 6938.572477 0.005000 0 1 -1
59399.604883 6939.069573 0.005000 0 1 -1
59399.606294 6942.676322 0.005000 0 1 -1
59399.698526 6692.646247 0.005000 0 0 -1
59399.704689 6691.405495 0.005000 0 0 -1
59399.711896 6694.932027 0.005000 0 0 -1
59399.793697 6901.162357 0.005000 0 3 -1
59399.794777 6906.032768 0.005000 0 3 -1
59399.796939 6898.583505 0.005000 0 3 -1
59402.361538 6863.652349 0.005000 0 2 -1
59402.365306 6861.070072 0.005000 0 2 -1
59402.369061 6862.799226 0.005000 0 2 -1
59402.522417 6942.548235 0.005000 0 1 -1
59402.523123 6939.645755 0.005000 0 1 -1
59402.523829 6939.775381 0.005000 0 1 -1
59402.593193 6694.980719 0.005000 0 0 -1
59402.595683 6693.803121 0.005000 0 0 -1
59402.598361 6693.182251 0.005000 0 0 -1
59402.644540 6898.627365 0.005000 0 3 -1
59402.645628 6901.319324 0.005000 0 3 -1
59402.647787 6897.909586 0.005000 0 3 -1
59403.307157 6862.846859 0.005000 0 2 -1
59403.310896 6862.489288 0.005000 0 2 -1
59403.314679 6860.923152 0.005000 0 2 -1
59403.640900 6943.795666 0.005000 0 1 -1
59403.641606 6944.745433 0.005000 0 1 -1
59403.642306 6943.367837 0.005000 0 1 -1
59403.780797 6897.527469 0.005000 0 3 -1
59403.784045 6895.945088 0.005000 0 3 -1
59403.785126 6897.348293 0.005000 0 3 -1
59406.336754 6863.378321 0.005000 0 2 -1
59406.344263 6854.685086 0.005000 0 2 -1
59406.348055 6863.031099 0.005000 0 2 -1
59406.615485 6897.349393 0.005000 0 3 -1
59406.616566 6895.740443 0.005000 0 3 -1
59406.618726 6899.074720 0.005000 0 3 -1
59406.636583 6944.766754 0.005000 0 1 -1
59406.637994 6944.024707 0.005000 0 1 -1
59406.639408 6943.336492 0.005000 0 1 -1
59407.294673 6857.713038 0.005000 0 2 -1
59407.302217 6863.356815 0.005000 0 2 -1
59407.313513 6860.820805 0.005000 0 2 -1
59407.618443 6896.506864 0.005000 0 3 -1
59407.619524 6894.988012 0.005000 0 3 -1
59407.621681 6896.377373 0.005000 0 3 -1
59408.607120 6946.607032 0.005000 0 1 -1
59408.607825 6943.854480 0.005000 0 1 -1
59408.608531 6946.541714 0.005000 0 1 -1
59408.811398 6700.153346 0.005000 0 0 -1
59408.818487 6700.826191 0.005000 0 0 -1
59408.823526 6700.086233 0.005000 0 0 -1
59410.552715 6941.398294 0.005000 0 1 -1
59410.554832 6944.001725 0.005000 0 1 -1
59410.555538 6936.691177 0.005000 0 1 -1
59410.656037 6900.014925 0.005000 0 3 -1
59410.659280 6899.991992 0.005000 0 3 -1
59410.660364 6896.707467 0.005000 0 3 -1
59410.766957 6695.429662 0.005000 0 0 -1
59410.774297 6699.575534 0.005000 0 0 -1
59410.786840 6700.480181 0.005000 0 0 -1
59411.630633 6694.983401 0.005000 0 0 -1
59411.639657 6694.262395 0.005000 0 0 -1
59411.687073 6895.487657 0.005000 0 3 -1
59411.690322 6899.700090 0.005000 0 3 -1
59411.691406 6903.989054 0.005000 0 3 -1
59411.722325 6699.070685 0.005000 0 0 -1
59412.464818 6861.033270 0.005000 0 2 -1
59412.468573 6858.339929 0.005000 0 2 -1
59412.472320 6858.473535 0.005000 0 2 -1
59412.539586 6947.803948 0.005000 0 1 -1
59412.541704 6938.832206 0.005000 0 1 -1
59412.542410 6942.841367 0.005000 0 1 -1
59412.625395 6693.240529 0.005000 0 0 -1
59412.636525 6701.294273 0.005000 0 0 -1
59412.638956 6696.467974 0.005000 0 0 -1
59412.773602 6900.914176 0.005000 0 3 -1
59412.774682 6901.563783 0.005000 0 3 -1
59412.775755 6904.535719 0.005000 0 3 -1
59414.438284 6863.713212 0.005000 0 2 -1
59414.449586 6863.382475 0.005000 0 2 -1
59414.453352 6860.864157 0.005000 0 2 -1
59414.561959 6941.826547 0.005000 0 1 -1
59414.562665 6945.545753 0.005000 0 1 -1
59414.563371 6942.418240 0.005000 0 1 -1
59414.724924 6896.489862 0.005000 0 3 -1
59414.726005 6898.235424 0.005000 0 3 -1
59414.727086 6898.285535 0.005000 0 3 -1
59414.768171 6697.972925 0.005000 0 0 -1
59414.774881 6692.980102 0.005000 0 0 -1
59414.779560 6696.621317 0.005000 0 0 -1
59420.306850 6863.058804 0.005000 0 2 -1
59420.310613 6861.169360 0.005000 0 2 -1
59420.314375 6860.812272 0.005000 0 2 -1
59420.653233 6895.325634 0.005000 0 3 -1
59420.654311 6897.080096 0.005000 0 3 -1
59420.656469 6895.151208 0.005000 0 3 -1
59420.731062 6695.972749 0.005000 0 0 -1
59420.744771 6694.139938 0.005000 0 0 -1
59420.753027 6697.719252 0.005000 0 0 -1
