59332.340853 6852.625162 0.005000 0 2 -1
59332.344622 6857.301827 0.005000 0 2 -1
59332.348377 6856.062261 0.005000 0 2 -1
59332.673420 6891.991755 0.005000 0 3 -1
59332.675572 6894.091088 0.005000 0 3 -1
59332.677728 6894.954521 0.005000 0 3 -1
59334.340617 6860.694859 0.005000 0 2 -1
59334.344361 6855.352075 0.005000 0 2 -1
59334.348132 6860.533423 0.005000 0 2 -1
59338.464919 6851.921006 0.005000 0 2 -1
59338.476207 6854.926339 0.005000 0 2 -1
59338.483728 6851.125275 0.005000 0 2 -1
59338.753053 6692.148564 0.005000 0 0 -1
59338.760767 6690.426903 0.005000 0 0 -1
59338.763330 6692.072147 0.005000 0 0 -1
59342.648182 6685.030881 0.005000 0 0 -1
59342.652120 6684.161708 0.005000 0 0 -1
59342.712736 6895.194586 0.005000 0 3 -1
59342.713814 6891.263115 0.005000 0 3 -1
59342.714892 6892.727259 0.005000 0 3 -1
59343.451902 6851.449032 0.005000 0 2 -1
59343.459438 6854.829194 0.005000 0 2 -1
59343.463191 6853.938806 0.005000 0 2 -1
59343.588556 6888.875833 0.005000 0 3 -1
59343.590713 6892.207633 0.005000 0 3 -1
59343.591792 6892.245779 0.005000 0 3 -1
59343.710561 6683.953717 0.005000 0 0 -1
59343.724099 6682.956366 0.005000 0 0 -1
59343.726530 6683.549437 0.005000 0 0 -1
59344.476660 6854.929644 0.005000 0 2 -1
59344.480423 6848.956647 0.005000 0 2 -1
59344.484178 6852.372185 0.005000 0 2 -1
59344.581702 6891.522517 0.005000 0 3 -1
59344.582778 6897.899554 0.005000 0 3 -1
59344.583855 6893.258870 0.005000 0 3 -1
59344.615901 6689.033164 0.005000 0 0 -1
59344.623148 6688.116058 0.005000 0 0 -1
59344.627073 6691.692663 0.005000 0 0 -1
59346.699292 6688.527419 0.005000 0 0 -1
59346.715667 6688.608107 0.005000 0 0 -1
59346.722333 6683.416098 0.005000 0 0 -1
59349.350456 6856.997227 0.005000 0 2 -1
59349.354226 6855.607487 0.005000 0 2 -1
59349.361750 6853.411262 0.005000 0 2 -1
59349.673387 6689.191093 0.005000 0 0 -1
59349.680958 6687.996121 0.005000 0 0 -1
59349.714591 6687.356692 0.005000 0 0 -1
59352.336965 6854.231958 0.005000 0 2 -1
59352.340724 6856.270957 0.005000 0 2 -1
59352.351997 6853.641137 0.005000 0 2 -1
59352.738332 6687.215035 0.005000 0 0 -1
59352.743263 6690.563374 0.005000 0 0 -1
59352.749954 6689.318578 0.005000 0 0 -1
59358.563581 6900.905772 0.005000 0 3 -1
59358.564659 6895.914578 0.005000 0 3 -1
59358.567899 6895.938291 0.005000 0 3 -1
59358.782274 6687.909484 0.005000 0 0 -1
59358.796653 6689.936094 0.005000 0 0 -1
59358.813656 6689.382794 0.005000 0 0 -1
59359.595177 6687.467095 0.005000 0 0 -1
59359.601246 6682.895391 0.005000 0 0 -1
59359.605654 6682.638450 0.005000 0 0 -1
59359.772588 6893.536339 0.005000 0 3 -1
59359.773665 6896.281901 0.005000 0 3 -1
59359.776913 6896.778952 0.005000 0 3 -1
59360.403667 6857.712264 0.005000 0 2 -1
59360.407426 6860.658194 0.005000 0 2 -1
59360.414950 6855.375768 0.005000 0 2 -1
59360.560275 6895.078575 0.005000 0 3 -1
59360.562442 6894.964679 0.005000 0 3 -1
59360.563522 6896.830605 0.005000 0 3 -1
59360.726398 6688.712467 0.005000 0 0 -1
59360.731884 6690.089564 0.005000 0 0 -1
59360.737446 6691.540681 0.005000 0 0 -1
59363.466763 6858.976506 0.005000 0 2 -1
59363.474278 6856.498139 0.005000 0 2 -1
59363.478047 6852.992386 0.005000 0 2 -1
59363.630277 6692.551379 0.005000 0 0 -1
59363.633088 6690.692749 0.005000 0 0 -1
59363.642685 6899.097815 0.005000 0 3 -1
59363.644847 6903.130991 0.005000 0 3 -1
59363.647004 6899.545032 0.005000 0 3 -1
59363.652793 6687.820412 0.005000 0 0 -1
59365.598529 6899.515561 0.005000 0 3 -1
59365.599614 6900.410969 0.005000 0 3 -1
59365.600690 6897.598801 0.005000 0 3 -1
59365.706727 6685.565815 0.005000 0 0 -1
59365.709379 6692.354597 0.005000 0 0 -1
59365.714688 6691.681375 0.005000 0 0 -1
59368.606947 6699.731010 0.005000 0 0 -1
59368.647821 6697.040715 0.005000 0 0 -1
59368.683085 6894.472101 0.005000 0 3 -1
59368.686319 6897.291045 0.005000 0 3 -1
59368.687398 6899.235442 0.005000 0 3 -1
59372.608091 6697.555731 0.005000 0 0 -1
59372.625806 6695.341752 0.005000 0 0 -1
59372.628477 6695.446362 0.005000 0 0 -1
59373.581259 6694.879192 0.005000 0 0 -1
59373.584305 6698.649125 0.005000 0 0 -1
59373.593390 6695.050690 0.005000 0 0 -1
59373.602377 6897.644688 0.005000 0 3 -1
59373.604548 6894.383928 0.005000 0 3 -1
59373.605626 6897.176988 0.005000 0 3 -1
59375.446457 6854.318336 0.005000 0 2 -1
59375.450212 6855.098497 0.005000 0 2 -1
59375.453977 6857.884680 0.005000 0 2 -1
59378.438347 6859.351681 0.005000 0 2 -1
59378.442109 6861.374560 0.005000 0 2 -1
59378.449639 6858.868211 0.005000 0 2 -1
59378.618939 6703.366309 0.005000 0 0 -1
59378.621689 6702.498482 0.005000 0 0 -1
59378.624451 6701.416665 0.005000 0 0 -1
59379.676322 6704.948096 0.005000 0 0 -1
59379.679021 6702.966380 0.005000 0 0 -1
59382.513889 6855.874436 0.005000 0 2 -1
59382.525162 6864.133085 0.005000 0 2 -1
59382.528902 6857.408270 0.005000 0 2 -1
59382.575677 6706.647631 0.005000 0 0 -1
59382.578313 6707.321638 0.005000 0 0 -1
59382.586681 6709.096474 0.005000 0 0 -1
59382.618340 6900.089450 0.005000 0 3 -1
59382.620503 6901.939397 0.005000 0 3 -1
59382.622660 6900.528399 0.005000 0 3 -1
59383.371575 6863.178242 0.005000 0 2 -1
59383.379104 6859.893432 0.005000 0 2 -1
59383.382973 6857.317486 0.005000 0 2 -1
59383.607266 6899.636136 0.005000 0 3 -1
59383.610515 6904.412708 0.005000 0 3 -1
59383.611593 6902.351730 0.005000 0 3 -1
59383.759590 6701.409713 0.005000 0 0 -1
59383.761985 6703.067026 0.005000 0 0 -1
59383.766954 6700.868286 0.005000 0 0 -1
59385.332085 6860.234241 0.005000 0 2 -1
59385.335838 6858.109466 0.005000 0 2 -1
59385.339609 6861.360284 0.005000 0 2 -1
59385.583782 6704.146724 0.005000 0 0 -1
59385.586322 6707.166732 0.005000 0 0 -1
59385.589018 6704.814983 0.005000 0 0 -1
59386.419883 6860.991561 0.005000 0 2 -1
59386.427396 6860.228042 0.005000 0 2 -1
59386.431176 6857.114154 0.005000 0 2 -1
59386.617250 6706.626147 0.005000 0 0 -1
59386.622331 6703.709621 0.005000 0 0 -1
59386.624868 6707.485508 0.005000 0 0 -1
59386.745767 6902.612533 0.005000 0 3 -1
59386.746845 6903.264710 0.005000 0 3 -1
59386.750094 6901.529253 0.005000 0 3 -1
59388.607798 6705.256718 0.005000 0 0 -1
59388.617207 6708.374565 0.005000 0 0 -1
59388.619883 6705.293005 0.005000 0 0 -1
59389.389790 6859.004107 0.005000 0 2 -1
59389.397331 6861.152043 0.005000 0 2 -1
59389.401090 6861.624489 0.005000 0 2 -1
59389.611911 6703.893443 0.005000 0 0 -1
59389.618801 6897.898667 0.005000 0 3 -1
59389.619689 6706.353519 0.005000 0 0 -1
59389.620960 6899.771139 0.005000 0 3 -1
59389.622040 6896.308627 0.005000 0 3 -1
59389.622290 6706.515835 0.005000 0 0 -1
59392.344058 6861.653569 0.005000 0 2 -1
59392.347828 6862.984064 0.005000 0 2 -1
59392.351586 6857.869074 0.005000 0 2 -1
59392.555831 6692.324209 0.005000 0 0 -1
59392.562039 6695.302344 0.005000 0 0 -1
59392.565110 6692.454884 0.005000 0 0 -1
59392.714704 6895.974239 0.005000 0 3 -1
59392.715784 6898.186631 0.005000 0 3 -1
59392.716864 6898.042622 0.005000 0 3 -1
59394.355778 6861.928228 0.005000 0 2 -1
59394.359546 6863.380982 0.005000 0 2 -1
59394.363299 6862.175329 0.005000 0 2 -1
59394.547893 6692.549208 0.005000 0 0 -1
59394.550774 6687.497496 0.005000 0 0 -1
59394.553643 6692.787392 0.005000 0 0 -1
59396.273398 6858.405702 0.005000 0 2 -1
59396.284701 6860.320268 0.005000 0 2 -1
59396.288449 6864.503040 0.005000 0 2 -1
59396.554028 6943.665925 0.005000 0 1 -1
59396.554734 6943.071705 0.005000 0 1 -1
59396.556852 6940.975652 0.005000 0 1 -1
59396.666495 6907.824802 0.005000 0 3 -1
59396.667573 6900.989692 0.005000 0 3 -1
59396.668649 6902.001119 0.005000 0 3 -1
59397.569745 6696.047167 0.005000 0 0 -1
59397.574895 6697.738033 0.005000 0 0 -1
59397.580203 6699.075516 0.005000 0 0 -1
59397.785412 6901.622015 0.005000 0 3 -1
59397.786493 6903.060553 0.005000 0 3 -1
59397.787576 6901.351093 0.005000 0 3 -1
59398.302329 6858.119391 0.005000 0 2 -1
59398.306094 6861.160974 0.005000 0 2 -1
59398.317364 6860.065656 0.005000 0 2 -1
59398.601742 6905.170274 0.005000 0 3 -1
59398.603904 6901.645075 0.005000 0 3 -1
59398.604985 6904.726709 0.005000 0 3 -1
59398.761696 6695.863517 0.005000 0 0 -1
59398.764113 6693.609473 0.005000 0 0 -1
59398.768897 6696.369149 0.005000 0 0 -1
59402.334573 6857.974597 0.005000 0 2 -1
59402.342107 6863.787780 0.005000 0 2 -1
59402.345875 6861.210666 0.005000 0 2 -1
59402.537427 6692.196757 0.005000 0 0 -1
59402.540081 6693.769187 0.005000 0 0 -1
59402.549312 6695.149223 0.005000 0 0 -1
59402.561585 6934.301005 0.005000 0 1 -1
59402.562292 6939.277167 0.005000 0 1 -1
59402.562998 6941.735589 0.005000 0 1 -1
59402.710947 6901.345450 0.005000 0 3 -1
59402.712026 6901.145997 0.005000 0 3 -1
59402.713106 6899.152640 0.005000 0 3 -1
59403.404303 6862.315539 0.005000 0 2 -1
59403.408060 6861.031186 0.005000 0 2 -1
59403.411816 6865.657378 0.005000 0 2 -1
59403.554410 6942.092015 0.005000 0 1 -1
59403.555115 6942.278663 0.005000 0 1 -1
59403.555822 6938.326791 0.005000 0 1 -1
59403.616644 6901.520431 0.005000 0 3 -1
59403.619890 6902.753796 0.005000 0 3 -1
59403.620970 6903.109581 0.005000 0 3 -1
59404.599295 6938.712294 0.005000 0 1 -1
59404.600705 6941.082849 0.005000 0 1 -1
59404.601411 6944.287927 0.005000 0 1 -1
59404.613479 6896.188239 0.005000 0 3 -1
59404.614564 6901.077540 0.005000 0 3 -1
59404.616727 6895.670760 0.005000 0 3 -1
59404.672710 6694.796769 0.005000 0 0 -1
59404.678056 6694.945557 0.005000 0 0 -1
59404.684346 6697.271796 0.005000 0 0 -1
59405.421808 6857.191553 0.005000 0 2 -1
59405.429342 6861.022378 0.005000 0 2 -1
59405.433098 6859.098614 0.005000 0 2 -1
59405.613275 6944.846402 0.005000 0 1 -1
59405.614687 6944.626307 0.005000 0 1 -1
59405.615393 6940.777084 0.005000 0 1 -1
59405.617289 6905.083067 0.005000 0 3 -1
59405.618366 6898.050294 0.005000 0 3 -1
59405.619440 6900.896626 0.005000 0 3 -1
59405.669492 6696.233487 0.005000 0 0 -1
59405.677719 6696.952627 0.005000 0 0 -1
59405.680478 6692.144658 0.005000 0 0 -1
59406.490356 6861.809777 0.005000 0 2 -1
59406.497859 6859.085753 0.005000 0 2 -1
59406.501627 6862.500976 0.005000 0 2 -1
59406.607268 6941.818730 0.005000 0 1 -1
59406.609386 6945.505122 0.005000 0 1 -1
59406.610092 6943.470599 0.005000 0 1 -1
59406.689893 6898.635134 0.005000 0 3 -1
59406.690976 6899.417251 0.005000 0 3 -1
59406.693139 6899.325944 0.005000 0 3 -1
59408.568649 6947.725910 0.005000 0 1 -1
59408.569355 6946.128010 0.005000 0 1 -1
59408.570061 6947.184017 0.005000 0 1 -1
59408.794312 6700.200709 0.005000 0 0 -1
59408.801584 6702.094612 0.005000 0 0 -1
59408.806456 6698.420278 0.005000 0 0 -1
59409.733869 6904.859603 0.005000 0 3 -1
59409.734951 6904.044383 0.005000 0 3 -1
59409.736036 6901.785196 0.005000 0 3 -1
59409.737069 6702.765531 0.005000 0 0 -1
59409.741721 6704.169379 0.005000 0 0 -1
59409.749139 6699.511809 0.005000 0 0 -1
59411.737574 6903.193943 0.005000 0 3 -1
59411.738650 6903.837958 0.005000 0 3 -1
59411.739729 6903.375825 0.005000 0 3 -1
59411.773174 6696.800795 0.005000 0 0 -1
59411.780277 6700.741222 0.005000 0 0 -1
59411.784015 6701.390106 0.005000 0 0 -1
59415.475837 6861.882834 0.005000 0 2 -1
59415.479593 6861.873229 0.005000 0 2 -1
59415.483360 6858.082437 0.005000 0 2 -1
59415.508628 6946.712485 0.005000 0 1 -1
59415.510040 6945.557615 0.005000 0 1 -1
59415.511452 6946.002850 0.005000 0 1 -1
59415.573362 6700.011923 0.005000 0 0 -1
59415.575902 6698.238328 0.005000 0 0 -1
59415.586743 6699.070778 0.005000 0 0 -1
59415.667319 6903.327629 0.005000 0 3 -1
59415.668403 6906.249360 0.005000 0 3 -1
59415.669483 6903.052273 0.005000 0 3 -1
59416.537072 6862.564943 0.005000 0 2 -1
59416.540840 6860.480008 0.005000 0 2 -1
59416.544601 6860.917438 0.005000 0 2 -1
59416.550130 6697.115320 0.005000 0 0 -1
59416.561033 6698.588386 0.005000 0 0 -1
59416.563718 6697.047454 0.005000 0 0 -1
59416.681321 6900.902345 0.005000 0 3 -1
59416.682397 6900.967812 0.005000 0 3 -1
59416.683480 6904.115773 0.005000 0 3 -1
59417.344859 6859.904708 0.005000 0 2 -1
59417.348618 6854.499923 0.005000 0 2 -1
59417.359909 6860.525758 0.005000 0 2 -1
59417.665273 6700.448623 0.005000 0 0 -1
59417.676392 6702.863568 0.005000 0 0 -1
59417.683075 6700.266315 0.005000 0 0 -1
59419.540547 6694.124269 0.005000 0 0 -1
59419.547735 6693.015324 0.005000 0 0 -1
59419.553489 6695.318617 0.005000 0 0 -1
59419.601380 6894.555715 0.005000 0 3 -1
59419.602458 6894.277529 0.005000 0 3 -1
59419.605710 6895.111098 0.005000 0 3 -1
59421.431082 6868.423821 0.005000 0 2 -1
59421.438598 6859.373135 0.005000 0 2 -1
59421.442361 6864.015668 0.005000 0 2 -1
59421.530736 6943.863505 0.005000 0 1 -1
59421.532854 6943.924716 0.005000 0 1 -1
59421.533561 6947.490141 0.005000 0 1 -1
59421.552437 6694.836981 0.005000 0 0 -1
59421.558884 6697.439153 0.005000 0 0 -1
59421.562099 6698.113051 0.005000 0 0 -1
59421.616714 6900.004953 0.005000 0 3 -1
59421.617796 6899.695291 0.005000 0 3 -1
59421.618875 6899.264914 0.005000 0 3 -1
59422.492197 6859.237730 0.005000 0 2 -1
59422.499717 6858.422598 0.005000 0 2 -1
59422.503487 6866.288924 0.005000 0 2 -1
59422.584829 6941.111430 0.005000 0 1 -1
59422.585534 6941.234713 0.005000 0 1 -1
59422.586241 6940.797016 0.005000 0 1 -1
59422.637321 6898.271236 0.005000 0 3 -1
59422.638392 6902.338971 0.005000 0 3 -1
59422.639473 6898.687289 0.005000 0 3 -1
59422.752668 6697.788676 0.005000 0 0 -1
59422.775935 6696.808621 0.005000 0 0 -1
59422.796142 6701.296768 0.005000 0 0 -1
