59333.533922 0.105719 0.003000 0 2 -1
59333.541440 0.106343 0.003000 0 2 -1
59333.548936 0.109597 0.003000 0 2 -1
59337.609392 0.106301 0.003000 0 2 -1
59337.616901 0.106063 0.003000 0 2 -1
59337.620673 0.105077 0.003000 0 2 -1
59337.889998 0.097036 0.003000 0 0 -1
59337.895147 0.103056 0.003000 0 0 -1
59337.897711 0.100985 0.003000 0 0 -1
59338.582913 0.106437 0.003000 0 2 -1
59338.590433 0.106675 0.003000 0 2 -1
59338.597944 0.103671 0.003000 0 2 -1
59338.779930 0.099290 0.003000 0 3 -1
59338.781009 0.099108 0.003000 0 3 -1
59338.782087 0.099039 0.003000 0 3 -1
59338.844391 0.096329 0.003000 0 0 -1
59338.865603 0.101483 0.003000 0 0 -1
59338.871314 0.099825 0.003000 0 0 -1
59341.785127 0.095174 0.003000 0 0 -1
59341.789065 0.097327 0.003000 0 0 -1
59341.897292 0.098704 0.003000 0 3 -1
59341.900524 0.098863 0.003000 0 3 -1
59341.901601 0.098970 0.003000 0 3 -1
59342.596382 0.106238 0.003000 0 2 -1
59342.600136 0.105926 0.003000 0 2 -1
59342.603893 0.105229 0.003000 0 2 -1
59342.766148 0.101578 0.003000 0 0 -1
59342.768575 0.102705 0.003000 0 0 -1
59342.775932 0.095027 0.003000 0 0 -1
59342.869945 0.098716 0.003000 0 3 -1
59342.871021 0.098820 0.003000 0 3 -1
59342.872097 0.098733 0.003000 0 3 -1
59343.545923 0.105955 0.003000 0 2 -1
59343.549689 0.099084 0.003000 0 2 -1
59343.557203 0.100278 0.003000 0 2 -1
59343.724035 0.098963 0.003000 0 3 -1
59343.725118 0.098601 0.003000 0 3 -1
59343.728353 0.098748 0.003000 0 3 -1
59343.822134 0.097282 0.003000 0 0 -1
59343.829234 0.101717 0.003000 0 0 -1
59343.835504 0.101382 0.003000 0 0 -1
59344.809925 0.103809 0.003000 0 0 -1
59344.812470 0.102002 0.003000 0 0 -1
59344.820199 0.100906 0.003000 0 0 -1
59345.882018 0.104717 0.003000 0 0 -1
59345.892694 0.105775 0.003000 0 0 -1
59345.898013 0.099884 0.003000 0 0 -1
59346.873288 0.096139 0.003000 0 0 -1
59346.882398 0.096951 0.003000 0 0 -1
59346.884929 0.097018 0.003000 0 0 -1
59349.812954 0.101870 0.003000 0 0 -1
59349.817870 0.101773 0.003000 0 0 -1
59349.873357 0.105092 0.003000 0 0 -1
59354.591484 0.100393 0.003000 0 2 -1
59354.595243 0.109185 0.003000 0 2 -1
59354.741395 0.100792 0.003000 0 0 -1
59354.750216 0.101592 0.003000 0 0 -1
59354.758968 0.104754 0.003000 0 0 -1
59355.904701 0.109642 0.003000 0 0 -1
59355.920966 0.096218 0.003000 0 0 -1
59355.923883 0.097848 0.003000 0 0 -1
59357.712516 0.097989 0.003000 0 0 -1
59357.716110 0.101504 0.003000 0 0 -1
59357.734859 0.099192 0.003000 0 0 -1
59357.786473 0.099128 0.003000 0 3 -1
59357.787552 0.099293 0.003000 0 3 -1
59357.788633 0.099409 0.003000 0 3 -1
59361.475629 0.106455 0.003000 0 2 -1
59361.479393 0.105800 0.003000 0 2 -1
59361.483158 0.105779 0.003000 0 2 -1
59361.813568 0.103753 0.003000 0 0 -1
59361.816216 0.099719 0.003000 0 0 -1
59361.818872 0.098877 0.003000 0 0 -1
59361.898513 0.099415 0.003000 0 3 -1
59361.899595 0.099406 0.003000 0 3 -1
59361.902841 0.099659 0.003000 0 3 -1
59362.566119 0.105366 0.003000 0 2 -1
59362.569885 0.103934 0.003000 0 2 -1
59362.573637 0.105821 0.003000 0 2 -1
59362.722225 0.099116 0.003000 0 3 -1
59362.723304 0.099323 0.003000 0 3 -1
59362.724381 0.099271 0.003000 0 3 -1
59362.767222 0.100150 0.003000 0 0 -1
59362.770033 0.104540 0.003000 0 0 -1
59362.786950 0.100220 0.003000 0 0 -1
59364.705192 0.099513 0.003000 0 3 -1
59364.707347 0.099800 0.003000 0 3 -1
59364.708438 0.099206 0.003000 0 3 -1
59364.790211 0.096801 0.003000 0 0 -1
59364.793036 0.101446 0.003000 0 0 -1
59364.795866 0.104096 0.003000 0 0 -1
59365.451810 0.104483 0.003000 0 2 -1
59365.470625 0.100625 0.003000 0 2 -1
59365.478155 0.106141 0.003000 0 2 -1
59365.729569 0.104375 0.003000 0 0 -1
59365.748205 0.098319 0.003000 0 0 -1
59368.424048 0.105242 0.003000 0 2 -1
59368.431574 0.106182 0.003000 0 2 -1
59368.435329 0.103595 0.003000 0 2 -1
59368.767350 0.106270 0.003000 0 0 -1
59368.769987 0.103159 0.003000 0 0 -1
59368.774168 0.101480 0.003000 0 0 -1
59368.811990 0.098971 0.003000 0 3 -1
59368.813082 0.099339 0.003000 0 3 -1
59368.816317 0.099416 0.003000 0 3 -1
59371.820498 0.102281 0.003000 0 0 -1
59371.828405 0.099386 0.003000 0 0 -1
59371.831059 0.097724 0.003000 0 0 -1
59372.690140 0.097361 0.003000 0 0 -1
59372.696084 0.099112 0.003000 0 0 -1
59372.701960 0.106676 0.003000 0 0 -1
59372.917956 0.098785 0.003000 0 3 -1
59372.920115 0.098530 0.003000 0 3 -1
59372.921194 0.098781 0.003000 0 3 -1
59373.465282 0.105129 0.003000 0 2 -1
59373.472825 0.097947 0.003000 0 2 -1
59373.480375 0.103827 0.003000 0 2 -1
59373.789205 0.101315 0.003000 0 0 -1
59373.794502 0.100075 0.003000 0 0 -1
59373.801283 0.105133 0.003000 0 0 -1
59373.804231 0.099046 0.003000 0 3 -1
59373.807472 0.099195 0.003000 0 3 -1
59373.808553 0.098716 0.003000 0 3 -1
59374.579641 0.106117 0.003000 0 2 -1
59374.583402 0.105607 0.003000 0 2 -1
59374.587157 0.104170 0.003000 0 2 -1
59375.502544 0.106358 0.003000 0 2 -1
59375.506317 0.106687 0.003000 0 2 -1
59375.510079 0.104733 0.003000 0 2 -1
59375.843056 0.098327 0.003000 0 0 -1
59375.848004 0.096337 0.003000 0 0 -1
59375.850489 0.097289 0.003000 0 0 -1
59375.921113 0.099049 0.003000 0 3 -1
59375.922193 0.099073 0.003000 0 3 -1
59375.924354 0.098725 0.003000 0 3 -1
59383.470333 0.103447 0.003000 0 2 -1
59383.477870 0.101546 0.003000 0 2 -1
59383.481659 0.107389 0.003000 0 2 -1
59383.776718 0.099331 0.003000 0 3 -1
59383.778874 0.099506 0.003000 0 3 -1
59383.779953 0.099414 0.003000 0 3 -1
59383.924092 0.099859 0.003000 0 0 -1
59383.926560 0.100881 0.003000 0 0 -1
59383.929032 0.099103 0.003000 0 0 -1
59384.540450 0.105960 0.003000 0 2 -1
59384.547957 0.104350 0.003000 0 2 -1
59384.555484 0.105281 0.003000 0 2 -1
59384.712723 0.096381 0.003000 0 0 -1
59384.723267 0.102373 0.003000 0 0 -1
59384.725962 0.096495 0.003000 0 0 -1
59387.747426 0.099045 0.003000 0 0 -1
59387.751472 0.101940 0.003000 0 0 -1
59387.756827 0.102690 0.003000 0 0 -1
59392.424584 0.104052 0.003000 0 2 -1
59392.435868 0.104096 0.003000 0 2 -1
59392.439612 0.107830 0.003000 0 2 -1
59392.741042 0.099620 0.003000 0 0 -1
59392.744054 0.103004 0.003000 0 0 -1
59392.751448 0.104051 0.003000 0 0 -1
59394.604789 0.105134 0.003000 0 2 -1
59394.612297 0.105117 0.003000 0 2 -1
59394.619815 0.098940 0.003000 0 2 -1
59394.702478 0.100605 0.003000 0 0 -1
59394.706365 0.095775 0.003000 0 0 -1
59394.709066 0.096729 0.003000 0 0 -1
59395.417885 0.105712 0.003000 0 2 -1
59395.421646 0.104317 0.003000 0 2 -1
59395.425394 0.098116 0.003000 0 2 -1
59395.677559 0.105303 0.003000 0 1 -1
59395.678265 0.102927 0.003000 0 1 -1
59395.678971 0.102855 0.003000 0 1 -1
59395.789438 0.100039 0.003000 0 3 -1
59395.790517 0.099850 0.003000 0 3 -1
59395.792671 0.100179 0.003000 0 3 -1
59396.722350 0.097382 0.003000 0 0 -1
59396.728887 0.096681 0.003000 0 0 -1
59396.734166 0.100667 0.003000 0 0 -1
59396.843893 0.099997 0.003000 0 3 -1
59396.844975 0.099783 0.003000 0 3 -1
59396.848220 0.099766 0.003000 0 3 -1
59397.450563 0.102655 0.003000 0 2 -1
59397.454309 0.106991 0.003000 0 2 -1
59397.458076 0.103737 0.003000 0 2 -1
59397.721377 0.099308 0.003000 0 3 -1
59397.723547 0.099315 0.003000 0 3 -1
59397.724626 0.099144 0.003000 0 3 -1
59397.859290 0.096481 0.003000 0 0 -1
59397.861691 0.096211 0.003000 0 0 -1
59397.864095 0.100540 0.003000 0 0 -1
59403.643067 0.104841 0.003000 0 1 -1
59403.644479 0.104591 0.003000 0 1 -1
59403.645891 0.106442 0.003000 0 1 -1
59403.741288 0.102866 0.003000 0 0 -1
59403.748605 0.101824 0.003000 0 0 -1
59403.752509 0.102052 0.003000 0 0 -1
59403.871978 0.099010 0.003000 0 3 -1
59403.873056 0.099619 0.003000 0 3 -1
59403.876292 0.099294 0.003000 0 3 -1
59407.706300 0.106554 0.003000 0 1 -1
59407.707006 0.102281 0.003000 0 1 -1
59407.710517 0.104809 0.003000 0 1 -1
59407.906290 0.101411 0.003000 0 0 -1
59407.908631 0.098919 0.003000 0 0 -1
59407.918135 0.096291 0.003000 0 0 -1
59408.786358 0.099760 0.003000 0 3 -1
59408.787437 0.099270 0.003000 0 3 -1
59408.789601 0.099612 0.003000 0 3 -1
59408.810173 0.100839 0.003000 0 0 -1
59408.814874 0.103630 0.003000 0 0 -1
59408.817225 0.096591 0.003000 0 0 -1
59410.852134 0.099972 0.003000 0 3 -1
59410.853219 0.099497 0.003000 0 3 -1
59410.855382 0.099646 0.003000 0 3 -1
59410.923317 0.097728 0.003000 0 0 -1
59410.925700 0.103170 0.003000 0 0 -1
59410.935166 0.097038 0.003000 0 0 -1
59411.537181 0.104863 0.003000 0 2 -1
59411.540936 0.105989 0.003000 0 2 -1
59411.544699 0.104957 0.003000 0 2 -1
59411.650039 0.103030 0.003000 0 1 -1
59411.652158 0.105346 0.003000 0 1 -1
59411.652864 0.104000 0.003000 0 1 -1
59411.712511 0.099192 0.003000 0 0 -1
59411.714980 0.099022 0.003000 0 0 -1
59411.720273 0.098511 0.003000 0 0 -1
59411.901916 0.099604 0.003000 0 3 -1
59411.905165 0.099511 0.003000 0 3 -1
59411.906241 0.099860 0.003000 0 3 -1
59412.424313 0.104691 0.003000 0 2 -1
59412.431836 0.103985 0.003000 0 2 -1
59412.435593 0.103708 0.003000 0 2 -1
59412.675917 0.092435 0.003000 0 0 -1
59412.679602 0.107070 0.003000 0 0 -1
59412.689065 0.099121 0.003000 0 0 -1
59422.630236 0.097841 0.003000 0 2 -1
59422.633986 0.099268 0.003000 0 2 -1
59422.641516 0.106017 0.003000 0 2 -1
59422.727098 0.103190 0.003000 0 1 -1
59422.727804 0.104148 0.003000 0 1 -1
59422.728510 0.101211 0.003000 0 1 -1
