# time model 
59325.801227 1.191495 
59325.833009 1.187448 
59325.864791 1.183176 
59325.896573 1.178682 
59325.928355 1.173968 
59325.960137 1.169036 
59325.991919 1.163889 
59326.023701 1.158531 
59326.055483 1.152963 
59326.087265 1.147189 
59326.119047 1.141212 
59326.150829 1.135035 
59326.182611 1.128661 
59326.214393 1.122094 
59326.246175 1.115337 
59326.277957 1.108394 
59326.309739 1.101269 
59326.341521 1.093965 
59326.373303 1.086486 
59326.405085 1.078835 
59326.436867 1.071018 
59326.468649 1.063038 
59326.500431 1.054899 
59326.532213 1.046606 
59326.563995 1.038162 
59326.595777 1.029573 
59326.627559 1.020841 
59326.659341 1.011973 
59326.691123 1.002973 
59326.722905 0.993844 
59326.754687 0.984592 
59326.786469 0.975221 
59326.818251 0.965736 
59326.850033 0.956142 
59326.881815 0.946443 
59326.913597 0.936645 
59326.945379 0.926752 
59326.977161 0.916768 
59327.008943 0.906699 
59327.040725 0.896550 
59327.072507 0.886325 
59327.104289 0.876029 
59327.136071 0.865667 
59327.167853 0.855245 
59327.199635 0.844766 
59327.231417 0.834236 
59327.263199 0.823659 
59327.294981 0.813041 
59327.326763 0.802386 
59327.358545 0.791699 
59327.390327 0.780985 
59327.422109 0.770248 
59327.453891 0.759493 
59327.485673 0.748724 
59327.517455 0.737947 
59327.549237 0.727166 
59327.581019 0.716385 
59327.612801 0.705609 
59327.644583 0.694842 
59327.676365 0.684089 
59327.708147 0.673354 
59327.739929 0.662640 
59327.771711 0.651953 
59327.803493 0.641296 
59327.835275 0.630674 
59327.867057 0.620089 
59327.898839 0.609547 
59327.930621 0.599051 
59327.962402 0.588604 
59327.994184 0.578210 
59328.025966 0.567873 
59328.057748 0.557596 
59328.089530 0.547382 
59328.121312 0.537235 
59328.153094 0.527157 
59328.184876 0.517152 
59328.216658 0.507223 
59328.248440 0.497373 
59328.280222 0.487603 
59328.312004 0.477918 
59328.343786 0.468319 
59328.375568 0.458808 
59328.407350 0.449388 
59328.439132 0.440061 
59328.470914 0.430830 
59328.502696 0.421695 
59328.534478 0.412660 
59328.566260 0.403724 
59328.598042 0.394891 
59328.629824 0.386162 
59328.661606 0.377537 
59328.693388 0.369018 
59328.725170 0.360606 
59328.756952 0.352302 
59328.788734 0.344107 
59328.820516 0.336021 
59328.852298 0.328046 
59328.884080 0.320181 
59328.915862 0.312427 
59328.947644 0.304784 
59328.979426 0.297252 
59329.011208 0.289831 
59329.042990 0.282521 
59329.074772 0.275321 
59329.106554 0.268232 
59329.138336 0.261252 
59329.170118 0.254381 
59329.201900 0.247618 
59329.233682 0.240963 
59329.265464 0.234414 
59329.297246 0.227969 
59329.329028 0.221629 
59329.360810 0.215391 
59329.392592 0.209254 
59329.424374 0.203216 
59329.456156 0.197277 
59329.487938 0.191433 
59329.519720 0.185683 
59329.551502 0.180024 
59329.583284 0.174456 
59329.615066 0.168976 
59329.646848 0.163580 
59329.678630 0.158268 
59329.710412 0.153036 
59329.742194 0.147882 
59329.773976 0.142803 
59329.805758 0.137797 
59329.837540 0.132860 
59329.869322 0.127990 
59329.901104 0.123184 
59329.932886 0.118438 
59329.964668 0.113749 
59329.996450 0.109115 
59330.028232 0.104532 
59330.060014 0.099997 
59330.091796 0.095506 
59330.123578 0.091056 
59330.155360 0.086643 
59330.187142 0.082264 
59330.218924 0.077915 
59330.250706 0.073593 
59330.282488 0.069294 
59330.314270 0.065014 
59330.346052 0.060750 
59330.377834 0.056497 
59330.409616 0.052253 
59330.441398 0.048012 
59330.473180 0.043773 
59330.504962 0.039529 
59330.536744 0.035279 
59330.568526 0.031017 
59330.600308 0.026740 
59330.632090 0.022445 
59330.663871 0.018127 
59330.695653 0.013782 
59330.727435 0.009407 
59330.759217 0.004998 
59330.790999 0.000551 
59330.822781 -0.003938 
59330.854563 -0.008472 
59330.886345 -0.013055 
59330.918127 -0.017690 
59330.949909 -0.022383 
59330.981691 -0.027135 
59331.013473 -0.031951 
59331.045255 -0.036833 
59331.077037 -0.041787 
59331.108819 -0.046814 
59331.140601 -0.051918 
59331.172383 -0.057103 
59331.204165 -0.062371 
59331.235947 -0.067727 
59331.267729 -0.073172 
59331.299511 -0.078710 
59331.331293 -0.084344 
59331.363075 -0.090077 
59331.394857 -0.095910 
59331.426639 -0.101848 
59331.458421 -0.107893 
59331.490203 -0.114047 
59331.521985 -0.120312 
59331.553767 -0.126691 
59331.585549 -0.133187 
59331.617331 -0.139800 
59331.649113 -0.146533 
59331.680895 -0.153389 
59331.712677 -0.160368 
59331.744459 -0.167473 
59331.776241 -0.174704 
59331.808023 -0.182064 
59331.839805 -0.189554 
59331.871587 -0.197175 
59331.903369 -0.204927 
59331.935151 -0.212813 
59331.966933 -0.220833 
59331.998715 -0.228987 
59332.030497 -0.237276 
59332.062279 -0.245701 
59332.094061 -0.254262 
59332.125843 -0.262958 
59332.157625 -0.271791 
59332.189407 -0.280761 
59332.221189 -0.289866 
59332.252971 -0.299106 
59332.284753 -0.308482 
59332.316535 -0.317993 
59332.348317 -0.327637 
59332.380099 -0.337414 
59332.411881 -0.347324 
59332.443663 -0.357364 
59332.475445 -0.367534 
59332.507227 -0.377832 
59332.539009 -0.388256 
59332.570791 -0.398806 
59332.602573 -0.409479 
59332.634355 -0.420274 
59332.666137 -0.431188 
59332.697919 -0.442219 
59332.729701 -0.453364 
59332.761483 -0.464623 
59332.793265 -0.475991 
59332.825047 -0.487466 
59332.856829 -0.499045 
59332.888611 -0.510726 
59332.920393 -0.522506 
59332.952175 -0.534381 
59332.983957 -0.546347 
59333.015739 -0.558402 
59333.047521 -0.570543 
59333.079303 -0.582764 
59333.111085 -0.595064 
59333.142867 -0.607437 
59333.174649 -0.619881 
59333.206431 -0.632390 
59333.238213 -0.644961 
59333.269995 -0.657590 
59333.301777 -0.670272 
59333.333559 -0.683002 
59333.365340 -0.695777 
59333.397122 -0.708592 
59333.428904 -0.721442 
59333.460686 -0.734323 
59333.492468 -0.747229 
59333.524250 -0.760156 
59333.556032 -0.773098 
59333.587814 -0.786051 
59333.619596 -0.799010 
59333.651378 -0.811969 
59333.683160 -0.824924 
59333.714942 -0.837869 
59333.746724 -0.850798 
59333.778506 -0.863707 
59333.810288 -0.876590 
59333.842070 -0.889442 
59333.873852 -0.902257 
59333.905634 -0.915030 
59333.937416 -0.927755 
59333.969198 -0.940427 
59334.000980 -0.953040 
59334.032762 -0.965589 
59334.064544 -0.978069 
59334.096326 -0.990473 
59334.128108 -1.002796 
59334.159890 -1.015032 
59334.191672 -1.027177 
59334.223454 -1.039225 
59334.255236 -1.051169 
59334.287018 -1.063005 
59334.318800 -1.074727 
59334.350582 -1.086330 
59334.382364 -1.097808 
59334.414146 -1.109156 
59334.445928 -1.120369 
59334.477710 -1.131441 
59334.509492 -1.142367 
59334.541274 -1.153143 
59334.573056 -1.163762 
59334.604838 -1.174220 
59334.636620 -1.184512 
59334.668402 -1.194633 
59334.700184 -1.204578 
59334.731966 -1.214342 
59334.763748 -1.223921 
59334.795530 -1.233310 
59334.827312 -1.242505 
59334.859094 -1.251501 
59334.890876 -1.260294 
59334.922658 -1.268880 
59334.954440 -1.277254 
59334.986222 -1.285412 
59335.018004 -1.293351 
59335.049786 -1.301067 
59335.081568 -1.308556 
59335.113350 -1.315815 
59335.145132 -1.322839 
59335.176914 -1.329627 
59335.208696 -1.336174 
59335.240478 -1.342478 
59335.272260 -1.348535 
59335.304042 -1.354344 
59335.335824 -1.359900 
59335.367606 -1.365202 
59335.399388 -1.370248 
59335.431170 -1.375034 
59335.462952 -1.379560 
59335.494734 -1.383822 
59335.526516 -1.387820 
59335.558298 -1.391551 
59335.590080 -1.395015 
59335.621862 -1.398209 
59335.653644 -1.401134 
59335.685426 -1.403786 
59335.717208 -1.406167 
59335.748990 -1.408275 
59335.780772 -1.410109 
59335.812554 -1.411669 
59335.844336 -1.412956 
59335.876118 -1.413968 
59335.907900 -1.414707 
59335.939682 -1.415172 
59335.971464 -1.415364 
59336.003246 -1.415283 
59336.035028 -1.414930 
59336.066809 -1.414307 
59336.098591 -1.413414 
59336.130373 -1.412252 
59336.162155 -1.410824 
59336.193937 -1.409130 
59336.225719 -1.407172 
59336.257501 -1.404953 
59336.289283 -1.402474 
59336.321065 -1.399738 
59336.352847 -1.396747 
59336.384629 -1.393503 
59336.416411 -1.390010 
59336.448193 -1.386270 
59336.479975 -1.382287 
59336.511757 -1.378062 
59336.543539 -1.373601 
59336.575321 -1.368906 
59336.607103 -1.363981 
59336.638885 -1.358830 
59336.670667 -1.353456 
59336.702449 -1.347864 
59336.734231 -1.342057 
59336.766013 -1.336041 
59336.797795 -1.329820 
59336.829577 -1.323398 
59336.861359 -1.316780 
59336.893141 -1.309971 
59336.924923 -1.302975 
59336.956705 -1.295799 
59336.988487 -1.288446 
59337.020269 -1.280923 
59337.052051 -1.273235 
59337.083833 -1.265387 
59337.115615 -1.257385 
59337.147397 -1.249235 
59337.179179 -1.240942 
59337.210961 -1.232512 
59337.242743 -1.223952 
59337.274525 -1.215268 
59337.306307 -1.206464 
59337.338089 -1.197549 
59337.369871 -1.188528 
59337.401653 -1.179407 
59337.433435 -1.170193 
59337.465217 -1.160892 
59337.496999 -1.151511 
59337.528781 -1.142057 
59337.560563 -1.132535 
59337.592345 -1.122954 
59337.624127 -1.113318 
59337.655909 -1.103636 
59337.687691 -1.093914 
59337.719473 -1.084158 
59337.751255 -1.074375 
59337.783037 -1.064573 
59337.814819 -1.054758 
59337.846601 -1.044937 
59337.878383 -1.035116 
59337.910165 -1.025302 
59337.941947 -1.015503 
59337.973729 -1.005725 
59338.005511 -0.995975 
59338.037293 -0.986259 
59338.069075 -0.976584 
59338.100857 -0.966958 
59338.132639 -0.957385 
59338.164421 -0.947874 
59338.196203 -0.938430 
59338.227985 -0.929061 
59338.259767 -0.919772 
59338.291549 -0.910570 
59338.323331 -0.901461 
59338.355113 -0.892452 
59338.386895 -0.883548 
59338.418677 -0.874757 
59338.450459 -0.866082 
59338.482241 -0.857532 
59338.514023 -0.849111 
59338.545805 -0.840825 
59338.577587 -0.832680 
59338.609369 -0.824681 
59338.641151 -0.816835 
59338.672933 -0.809145 
59338.704715 -0.801618 
59338.736497 -0.794258 
59338.768278 -0.787070 
59338.800060 -0.780060 
59338.831842 -0.773232 
59338.863624 -0.766590 
59338.895406 -0.760139 
59338.927188 -0.753883 
59338.958970 -0.747827 
59338.990752 -0.741975 
59339.022534 -0.736330 
59339.054316 -0.730896 
59339.086098 -0.725676 
59339.117880 -0.720675 
59339.149662 -0.715895 
59339.181444 -0.711340 
59339.213226 -0.707012 
59339.245008 -0.702915 
59339.276790 -0.699050 
59339.308572 -0.695421 
59339.340354 -0.692030 
59339.372136 -0.688878 
59339.403918 -0.685969 
59339.435700 -0.683302 
59339.467482 -0.680881 
59339.499264 -0.678707 
59339.531046 -0.676781 
59339.562828 -0.675103 
59339.594610 -0.673675 
59339.626392 -0.672499 
59339.658174 -0.671573 
59339.689956 -0.670899 
59339.721738 -0.670476 
59339.753520 -0.670306 
59339.785302 -0.670387 
59339.817084 -0.670719 
59339.848866 -0.671302 
59339.880648 -0.672136 
59339.912430 -0.673218 
59339.944212 -0.674549 
59339.975994 -0.676127 
59340.007776 -0.677950 
59340.039558 -0.680017 
59340.071340 -0.682327 
59340.103122 -0.684877 
59340.134904 -0.687665 
59340.166686 -0.690690 
59340.198468 -0.693948 
59340.230250 -0.697437 
59340.262032 -0.701154 
59340.293814 -0.705097 
59340.325596 -0.709262 
59340.357378 -0.713647 
59340.389160 -0.718247 
59340.420942 -0.723060 
59340.452724 -0.728081 
59340.484506 -0.733307 
59340.516288 -0.738734 
59340.548070 -0.744357 
59340.579852 -0.750173 
59340.611634 -0.756178 
59340.643416 -0.762366 
59340.675198 -0.768733 
59340.706980 -0.775274 
59340.738762 -0.781985 
59340.770544 -0.788860 
59340.802326 -0.795894 
59340.834108 -0.803083 
59340.865890 -0.810421 
59340.897672 -0.817902 
59340.929454 -0.825520 
59340.961236 -0.833272 
59340.993018 -0.841149 
59341.024800 -0.849148 
59341.056582 -0.857261 
59341.088364 -0.865484 
59341.120146 -0.873810 
59341.151928 -0.882232 
59341.183710 -0.890745 
59341.215492 -0.899343 
59341.247274 -0.908019 
59341.279056 -0.916768 
59341.310838 -0.925582 
59341.342620 -0.934455 
59341.374402 -0.943381 
59341.406184 -0.952353 
59341.437965 -0.961366 
59341.469747 -0.970411 
59341.501529 -0.979484 
59341.533311 -0.988577 
59341.565093 -0.997684 
59341.596875 -1.006798 
59341.628657 -1.015912 
59341.660439 -1.025021 
59341.692221 -1.034118 
59341.724003 -1.043195 
59341.755785 -1.052248 
59341.787567 -1.061268 
59341.819349 -1.070250 
59341.851131 -1.079188 
59341.882913 -1.088075 
59341.914695 -1.096904 
59341.946477 -1.105670 
59341.978259 -1.114366 
59342.010041 -1.122986 
59342.041823 -1.131524 
59342.073605 -1.139974 
59342.105387 -1.148330 
59342.137169 -1.156586 
59342.168951 -1.164737 
59342.200733 -1.172776 
59342.232515 -1.180698 
59342.264297 -1.188498 
59342.296079 -1.196170 
59342.327861 -1.203709 
59342.359643 -1.211109 
59342.391425 -1.218366 
59342.423207 -1.225475 
59342.454989 -1.232430 
59342.486771 -1.239227 
59342.518553 -1.245861 
59342.550335 -1.252327 
59342.582117 -1.258622 
59342.613899 -1.264742 
59342.645681 -1.270681 
59342.677463 -1.276436 
59342.709245 -1.282003 
59342.741027 -1.287379 
59342.772809 -1.292559 
59342.804591 -1.297542 
59342.836373 -1.302322 
59342.868155 -1.306898 
59342.899937 -1.311266 
59342.931719 -1.315424 
59342.963501 -1.319369 
59342.995283 -1.323098 
59343.027065 -1.326609 
59343.058847 -1.329901 
59343.090629 -1.332971 
59343.122411 -1.335817 
59343.154193 -1.338438 
59343.185975 -1.340832 
59343.217757 -1.342999 
59343.249539 -1.344936 
59343.281321 -1.346644 
59343.313103 -1.348121 
59343.344885 -1.349367 
59343.376667 -1.350382 
59343.408449 -1.351164 
59343.440231 -1.351715 
59343.472013 -1.352034 
59343.503795 -1.352122 
59343.535577 -1.351980 
59343.567359 -1.351607 
59343.599141 -1.351004 
59343.630923 -1.350174 
59343.662705 -1.349116 
59343.694487 -1.347832 
59343.726269 -1.346324 
59343.758051 -1.344594 
59343.789833 -1.342643 
59343.821615 -1.340474 
59343.853397 -1.338087 
59343.885179 -1.335487 
59343.916961 -1.332676 
59343.948743 -1.329655 
59343.980525 -1.326428 
59344.012307 -1.322998 
59344.044089 -1.319369 
59344.075871 -1.315542 
59344.107653 -1.311523 
59344.139434 -1.307314 
59344.171216 -1.302919 
59344.202998 -1.298342 
59344.234780 -1.293587 
59344.266562 -1.288658 
59344.298344 -1.283559 
59344.330126 -1.278295 
59344.361908 -1.272870 
59344.393690 -1.267290 
59344.425472 -1.261558 
59344.457254 -1.255679 
59344.489036 -1.249659 
59344.520818 -1.243503 
59344.552600 -1.237215 
59344.584382 -1.230801 
59344.616164 -1.224266 
59344.647946 -1.217617 
59344.679728 -1.210857 
59344.711510 -1.203994 
59344.743292 -1.197032 
59344.775074 -1.189977 
59344.806856 -1.182836 
59344.838638 -1.175614 
59344.870420 -1.168317 
59344.902202 -1.160951 
59344.933984 -1.153522 
59344.965766 -1.146036 
59344.997548 -1.138499 
59345.029330 -1.130918 
59345.061112 -1.123299 
59345.092894 -1.115648 
59345.124676 -1.107970 
59345.156458 -1.100273 
59345.188240 -1.092563 
59345.220022 -1.084846 
59345.251804 -1.077128 
59345.283586 -1.069415 
59345.315368 -1.061714 
59345.347150 -1.054031 
59345.378932 -1.046372 
59345.410714 -1.038743 
59345.442496 -1.031152 
59345.474278 -1.023602 
59345.506060 -1.016102 
59345.537842 -1.008656 
59345.569624 -1.001272 
59345.601406 -0.993954 
59345.633188 -0.986709 
59345.664970 -0.979542 
59345.696752 -0.972460 
59345.728534 -0.965468 
59345.760316 -0.958572 
59345.792098 -0.951777 
59345.823880 -0.945088 
59345.855662 -0.938512 
59345.887444 -0.932053 
59345.919226 -0.925717 
59345.951008 -0.919509 
59345.982790 -0.913433 
59346.014572 -0.907495 
59346.046354 -0.901699 
59346.078136 -0.896050 
59346.109918 -0.890552 
59346.141700 -0.885211 
59346.173482 -0.880030 
59346.205264 -0.875013 
59346.237046 -0.870165 
59346.268828 -0.865489 
59346.300610 -0.860989 
59346.332392 -0.856669 
59346.364174 -0.852532 
59346.395956 -0.848581 
59346.427738 -0.844820 
59346.459520 -0.841252 
59346.491302 -0.837879 
59346.523084 -0.834704 
59346.554866 -0.831731 
59346.586648 -0.828960 
59346.618430 -0.826395 
59346.650212 -0.824037 
59346.681994 -0.821888 
59346.713776 -0.819951 
59346.745558 -0.818226 
59346.777340 -0.816715 
59346.809122 -0.815419 
59346.840903 -0.814339 
59346.872685 -0.813477 
59346.904467 -0.812832 
59346.936249 -0.812405 
59346.968031 -0.812197 
59346.999813 -0.812207 
59347.031595 -0.812436 
59347.063377 -0.812884 
59347.095159 -0.813550 
59347.126941 -0.814433 
59347.158723 -0.815533 
59347.190505 -0.816849 
59347.222287 -0.818379 
59347.254069 -0.820123 
59347.285851 -0.822080 
59347.317633 -0.824246 
59347.349415 -0.826622 
59347.381197 -0.829204 
59347.412979 -0.831991 
59347.444761 -0.834980 
59347.476543 -0.838169 
59347.508325 -0.841555 
59347.540107 -0.845136 
59347.571889 -0.848908 
59347.603671 -0.852869 
59347.635453 -0.857014 
59347.667235 -0.861342 
59347.699017 -0.865848 
59347.730799 -0.870528 
59347.762581 -0.875379 
59347.794363 -0.880396 
59347.826145 -0.885576 
59347.857927 -0.890914 
59347.889709 -0.896406 
59347.921491 -0.902048 
59347.953273 -0.907833 
59347.985055 -0.913759 
59348.016837 -0.919819 
59348.048619 -0.926009 
59348.080401 -0.932324 
59348.112183 -0.938758 
59348.143965 -0.945307 
59348.175747 -0.951963 
59348.207529 -0.958723 
59348.239311 -0.965581 
59348.271093 -0.972530 
59348.302875 -0.979564 
59348.334657 -0.986679 
59348.366439 -0.993868 
59348.398221 -1.001124 
59348.430003 -1.008442 
59348.461785 -1.015816 
59348.493567 -1.023239 
59348.525349 -1.030706 
59348.557131 -1.038209 
59348.588913 -1.045742 
59348.620695 -1.053299 
59348.652477 -1.060874 
59348.684259 -1.068460 
59348.716041 -1.076050 
59348.747823 -1.083639 
59348.779605 -1.091218 
59348.811387 -1.098783 
59348.843169 -1.106326 
59348.874951 -1.113841 
59348.906733 -1.121321 
59348.938515 -1.128760 
59348.970297 -1.136151 
59349.002079 -1.143488 
59349.033861 -1.150765 
59349.065643 -1.157974 
59349.097425 -1.165110 
59349.129207 -1.172166 
59349.160989 -1.179136 
59349.192771 -1.186014 
59349.224553 -1.192793 
59349.256335 -1.199467 
59349.288117 -1.206030 
59349.319899 -1.212477 
59349.351681 -1.218802 
59349.383463 -1.224997 
59349.415245 -1.231059 
59349.447027 -1.236980 
59349.478809 -1.242757 
59349.510591 -1.248382 
59349.542372 -1.253851 
59349.574154 -1.259158 
59349.605936 -1.264299 
59349.637718 -1.269267 
59349.669500 -1.274060 
59349.701282 -1.278670 
59349.733064 -1.283095 
59349.764846 -1.287329 
59349.796628 -1.291368 
59349.828410 -1.295208 
59349.860192 -1.298844 
59349.891974 -1.302272 
59349.923756 -1.305490 
59349.955538 -1.308492 
59349.987320 -1.311277 
59350.019102 -1.313839 
59350.050884 -1.316176 
59350.082666 -1.318285 
59350.114448 -1.320163 
59350.146230 -1.321808 
59350.178012 -1.323216 
59350.209794 -1.324386 
59350.241576 -1.325315 
59350.273358 -1.326001 
59350.305140 -1.326443 
59350.336922 -1.326638 
59350.368704 -1.326585 
59350.400486 -1.326284 
59350.432268 -1.325732 
59350.464050 -1.324929 
59350.495832 -1.323874 
59350.527614 -1.322567 
59350.559396 -1.321007 
59350.591178 -1.319194 
59350.622960 -1.317128 
59350.654742 -1.314809 
59350.686524 -1.312238 
59350.718306 -1.309416 
59350.750088 -1.306342 
59350.781870 -1.303018 
59350.813652 -1.299445 
59350.845434 -1.295625 
59350.877216 -1.291558 
59350.908998 -1.287247 
59350.940780 -1.282694 
59350.972562 -1.277901 
59351.004344 -1.272869 
59351.036126 -1.267602 
59351.067908 -1.262102 
59351.099690 -1.256371 
59351.131472 -1.250413 
59351.163254 -1.244232 
59351.195036 -1.237829 
59351.226818 -1.231210 
59351.258600 -1.224377 
59351.290382 -1.217334 
59351.322164 -1.210086 
59351.353946 -1.202636 
59351.385728 -1.194989 
59351.417510 -1.187149 
59351.449292 -1.179122 
59351.481074 -1.170911 
59351.512856 -1.162522 
59351.544638 -1.153960 
59351.576420 -1.145230 
59351.608202 -1.136338 
59351.639984 -1.127288 
59351.671766 -1.118087 
59351.703548 -1.108740 
59351.735330 -1.099254 
59351.767112 -1.089634 
59351.798894 -1.079886 
59351.830676 -1.070016 
59351.862458 -1.060032 
59351.894240 -1.049939 
59351.926022 -1.039743 
59351.957804 -1.029452 
59351.989586 -1.019073 
59352.021368 -1.008611 
59352.053150 -0.998074 
59352.084932 -0.987468 
59352.116714 -0.976802 
59352.148496 -0.966081 
59352.180278 -0.955313 
59352.212060 -0.944505 
59352.243841 -0.933665 
59352.275623 -0.922799 
59352.307405 -0.911916 
59352.339187 -0.901021 
59352.370969 -0.890123 
59352.402751 -0.879230 
59352.434533 -0.868347 
59352.466315 -0.857484 
59352.498097 -0.846647 
59352.529879 -0.835844 
59352.561661 -0.825082 
59352.593443 -0.814369 
59352.625225 -0.803712 
59352.657007 -0.793118 
59352.688789 -0.782595 
59352.720571 -0.772151 
59352.752353 -0.761792 
59352.784135 -0.751525 
59352.815917 -0.741359 
59352.847699 -0.731300 
59352.879481 -0.721355 
59352.911263 -0.711532 
59352.943045 -0.701837 
59352.974827 -0.692277 
59353.006609 -0.682859 
59353.038391 -0.673590 
59353.070173 -0.664477 
59353.101955 -0.655526 
59353.133737 -0.646744 
59353.165519 -0.638137 
59353.197301 -0.629712 
59353.229083 -0.621474 
59353.260865 -0.613429 
59353.292647 -0.605585 
59353.324429 -0.597946 
59353.356211 -0.590518 
59353.387993 -0.583307 
59353.419775 -0.576318 
59353.451557 -0.569557 
59353.483339 -0.563029 
59353.515121 -0.556739 
59353.546903 -0.550691 
59353.578685 -0.544891 
59353.610467 -0.539343 
59353.642249 -0.534052 
59353.674031 -0.529021 
59353.705813 -0.524256 
59353.737595 -0.519759 
59353.769377 -0.515535 
59353.801159 -0.511587 
59353.832941 -0.507919 
59353.864723 -0.504534 
59353.896505 -0.501435 
59353.928287 -0.498624 
59353.960069 -0.496106 
59353.991851 -0.493881 
59354.023633 -0.491953 
59354.055415 -0.490323 
59354.087197 -0.488994 
59354.118979 -0.487968 
59354.150761 -0.487245 
59354.182543 -0.486827 
59354.214325 -0.486716 
59354.246107 -0.486913 
59354.277889 -0.487417 
59354.309671 -0.488231 
59354.341453 -0.489354 
59354.373235 -0.490786 
59354.405017 -0.492527 
59354.436799 -0.494578 
59354.468581 -0.496938 
59354.500363 -0.499606 
59354.532145 -0.502581 
59354.563927 -0.505863 
59354.595709 -0.509450 
59354.627491 -0.513341 
59354.659273 -0.517535 
59354.691055 -0.522029 
59354.722837 -0.526821 
59354.754619 -0.531911 
59354.786401 -0.537294 
59354.818183 -0.542970 
59354.849965 -0.548934 
59354.881747 -0.555184 
59354.913529 -0.561718 
59354.945310 -0.568531 
59354.977092 -0.575621 
59355.008874 -0.582984 
59355.040656 -0.590615 
59355.072438 -0.598512 
59355.104220 -0.606671 
59355.136002 -0.615085 
59355.167784 -0.623753 
59355.199566 -0.632668 
59355.231348 -0.641827 
59355.263130 -0.651224 
59355.294912 -0.660854 
59355.326694 -0.670712 
59355.358476 -0.680793 
59355.390258 -0.691092 
59355.422040 -0.701602 
59355.453822 -0.712319 
59355.485604 -0.723237 
59355.517386 -0.734348 
59355.549168 -0.745649 
59355.580950 -0.757131 
59355.612732 -0.768790 
59355.644514 -0.780618 
59355.676296 -0.792610 
59355.708078 -0.804759 
59355.739860 -0.817057 
59355.771642 -0.829499 
59355.803424 -0.842078 
59355.835206 -0.854787 
59355.866988 -0.867618 
59355.898770 -0.880566 
59355.930552 -0.893622 
59355.962334 -0.906780 
59355.994116 -0.920033 
59356.025898 -0.933373 
59356.057680 -0.946793 
59356.089462 -0.960286 
59356.121244 -0.973845 
59356.153026 -0.987462 
59356.184808 -1.001131 
59356.216590 -1.014843 
59356.248372 -1.028591 
59356.280154 -1.042368 
59356.311936 -1.056167 
59356.343718 -1.069981 
59356.375500 -1.083801 
59356.407282 -1.097621 
59356.439064 -1.111434 
59356.470846 -1.125231 
59356.502628 -1.139007 
59356.534410 -1.152754 
59356.566192 -1.166464 
59356.597974 -1.180130 
59356.629756 -1.193747 
59356.661538 -1.207305 
59356.693320 -1.220800 
59356.725102 -1.234223 
59356.756884 -1.247568 
59356.788666 -1.260829 
59356.820448 -1.273998 
59356.852230 -1.287070 
59356.884012 -1.300037 
59356.915794 -1.312894 
59356.947576 -1.325633 
59356.979358 -1.338250 
59357.011140 -1.350738 
59357.042922 -1.363091 
59357.074704 -1.375303 
59357.106486 -1.387369 
59357.138268 -1.399283 
59357.170050 -1.411039 
59357.201832 -1.422632 
59357.233614 -1.434058 
59357.265396 -1.445310 
59357.297178 -1.456385 
59357.328960 -1.467277 
59357.360742 -1.477982 
59357.392524 -1.488495 
59357.424306 -1.498812 
59357.456088 -1.508928 
59357.487870 -1.518841 
59357.519652 -1.528545 
59357.551434 -1.538037 
59357.583216 -1.547315 
59357.614997 -1.556373 
59357.646779 -1.565210 
59357.678561 -1.573821 
59357.710343 -1.582205 
59357.742125 -1.590359 
59357.773907 -1.598279 
59357.805689 -1.605964 
59357.837471 -1.613412 
59357.869253 -1.620620 
59357.901035 -1.627587 
59357.932817 -1.634311 
59357.964599 -1.640791 
59357.996381 -1.647024 
59358.028163 -1.653012 
59358.059945 -1.658751 
59358.091727 -1.664242 
59358.123509 -1.669484 
59358.155291 -1.674476 
59358.187073 -1.679219 
59358.218855 -1.683712 
59358.250637 -1.687956 
59358.282419 -1.691950 
59358.314201 -1.695696 
59358.345983 -1.699194 
59358.377765 -1.702444 
59358.409547 -1.705448 
59358.441329 -1.708207 
59358.473111 -1.710723 
59358.504893 -1.712996 
59358.536675 -1.715029 
59358.568457 -1.716823 
59358.600239 -1.718380 
59358.632021 -1.719703 
59358.663803 -1.720794 
59358.695585 -1.721654 
59358.727367 -1.722288 
59358.759149 -1.722697 
59358.790931 -1.722885 
59358.822713 -1.722854 
59358.854495 -1.722608 
59358.886277 -1.722150 
59358.918059 -1.721484 
59358.949841 -1.720612 
59358.981623 -1.719539 
59359.013405 -1.718269 
59359.045187 -1.716806 
59359.076969 -1.715153 
59359.108751 -1.713315 
59359.140533 -1.711295 
59359.172315 -1.709100 
59359.204097 -1.706732 
59359.235879 -1.704196 
59359.267661 -1.701498 
59359.299443 -1.698642 
59359.331225 -1.695632 
59359.363007 -1.692474 
59359.394789 -1.689173 
59359.426571 -1.685733 
59359.458353 -1.682160 
59359.490135 -1.678460 
59359.521917 -1.674636 
59359.553699 -1.670695 
59359.585481 -1.666641 
59359.617263 -1.662481 
59359.649045 -1.658220 
59359.680827 -1.653863 
59359.712609 -1.649415 
59359.744391 -1.644882 
59359.776173 -1.640270 
59359.807955 -1.635584 
59359.839737 -1.630830 
59359.871519 -1.626013 
59359.903301 -1.621138 
59359.935083 -1.616212 
59359.966865 -1.611240 
59359.998647 -1.606227 
59360.030429 -1.601179 
59360.062211 -1.596101 
59360.093993 -1.590999 
59360.125775 -1.585878 
59360.157557 -1.580743 
59360.189339 -1.575600 
59360.221121 -1.570455 
59360.252903 -1.565312 
59360.284685 -1.560176 
59360.316466 -1.555053 
59360.348248 -1.549948 
59360.380030 -1.544865 
59360.411812 -1.539810 
59360.443594 -1.534788 
59360.475376 -1.529803 
59360.507158 -1.524859 
59360.538940 -1.519962 
59360.570722 -1.515116 
59360.602504 -1.510326 
59360.634286 -1.505595 
59360.666068 -1.500928 
59360.697850 -1.496329 
59360.729632 -1.491801 
59360.761414 -1.487350 
59360.793196 -1.482978 
59360.824978 -1.478690 
59360.856760 -1.474488 
59360.888542 -1.470376 
59360.920324 -1.466357 
59360.952106 -1.462435 
59360.983888 -1.458613 
59361.015670 -1.454893 
59361.047452 -1.451278 
59361.079234 -1.447771 
59361.111016 -1.444373 
59361.142798 -1.441089 
59361.174580 -1.437919 
59361.206362 -1.434865 
59361.238144 -1.431930 
59361.269926 -1.429116 
59361.301708 -1.426423 
59361.333490 -1.423853 
59361.365272 -1.421408 
59361.397054 -1.419089 
59361.428836 -1.416896 
59361.460618 -1.414830 
59361.492400 -1.412893 
59361.524182 -1.411084 
59361.555964 -1.409404 
59361.587746 -1.407853 
59361.619528 -1.406431 
59361.651310 -1.405139 
59361.683092 -1.403975 
59361.714874 -1.402939 
59361.746656 -1.402031 
59361.778438 -1.401250 
59361.810220 -1.400595 
59361.842002 -1.400066 
59361.873784 -1.399660 
59361.905566 -1.399377 
59361.937348 -1.399214 
59361.969130 -1.399172 
59362.000912 -1.399247 
59362.032694 -1.399437 
59362.064476 -1.399742 
59362.096258 -1.400158 
59362.128040 -1.400683 
59362.159822 -1.401315 
59362.191604 -1.402052 
59362.223386 -1.402890 
59362.255168 -1.403826 
59362.286950 -1.404858 
59362.318732 -1.405983 
59362.350514 -1.407197 
59362.382296 -1.408497 
59362.414078 -1.409880 
59362.445860 -1.411342 
59362.477642 -1.412879 
59362.509424 -1.414489 
59362.541206 -1.416166 
59362.572988 -1.417907 
59362.604770 -1.419709 
59362.636552 -1.421566 
59362.668334 -1.423475 
59362.700116 -1.425431 
59362.731898 -1.427430 
59362.763680 -1.429469 
59362.795462 -1.431541 
59362.827244 -1.433643 
59362.859026 -1.435771 
59362.890808 -1.437919 
59362.922590 -1.440082 
59362.954372 -1.442257 
59362.986154 -1.444438 
59363.017935 -1.446621 
59363.049717 -1.448800 
59363.081499 -1.450971 
59363.113281 -1.453130 
59363.145063 -1.455270 
59363.176845 -1.457387 
59363.208627 -1.459477 
59363.240409 -1.461534 
59363.272191 -1.463553 
59363.303973 -1.465530 
59363.335755 -1.467460 
59363.367537 -1.469338 
59363.399319 -1.471158 
59363.431101 -1.472916 
59363.462883 -1.474608 
59363.494665 -1.476229 
59363.526447 -1.477773 
59363.558229 -1.479237 
59363.590011 -1.480615 
59363.621793 -1.481903 
59363.653575 -1.483097 
59363.685357 -1.484192 
59363.717139 -1.485184 
59363.748921 -1.486068 
59363.780703 -1.486840 
59363.812485 -1.487497 
59363.844267 -1.488034 
59363.876049 -1.488447 
59363.907831 -1.488732 
59363.939613 -1.488886 
59363.971395 -1.488905 
59364.003177 -1.488786 
59364.034959 -1.488524 
59364.066741 -1.488117 
59364.098523 -1.487562 
59364.130305 -1.486855 
59364.162087 -1.485994 
59364.193869 -1.484975 
59364.225651 -1.483796 
59364.257433 -1.482455 
59364.289215 -1.480949 
59364.320997 -1.479276 
59364.352779 -1.477434 
59364.384561 -1.475420 
59364.416343 -1.473234 
59364.448125 -1.470873 
59364.479907 -1.468336 
59364.511689 -1.465621 
59364.543471 -1.462728 
59364.575253 -1.459655 
59364.607035 -1.456401 
59364.638817 -1.452967 
59364.670599 -1.449351 
59364.702381 -1.445553 
59364.734163 -1.441573 
59364.765945 -1.437411 
59364.797727 -1.433067 
59364.829509 -1.428542 
59364.861291 -1.423835 
59364.893073 -1.418949 
59364.924855 -1.413883 
59364.956637 -1.408639 
59364.988419 -1.403218 
59365.020201 -1.397622 
59365.051983 -1.391852 
59365.083765 -1.385909 
59365.115547 -1.379797 
59365.147329 -1.373517 
59365.179111 -1.367072 
59365.210893 -1.360463 
59365.242675 -1.353694 
59365.274457 -1.346768 
59365.306239 -1.339688 
59365.338021 -1.332457 
59365.369803 -1.325078 
59365.401585 -1.317555 
59365.433367 -1.309891 
59365.465149 -1.302091 
59365.496931 -1.294160 
59365.528713 -1.286100 
59365.560495 -1.277916 
59365.592277 -1.269613 
59365.624059 -1.261196 
59365.655841 -1.252670 
59365.687623 -1.244040 
59365.719404 -1.235310 
59365.751186 -1.226486 
59365.782968 -1.217574 
59365.814750 -1.208580 
59365.846532 -1.199508 
59365.878314 -1.190366 
59365.910096 -1.181158 
59365.941878 -1.171892 
59365.973660 -1.162573 
59366.005442 -1.153207 
59366.037224 -1.143802 
59366.069006 -1.134364 
59366.100788 -1.124900 
59366.132570 -1.115416 
59366.164352 -1.105919 
59366.196134 -1.096417 
59366.227916 -1.086916 
59366.259698 -1.077423 
59366.291480 -1.067947 
59366.323262 -1.058494 
59366.355044 -1.049071 
59366.386826 -1.039687 
59366.418608 -1.030348 
59366.450390 -1.021062 
59366.482172 -1.011837 
59366.513954 -1.002680 
59366.545736 -0.993600 
59366.577518 -0.984603 
59366.609300 -0.975698 
59366.641082 -0.966892 
59366.672864 -0.958193 
59366.704646 -0.949609 
59366.736428 -0.941148 
59366.768210 -0.932818 
59366.799992 -0.924625 
59366.831774 -0.916579 
59366.863556 -0.908687 
59366.895338 -0.900956 
59366.927120 -0.893394 
59366.958902 -0.886010 
59366.990684 -0.878809 
59367.022466 -0.871801 
59367.054248 -0.864993 
59367.086030 -0.858391 
59367.117812 -0.852005 
59367.149594 -0.845839 
59367.181376 -0.839903 
59367.213158 -0.834203 
59367.244940 -0.828747 
59367.276722 -0.823540 
59367.308504 -0.818591 
59367.340286 -0.813905 
59367.372068 -0.809491 
59367.403850 -0.805353 
59367.435632 -0.801499 
59367.467414 -0.797935 
59367.499196 -0.794667 
59367.530978 -0.791701 
59367.562760 -0.789043 
59367.594542 -0.786699 
59367.626324 -0.784674 
59367.658106 -0.782974 
59367.689888 -0.781605 
59367.721670 -0.780570 
59367.753452 -0.779877 
59367.785234 -0.779528 
59367.817016 -0.779529 
59367.848798 -0.779884 
59367.880580 -0.780598 
59367.912362 -0.781674 
59367.944144 -0.783117 
59367.975926 -0.784929 
59368.007708 -0.787116 
59368.039490 -0.789679 
59368.071272 -0.792622 
59368.103054 -0.795949 
59368.134836 -0.799660 
59368.166618 -0.803760 
59368.198400 -0.808250 
59368.230182 -0.813132 
59368.261964 -0.818408 
59368.293746 -0.824080 
59368.325528 -0.830149 
59368.357310 -0.836616 
59368.389092 -0.843482 
59368.420873 -0.850747 
59368.452655 -0.858413 
59368.484437 -0.866479 
59368.516219 -0.874945 
59368.548001 -0.883811 
59368.579783 -0.893076 
59368.611565 -0.902740 
59368.643347 -0.912802 
59368.675129 -0.923261 
59368.706911 -0.934114 
59368.738693 -0.945361 
59368.770475 -0.956999 
59368.802257 -0.969026 
59368.834039 -0.981440 
59368.865821 -0.994238 
59368.897603 -1.007418 
59368.929385 -1.020975 
59368.961167 -1.034907 
59368.992949 -1.049211 
59369.024731 -1.063882 
59369.056513 -1.078916 
59369.088295 -1.094309 
59369.120077 -1.110057 
59369.151859 -1.126155 
59369.183641 -1.142597 
59369.215423 -1.159379 
59369.247205 -1.176496 
59369.278987 -1.193941 
59369.310769 -1.211709 
59369.342551 -1.229794 
59369.374333 -1.248190 
59369.406115 -1.266890 
59369.437897 -1.285888 
59369.469679 -1.305177 
59369.501461 -1.324749 
59369.533243 -1.344599 
59369.565025 -1.364717 
59369.596807 -1.385098 
59369.628589 -1.405732 
59369.660371 -1.426613 
59369.692153 -1.447732 
59369.723935 -1.469080 
59369.755717 -1.490651 
59369.787499 -1.512434 
59369.819281 -1.534422 
59369.851063 -1.556605 
59369.882845 -1.578975 
59369.914627 -1.601523 
59369.946409 -1.624239 
59369.978191 -1.647114 
59370.009973 -1.670139 
59370.041755 -1.693304 
59370.073537 -1.716600 
59370.105319 -1.740016 
59370.137101 -1.763543 
59370.168883 -1.787172 
59370.200665 -1.810891 
59370.232447 -1.834692 
59370.264229 -1.858563 
59370.296011 -1.882496 
59370.327793 -1.906479 
59370.359575 -1.930502 
59370.391357 -1.954555 
59370.423139 -1.978628 
59370.454921 -2.002710 
59370.486703 -2.026791 
59370.518485 -2.050860 
59370.550267 -2.074908 
59370.582049 -2.098923 
59370.613831 -2.122895 
59370.645613 -2.146815 
59370.677395 -2.170670 
59370.709177 -2.194452 
59370.740959 -2.218149 
59370.772741 -2.241752 
59370.804523 -2.265251 
59370.836305 -2.288634 
59370.868087 -2.311892 
59370.899869 -2.335015 
59370.931651 -2.357993 
59370.963433 -2.380815 
59370.995215 -2.403473 
59371.026997 -2.425956 
59371.058779 -2.448255 
59371.090561 -2.470360 
59371.122342 -2.492261 
59371.154124 -2.513950 
59371.185906 -2.535417 
59371.217688 -2.556653 
59371.249470 -2.577649 
59371.281252 -2.598396 
59371.313034 -2.618885 
59371.344816 -2.639109 
59371.376598 -2.659058 
59371.408380 -2.678725 
59371.440162 -2.698101 
59371.471944 -2.717178 
59371.503726 -2.735949 
59371.535508 -2.754406 
59371.567290 -2.772541 
59371.599072 -2.790349 
59371.630854 -2.807821 
59371.662636 -2.824950 
59371.694418 -2.841731 
59371.726200 -2.858157 
59371.757982 -2.874222 
59371.789764 -2.889919 
59371.821546 -2.905243 
59371.853328 -2.920188 
59371.885110 -2.934750 
59371.916892 -2.948923 
59371.948674 -2.962702 
59371.980456 -2.976082 
59372.012238 -2.989060 
59372.044020 -3.001631 
59372.075802 -3.013791 
59372.107584 -3.025536 
59372.139366 -3.036864 
59372.171148 -3.047770 
59372.202930 -3.058253 
59372.234712 -3.068308 
59372.266494 -3.077935 
59372.298276 -3.087130 
59372.330058 -3.095892 
59372.361840 -3.104220 
59372.393622 -3.112111 
59372.425404 -3.119564 
59372.457186 -3.126579 
59372.488968 -3.133156 
59372.520750 -3.139293 
59372.552532 -3.144990 
59372.584314 -3.150249 
59372.616096 -3.155068 
59372.647878 -3.159449 
59372.679660 -3.163393 
59372.711442 -3.166901 
59372.743224 -3.169973 
59372.775006 -3.172613 
59372.806788 -3.174821 
59372.838570 -3.176600 
59372.870352 -3.177953 
59372.902134 -3.178881 
59372.933916 -3.179389 
59372.965698 -3.179478 
59372.997480 -3.179153 
59373.029262 -3.178417 
59373.061044 -3.177273 
59373.092826 -3.175726 
59373.124608 -3.173781 
59373.156390 -3.171441 
59373.188172 -3.168711 
59373.219954 -3.165597 
59373.251736 -3.162103 
59373.283518 -3.158235 
59373.315300 -3.153999 
59373.347082 -3.149400 
59373.378864 -3.144444 
59373.410646 -3.139137 
59373.442428 -3.133486 
59373.474210 -3.127497 
59373.505992 -3.121177 
59373.537774 -3.114533 
59373.569556 -3.107572 
59373.601338 -3.100300 
59373.633120 -3.092727 
59373.664902 -3.084858 
59373.696684 -3.076702 
59373.728466 -3.068266 
59373.760248 -3.059559 
59373.792029 -3.050588 
59373.823811 -3.041362 
59373.855593 -3.031889 
59373.887375 -3.022177 
59373.919157 -3.012235 
59373.950939 -3.002072 
59373.982721 -2.991697 
59374.014503 -2.981118 
59374.046285 -2.970344 
59374.078067 -2.959384 
59374.109849 -2.948247 
59374.141631 -2.936942 
59374.173413 -2.925479 
59374.205195 -2.913867 
59374.236977 -2.902115 
59374.268759 -2.890232 
59374.300541 -2.878228 
59374.332323 -2.866112 
59374.364105 -2.853894 
59374.395887 -2.841582 
59374.427669 -2.829187 
59374.459451 -2.816717 
59374.491233 -2.804183 
59374.523015 -2.791593 
59374.554797 -2.778957 
59374.586579 -2.766285 
59374.618361 -2.753585 
59374.650143 -2.740867 
59374.681925 -2.728140 
59374.713707 -2.715413 
59374.745489 -2.702696 
59374.777271 -2.689997 
59374.809053 -2.677326 
59374.840835 -2.664691 
59374.872617 -2.652101 
59374.904399 -2.639565 
59374.936181 -2.627092 
59374.967963 -2.614691 
59374.999745 -2.602369 
59375.031527 -2.590135 
59375.063309 -2.577997 
59375.095091 -2.565964 
59375.126873 -2.554043 
59375.158655 -2.542242 
59375.190437 -2.530569 
59375.222219 -2.519032 
59375.254001 -2.507637 
59375.285783 -2.496393 
59375.317565 -2.485306 
59375.349347 -2.474383 
59375.381129 -2.463632 
59375.412911 -2.453058 
59375.444693 -2.442668 
59375.476475 -2.432469 
59375.508257 -2.422466 
59375.540039 -2.412666 
59375.571821 -2.403074 
59375.603603 -2.393696 
59375.635385 -2.384537 
59375.667167 -2.375602 
59375.698949 -2.366896 
59375.730731 -2.358424 
59375.762513 -2.350190 
59375.794295 -2.342199 
59375.826077 -2.334455 
59375.857859 -2.326961 
59375.889641 -2.319722 
59375.921423 -2.312741 
59375.953205 -2.306021 
59375.984987 -2.299565 
59376.016769 -2.293376 
59376.048551 -2.287457 
59376.080333 -2.281809 
59376.112115 -2.276435 
59376.143897 -2.271338 
59376.175679 -2.266517 
59376.207461 -2.261976 
59376.239243 -2.257715 
59376.271025 -2.253735 
59376.302807 -2.250037 
59376.334589 -2.246622 
59376.366371 -2.243489 
59376.398153 -2.240639 
59376.429935 -2.238072 
59376.461717 -2.235788 
59376.493498 -2.233785 
59376.525280 -2.232063 
59376.557062 -2.230621 
59376.588844 -2.229458 
59376.620626 -2.228572 
59376.652408 -2.227962 
59376.684190 -2.227625 
59376.715972 -2.227560 
59376.747754 -2.227764 
59376.779536 -2.228235 
59376.811318 -2.228969 
59376.843100 -2.229965 
59376.874882 -2.231219 
59376.906664 -2.232727 
59376.938446 -2.234486 
59376.970228 -2.236493 
59377.002010 -2.238743 
59377.033792 -2.241233 
59377.065574 -2.243958 
59377.097356 -2.246914 
59377.129138 -2.250096 
59377.160920 -2.253499 
59377.192702 -2.257120 
59377.224484 -2.260951 
59377.256266 -2.264989 
59377.288048 -2.269228 
59377.319830 -2.273662 
59377.351612 -2.278286 
59377.383394 -2.283094 
59377.415176 -2.288080 
59377.446958 -2.293238 
59377.478740 -2.298562 
59377.510522 -2.304046 
59377.542304 -2.309683 
59377.574086 -2.315467 
59377.605868 -2.321391 
59377.637650 -2.327449 
59377.669432 -2.333634 
59377.701214 -2.339939 
59377.732996 -2.346357 
59377.764778 -2.352881 
59377.796560 -2.359505 
59377.828342 -2.366221 
59377.860124 -2.373021 
59377.891906 -2.379900 
59377.923688 -2.386849 
59377.955470 -2.393861 
59377.987252 -2.400930 
59378.019034 -2.408048 
59378.050816 -2.415206 
59378.082598 -2.422400 
59378.114380 -2.429620 
59378.146162 -2.436859 
59378.177944 -2.444111 
59378.209726 -2.451368 
59378.241508 -2.458622 
59378.273290 -2.465867 
59378.305072 -2.473095 
59378.336854 -2.480298 
59378.368636 -2.487471 
59378.400418 -2.494606 
59378.432200 -2.501695 
59378.463982 -2.508732 
59378.495764 -2.515710 
59378.527546 -2.522622 
59378.559328 -2.529461 
59378.591110 -2.536221 
59378.622892 -2.542894 
59378.654674 -2.549475 
59378.686456 -2.555958 
59378.718238 -2.562335 
59378.750020 -2.568600 
59378.781802 -2.574748 
59378.813584 -2.580773 
59378.845366 -2.586668 
59378.877148 -2.592428 
59378.908930 -2.598048 
59378.940712 -2.603522 
59378.972494 -2.608844 
59379.004276 -2.614010 
59379.036058 -2.619014 
59379.067840 -2.623852 
59379.099622 -2.628518 
59379.131404 -2.633009 
59379.163186 -2.637321 
59379.194967 -2.641447 
59379.226749 -2.645386 
59379.258531 -2.649132 
59379.290313 -2.652683 
59379.322095 -2.656034 
59379.353877 -2.659182 
59379.385659 -2.662124 
59379.417441 -2.664858 
59379.449223 -2.667380 
59379.481005 -2.669688 
59379.512787 -2.671779 
59379.544569 -2.673651 
59379.576351 -2.675302 
59379.608133 -2.676731 
59379.639915 -2.677935 
59379.671697 -2.678914 
59379.703479 -2.679666 
59379.735261 -2.680190 
59379.767043 -2.680485 
59379.798825 -2.680551 
59379.830607 -2.680387 
59379.862389 -2.679993 
59379.894171 -2.679370 
59379.925953 -2.678516 
59379.957735 -2.677434 
59379.989517 -2.676123 
59380.021299 -2.674584 
59380.053081 -2.672818 
59380.084863 -2.670826 
59380.116645 -2.668611 
59380.148427 -2.666173 
59380.180209 -2.663514 
59380.211991 -2.660637 
59380.243773 -2.657543 
59380.275555 -2.654236 
59380.307337 -2.650716 
59380.339119 -2.646989 
59380.370901 -2.643055 
59380.402683 -2.638919 
59380.434465 -2.634584 
59380.466247 -2.630054 
59380.498029 -2.625331 
59380.529811 -2.620420 
59380.561593 -2.615326 
59380.593375 -2.610051 
59380.625157 -2.604601 
59380.656939 -2.598981 
59380.688721 -2.593194 
59380.720503 -2.587246 
59380.752285 -2.581141 
59380.784067 -2.574885 
59380.815849 -2.568484 
59380.847631 -2.561941 
59380.879413 -2.555264 
59380.911195 -2.548458 
59380.942977 -2.541528 
59380.974759 -2.534481 
59381.006541 -2.527322 
59381.038323 -2.520058 
59381.070105 -2.512695 
59381.101887 -2.505239 
59381.133669 -2.497696 
59381.165451 -2.490074 
59381.197233 -2.482380 
59381.229015 -2.474618 
59381.260797 -2.466797 
59381.292579 -2.458924 
59381.324361 -2.451004 
59381.356143 -2.443046 
59381.387925 -2.435056 
59381.419707 -2.427041 
59381.451489 -2.419009 
59381.483271 -2.410966 
59381.515053 -2.402920 
59381.546835 -2.394878 
59381.578617 -2.386847 
59381.610399 -2.378835 
59381.642181 -2.370849 
59381.673963 -2.362895 
59381.705745 -2.354982 
59381.737527 -2.347117 
59381.769309 -2.339306 
59381.801091 -2.331557 
59381.832873 -2.323878 
59381.864655 -2.316275 
59381.896436 -2.308755 
59381.928218 -2.301326 
59381.960000 -2.293995 
59381.991782 -2.286769 
59382.023564 -2.279654 
59382.055346 -2.272657 
59382.087128 -2.265786 
59382.118910 -2.259047 
59382.150692 -2.252447 
59382.182474 -2.245992 
59382.214256 -2.239688 
59382.246038 -2.233543 
59382.277820 -2.227562 
59382.309602 -2.221752 
59382.341384 -2.216118 
59382.373166 -2.210667 
59382.404948 -2.205405 
59382.436730 -2.200336 
59382.468512 -2.195468 
59382.500294 -2.190804 
59382.532076 -2.186351 
59382.563858 -2.182114 
59382.595640 -2.178097 
59382.627422 -2.174307 
59382.659204 -2.170746 
59382.690986 -2.167421 
59382.722768 -2.164334 
59382.754550 -2.161492 
59382.786332 -2.158897 
59382.818114 -2.156554 
59382.849896 -2.154466 
59382.881678 -2.152637 
59382.913460 -2.151071 
59382.945242 -2.149770 
59382.977024 -2.148738 
59383.008806 -2.147977 
59383.040588 -2.147490 
59383.072370 -2.147280 
59383.104152 -2.147348 
59383.135934 -2.147698 
59383.167716 -2.148330 
59383.199498 -2.149247 
59383.231280 -2.150449 
59383.263062 -2.151939 
59383.294844 -2.153717 
59383.326626 -2.155785 
59383.358408 -2.158142 
59383.390190 -2.160790 
59383.421972 -2.163728 
59383.453754 -2.166957 
59383.485536 -2.170477 
59383.517318 -2.174286 
59383.549100 -2.178385 
59383.580882 -2.182774 
59383.612664 -2.187450 
59383.644446 -2.192412 
59383.676228 -2.197661 
59383.708010 -2.203193 
59383.739792 -2.209007 
59383.771574 -2.215101 
59383.803356 -2.221473 
59383.835138 -2.228120 
59383.866920 -2.235041 
59383.898702 -2.242231 
59383.930484 -2.249689 
59383.962266 -2.257411 
59383.994048 -2.265394 
59384.025830 -2.273634 
59384.057612 -2.282128 
59384.089394 -2.290871 
59384.121176 -2.299860 
59384.152958 -2.309091 
59384.184740 -2.318559 
59384.216522 -2.328259 
59384.248304 -2.338186 
59384.280086 -2.348337 
59384.311868 -2.358706 
59384.343650 -2.369287 
59384.375432 -2.380075 
59384.407214 -2.391065 
59384.438996 -2.402251 
59384.470778 -2.413627 
59384.502560 -2.425188 
59384.534342 -2.436927 
59384.566124 -2.448838 
59384.597905 -2.460915 
59384.629687 -2.473151 
59384.661469 -2.485541 
59384.693251 -2.498076 
59384.725033 -2.510751 
59384.756815 -2.523559 
59384.788597 -2.536492 
59384.820379 -2.549544 
59384.852161 -2.562708 
59384.883943 -2.575975 
59384.915725 -2.589340 
59384.947507 -2.602795 
59384.979289 -2.616332 
59385.011071 -2.629944 
59385.042853 -2.643624 
59385.074635 -2.657363 
59385.106417 -2.671155 
59385.138199 -2.684991 
59385.169981 -2.698864 
59385.201763 -2.712766 
59385.233545 -2.726690 
59385.265327 -2.740628 
59385.297109 -2.754572 
59385.328891 -2.768514 
59385.360673 -2.782447 
59385.392455 -2.796363 
59385.424237 -2.810253 
59385.456019 -2.824112 
59385.487801 -2.837930 
59385.519583 -2.851700 
59385.551365 -2.865414 
59385.583147 -2.879066 
59385.614929 -2.892647 
59385.646711 -2.906150 
59385.678493 -2.919567 
59385.710275 -2.932892 
59385.742057 -2.946116 
59385.773839 -2.959233 
59385.805621 -2.972235 
59385.837403 -2.985116 
59385.869185 -2.997868 
59385.900967 -3.010485 
59385.932749 -3.022959 
59385.964531 -3.035284 
59385.996313 -3.047453 
59386.028095 -3.059461 
59386.059877 -3.071300 
59386.091659 -3.082964 
59386.123441 -3.094447 
59386.155223 -3.105743 
59386.187005 -3.116846 
59386.218787 -3.127751 
59386.250569 -3.138451 
59386.282351 -3.148942 
59386.314133 -3.159218 
59386.345915 -3.169274 
59386.377697 -3.179104 
59386.409479 -3.188704 
59386.441261 -3.198069 
59386.473043 -3.207195 
59386.504825 -3.216078 
59386.536607 -3.224712 
59386.568389 -3.233094 
59386.600171 -3.241220 
59386.631953 -3.249086 
59386.663735 -3.256689 
59386.695517 -3.264026 
59386.727299 -3.271093 
59386.759081 -3.277887 
59386.790863 -3.284405 
59386.822645 -3.290645 
59386.854427 -3.296604 
59386.886209 -3.302281 
59386.917991 -3.307672 
59386.949773 -3.312777 
59386.981555 -3.317593 
59387.013337 -3.322118 
59387.045119 -3.326352 
59387.076901 -3.330294 
59387.108683 -3.333942 
59387.140465 -3.337296 
59387.172247 -3.340356 
59387.204029 -3.343120 
59387.235811 -3.345588 
59387.267593 -3.347762 
59387.299374 -3.349640 
59387.331156 -3.351224 
59387.362938 -3.352514 
59387.394720 -3.353510 
59387.426502 -3.354214 
59387.458284 -3.354627 
59387.490066 -3.354750 
59387.521848 -3.354585 
59387.553630 -3.354133 
59387.585412 -3.353396 
59387.617194 -3.352376 
59387.648976 -3.351076 
59387.680758 -3.349498 
59387.712540 -3.347644 
59387.744322 -3.345518 
59387.776104 -3.343121 
59387.807886 -3.340457 
59387.839668 -3.337530 
59387.871450 -3.334342 
59387.903232 -3.330898 
59387.935014 -3.327200 
59387.966796 -3.323252 
59387.998578 -3.319059 
59388.030360 -3.314625 
59388.062142 -3.309953 
59388.093924 -3.305048 
59388.125706 -3.299915 
59388.157488 -3.294558 
59388.189270 -3.288981 
59388.221052 -3.283191 
59388.252834 -3.277191 
59388.284616 -3.270986 
59388.316398 -3.264582 
59388.348180 -3.257984 
59388.379962 -3.251197 
59388.411744 -3.244226 
59388.443526 -3.237078 
59388.475308 -3.229757 
59388.507090 -3.222269 
59388.538872 -3.214621 
59388.570654 -3.206817 
59388.602436 -3.198863 
59388.634218 -3.190766 
59388.666000 -3.182531 
59388.697782 -3.174165 
59388.729564 -3.165672 
59388.761346 -3.157060 
59388.793128 -3.148334 
59388.824910 -3.139500 
59388.856692 -3.130565 
59388.888474 -3.121535 
59388.920256 -3.112415 
59388.952038 -3.103212 
59388.983820 -3.093932 
59389.015602 -3.084581 
59389.047384 -3.075165 
59389.079166 -3.065691 
59389.110948 -3.056163 
59389.142730 -3.046589 
59389.174512 -3.036975 
59389.206294 -3.027325 
59389.238076 -3.017647 
59389.269858 -3.007946 
59389.301640 -2.998227 
59389.333422 -2.988498 
59389.365204 -2.978762 
59389.396986 -2.969027 
59389.428768 -2.959297 
59389.460550 -2.949578 
59389.492332 -2.939876 
59389.524114 -2.930195 
59389.555896 -2.920542 
59389.587678 -2.910921 
59389.619460 -2.901336 
59389.651242 -2.891795 
59389.683024 -2.882300 
59389.714806 -2.872857 
59389.746588 -2.863470 
59389.778370 -2.854144 
59389.810152 -2.844884 
59389.841934 -2.835693 
59389.873716 -2.826576 
59389.905498 -2.817537 
59389.937280 -2.808580 
59389.969061 -2.799708 
59390.000843 -2.790925 
59390.032625 -2.782235 
59390.064407 -2.773641 
59390.096189 -2.765146 
59390.127971 -2.756754 
59390.159753 -2.748466 
59390.191535 -2.740286 
59390.223317 -2.732217 
59390.255099 -2.724261 
59390.286881 -2.716420 
59390.318663 -2.708696 
59390.350445 -2.701092 
59390.382227 -2.693609 
59390.414009 -2.686249 
59390.445791 -2.679013 
59390.477573 -2.671902 
59390.509355 -2.664919 
59390.541137 -2.658063 
59390.572919 -2.651336 
59390.604701 -2.644739 
59390.636483 -2.638271 
59390.668265 -2.631933 
59390.700047 -2.625726 
59390.731829 -2.619649 
59390.763611 -2.613703 
59390.795393 -2.607886 
59390.827175 -2.602198 
59390.858957 -2.596640 
59390.890739 -2.591209 
59390.922521 -2.585906 
59390.954303 -2.580728 
59390.986085 -2.575675 
59391.017867 -2.570745 
59391.049649 -2.565937 
59391.081431 -2.561248 
59391.113213 -2.556677 
59391.144995 -2.552223 
59391.176777 -2.547882 
59391.208559 -2.543652 
59391.240341 -2.539531 
59391.272123 -2.535517 
59391.303905 -2.531606 
59391.335687 -2.527796 
59391.367469 -2.524084 
59391.399251 -2.520466 
59391.431033 -2.516939 
59391.462815 -2.513500 
59391.494597 -2.510146 
59391.526379 -2.506872 
59391.558161 -2.503675 
59391.589943 -2.500552 
59391.621725 -2.497498 
59391.653507 -2.494509 
59391.685289 -2.491581 
59391.717071 -2.488711 
59391.748853 -2.485893 
59391.780635 -2.483123 
59391.812417 -2.480397 
59391.844199 -2.477710 
59391.875981 -2.475058 
59391.907763 -2.472436 
59391.939545 -2.469839 
59391.971327 -2.467263 
59392.003109 -2.464702 
59392.034891 -2.462153 
59392.066673 -2.459609 
59392.098455 -2.457066 
59392.130237 -2.454519 
59392.162019 -2.451963 
59392.193801 -2.449392 
59392.225583 -2.446803 
59392.257365 -2.444190 
59392.289147 -2.441547 
59392.320929 -2.438870 
59392.352711 -2.436153 
59392.384493 -2.433392 
59392.416275 -2.430582 
59392.448057 -2.427717 
59392.479839 -2.424793 
59392.511621 -2.421804 
59392.543403 -2.418746 
59392.575185 -2.415613 
59392.606967 -2.412402 
59392.638749 -2.409106 
59392.670530 -2.405722 
59392.702312 -2.402245 
59392.734094 -2.398669 
59392.765876 -2.394991 
59392.797658 -2.391206 
59392.829440 -2.387309 
59392.861222 -2.383297 
59392.893004 -2.379165 
59392.924786 -2.374909 
59392.956568 -2.370525 
59392.988350 -2.366008 
59393.020132 -2.361356 
59393.051914 -2.356564 
59393.083696 -2.351628 
59393.115478 -2.346546 
59393.147260 -2.341314 
59393.179042 -2.335929 
59393.210824 -2.330387 
59393.242606 -2.324685 
59393.274388 -2.318821 
59393.306170 -2.312792 
59393.337952 -2.306596 
59393.369734 -2.300229 
59393.401516 -2.293691 
59393.433298 -2.286977 
59393.465080 -2.280088 
59393.496862 -2.273020 
59393.528644 -2.265773 
59393.560426 -2.258344 
59393.592208 -2.250733 
59393.623990 -2.242938 
59393.655772 -2.234958 
59393.687554 -2.226793 
59393.719336 -2.218442 
59393.751118 -2.209904 
59393.782900 -2.201180 
59393.814682 -2.192269 
59393.846464 -2.183171 
59393.878246 -2.173887 
59393.910028 -2.164416 
59393.941810 -2.154761 
59393.973592 -2.144921 
59394.005374 -2.134897 
59394.037156 -2.124692 
59394.068938 -2.114305 
59394.100720 -2.103739 
59394.132502 -2.092996 
59394.164284 -2.082078 
59394.196066 -2.070986 
59394.227848 -2.059723 
59394.259630 -2.048292 
59394.291412 -2.036695 
59394.323194 -2.024936 
59394.354976 -2.013016 
59394.386758 -2.000941 
59394.418540 -1.988712 
59394.450322 -1.976334 
59394.482104 -1.963810 
59394.513886 -1.951145 
59394.545668 -1.938342 
59394.577450 -1.925406 
59394.609232 -1.912342 
59394.641014 -1.899154 
59394.672796 -1.885847 
59394.704578 -1.872425 
59394.736360 -1.858895 
59394.768142 -1.845261 
59394.799924 -1.831529 
59394.831706 -1.817704 
59394.863488 -1.803793 
59394.895270 -1.789801 
59394.927052 -1.775734 
59394.958834 -1.761598 
59394.990616 -1.747400 
59395.022398 -1.733146 
59395.054180 -1.718843 
59395.085962 -1.704498 
59395.117744 -1.690116 
59395.149526 -1.675706 
59395.181308 -1.661274 
59395.213090 -1.646828 
59395.244872 -1.632373 
59395.276654 -1.617919 
59395.308436 -1.603472 
59395.340218 -1.589040 
59395.371999 -1.574630 
59395.403781 -1.560251 
59395.435563 -1.545909 
59395.467345 -1.531612 
59395.499127 -1.517369 
59395.530909 -1.503187 
59395.562691 -1.489075 
59395.594473 -1.475039 
59395.626255 -1.461089 
59395.658037 -1.447232 
59395.689819 -1.433476 
59395.721601 -1.419830 
59395.753383 -1.406301 
59395.785165 -1.392898 
59395.816947 -1.379629 
59395.848729 -1.366501 
59395.880511 -1.353523 
59395.912293 -1.340703 
59395.944075 -1.328050 
59395.975857 -1.315570 
59396.007639 -1.303273 
59396.039421 -1.291165 
59396.071203 -1.279255 
59396.102985 -1.267551 
59396.134767 -1.256061 
59396.166549 -1.244792 
59396.198331 -1.233752 
59396.230113 -1.222949 
59396.261895 -1.212389 
59396.293677 -1.202082 
59396.325459 -1.192033 
59396.357241 -1.182250 
59396.389023 -1.172740 
59396.420805 -1.163510 
59396.452587 -1.154568 
59396.484369 -1.145919 
59396.516151 -1.137571 
59396.547933 -1.129530 
59396.579715 -1.121802 
59396.611497 -1.114394 
59396.643279 -1.107312 
59396.675061 -1.100562 
59396.706843 -1.094149 
59396.738625 -1.088080 
59396.770407 -1.082359 
59396.802189 -1.076992 
59396.833971 -1.071984 
59396.865753 -1.067340 
59396.897535 -1.063065 
59396.929317 -1.059164 
59396.961099 -1.055640 
59396.992881 -1.052498 
59397.024663 -1.049742 
59397.056445 -1.047375 
59397.088227 -1.045402 
59397.120009 -1.043826 
59397.151791 -1.042649 
59397.183573 -1.041875 
59397.215355 -1.041507 
59397.247137 -1.041547 
59397.278919 -1.041997 
59397.310701 -1.042859 
59397.342483 -1.044135 
59397.374265 -1.045827 
59397.406047 -1.047936 
59397.437829 -1.050464 
59397.469611 -1.053410 
59397.501393 -1.056776 
59397.533175 -1.060562 
59397.564957 -1.064769 
59397.596739 -1.069395 
59397.628521 -1.074442 
59397.660303 -1.079908 
59397.692085 -1.085792 
59397.723867 -1.092093 
59397.755649 -1.098811 
59397.787431 -1.105944 
59397.819213 -1.113489 
59397.850995 -1.121444 
59397.882777 -1.129809 
59397.914559 -1.138579 
59397.946341 -1.147752 
59397.978123 -1.157325 
59398.009905 -1.167295 
59398.041687 -1.177658 
59398.073468 -1.188411 
59398.105250 -1.199549 
59398.137032 -1.211069 
59398.168814 -1.222966 
59398.200596 -1.235235 
59398.232378 -1.247871 
59398.264160 -1.260869 
59398.295942 -1.274224 
59398.327724 -1.287930 
59398.359506 -1.301982 
59398.391288 -1.316373 
59398.423070 -1.331097 
59398.454852 -1.346147 
59398.486634 -1.361518 
59398.518416 -1.377202 
59398.550198 -1.393192 
59398.581980 -1.409480 
59398.613762 -1.426060 
59398.645544 -1.442924 
59398.677326 -1.460064 
59398.709108 -1.477471 
59398.740890 -1.495139 
59398.772672 -1.513058 
59398.804454 -1.531219 
59398.836236 -1.549615 
59398.868018 -1.568237 
59398.899800 -1.587075 
59398.931582 -1.606120 
59398.963364 -1.625364 
59398.995146 -1.644796 
59399.026928 -1.664408 
59399.058710 -1.684189 
59399.090492 -1.704130 
59399.122274 -1.724221 
59399.154056 -1.744453 
59399.185838 -1.764814 
59399.217620 -1.785295 
59399.249402 -1.805886 
59399.281184 -1.826577 
59399.312966 -1.847356 
59399.344748 -1.868214 
59399.376530 -1.889140 
59399.408312 -1.910123 
59399.440094 -1.931153 
59399.471876 -1.952220 
59399.503658 -1.973312 
59399.535440 -1.994418 
59399.567222 -2.015529 
59399.599004 -2.036633 
59399.630786 -2.057720 
59399.662568 -2.078779 
59399.694350 -2.099798 
59399.726132 -2.120768 
59399.757914 -2.141678 
59399.789696 -2.162516 
59399.821478 -2.183273 
59399.853260 -2.203937 
59399.885042 -2.224499 
59399.916824 -2.244947 
59399.948606 -2.265271 
59399.980388 -2.285460 
59400.012170 -2.305505 
59400.043952 -2.325395 
59400.075734 -2.345120 
59400.107516 -2.364670 
59400.139298 -2.384034 
59400.171080 -2.403204 
59400.202862 -2.422169 
59400.234644 -2.440919 
59400.266426 -2.459445 
59400.298208 -2.477738 
59400.329990 -2.495788 
59400.361772 -2.513587 
59400.393554 -2.531125 
59400.425336 -2.548393 
59400.457118 -2.565382 
59400.488900 -2.582086 
59400.520682 -2.598493 
59400.552464 -2.614598 
59400.584246 -2.630391 
59400.616028 -2.645865 
59400.647810 -2.661013 
59400.679592 -2.675826 
59400.711374 -2.690298 
59400.743156 -2.704421 
59400.774937 -2.718189 
59400.806719 -2.731595 
59400.838501 -2.744633 
59400.870283 -2.757296 
59400.902065 -2.769578 
59400.933847 -2.781475 
59400.965629 -2.792979 
59400.997411 -2.804087 
59401.029193 -2.814792 
59401.060975 -2.825090 
59401.092757 -2.834977 
59401.124539 -2.844448 
59401.156321 -2.853499 
59401.188103 -2.862126 
59401.219885 -2.870325 
59401.251667 -2.878094 
59401.283449 -2.885429 
59401.315231 -2.892327 
59401.347013 -2.898786 
59401.378795 -2.904804 
59401.410577 -2.910378 
59401.442359 -2.915506 
59401.474141 -2.920188 
59401.505923 -2.924421 
59401.537705 -2.928205 
59401.569487 -2.931540 
59401.601269 -2.934423 
59401.633051 -2.936856 
59401.664833 -2.938839 
59401.696615 -2.940371 
59401.728397 -2.941453 
59401.760179 -2.942087 
59401.791961 -2.942272 
59401.823743 -2.942012 
59401.855525 -2.941306 
59401.887307 -2.940157 
59401.919089 -2.938568 
59401.950871 -2.936540 
59401.982653 -2.934076 
59402.014435 -2.931180 
59402.046217 -2.927853 
59402.077999 -2.924100 
59402.109781 -2.919924 
59402.141563 -2.915329 
59402.173345 -2.910319 
59402.205127 -2.904899 
59402.236909 -2.899072 
59402.268691 -2.892844 
59402.300473 -2.886220 
59402.332255 -2.879205 
59402.364037 -2.871805 
59402.395819 -2.864024 
59402.427601 -2.855869 
59402.459383 -2.847347 
59402.491165 -2.838462 
59402.522947 -2.829223 
59402.554729 -2.819634 
59402.586511 -2.809704 
59402.618293 -2.799439 
59402.650075 -2.788847 
59402.681857 -2.777934 
59402.713639 -2.766708 
59402.745421 -2.755178 
59402.777203 -2.743350 
59402.808985 -2.731234 
59402.840767 -2.718836 
59402.872549 -2.706166 
59402.904331 -2.693231 
59402.936113 -2.680041 
59402.967895 -2.666603 
59402.999677 -2.652928 
59403.031459 -2.639023 
59403.063241 -2.624897 
59403.095023 -2.610561 
59403.126805 -2.596022 
59403.158587 -2.581290 
59403.190369 -2.566375 
59403.222151 -2.551286 
59403.253933 -2.536033 
59403.285715 -2.520624 
59403.317497 -2.505070 
59403.349279 -2.489381 
59403.381061 -2.473565 
59403.412843 -2.457633 
59403.444624 -2.441595 
59403.476406 -2.425460 
59403.508188 -2.409238 
59403.539970 -2.392939 
59403.571752 -2.376573 
59403.603534 -2.360149 
59403.635316 -2.343678 
59403.667098 -2.327169 
59403.698880 -2.310631 
59403.730662 -2.294075 
59403.762444 -2.277511 
59403.794226 -2.260948 
59403.826008 -2.244395 
59403.857790 -2.227862 
59403.889572 -2.211359 
59403.921354 -2.194895 
59403.953136 -2.178479 
59403.984918 -2.162122 
59404.016700 -2.145831 
59404.048482 -2.129616 
59404.080264 -2.113486 
59404.112046 -2.097450 
59404.143828 -2.081516 
59404.175610 -2.065694 
59404.207392 -2.049993 
59404.239174 -2.034419 
59404.270956 -2.018983 
59404.302738 -2.003691 
59404.334520 -1.988552 
59404.366302 -1.973574 
59404.398084 -1.958765 
59404.429866 -1.944133 
59404.461648 -1.929684 
59404.493430 -1.915426 
59404.525212 -1.901366 
59404.556994 -1.887512 
59404.588776 -1.873870 
59404.620558 -1.860446 
59404.652340 -1.847247 
59404.684122 -1.834279 
59404.715904 -1.821549 
59404.747686 -1.809062 
59404.779468 -1.796824 
59404.811250 -1.784840 
59404.843032 -1.773116 
59404.874814 -1.761657 
59404.906596 -1.750467 
59404.938378 -1.739552 
59404.970160 -1.728915 
59405.001942 -1.718561 
59405.033724 -1.708495 
59405.065506 -1.698719 
59405.097288 -1.689238 
59405.129070 -1.680054 
59405.160852 -1.671172 
59405.192634 -1.662593 
59405.224416 -1.654322 
59405.256198 -1.646359 
59405.287980 -1.638708 
59405.319762 -1.631371 
59405.351544 -1.624349 
59405.383326 -1.617643 
59405.415108 -1.611257 
59405.446890 -1.605189 
59405.478672 -1.599443 
59405.510454 -1.594017 
59405.542236 -1.588913 
59405.574018 -1.584131 
59405.605800 -1.579671 
59405.637582 -1.575533 
59405.669364 -1.571716 
59405.701146 -1.568220 
59405.732928 -1.565044 
59405.764710 -1.562187 
59405.796492 -1.559648 
59405.828274 -1.557425 
59405.860056 -1.555517 
59405.891838 -1.553921 
59405.923620 -1.552636 
59405.955402 -1.551660 
59405.987184 -1.550989 
59406.018966 -1.550622 
59406.050748 -1.550555 
59406.082530 -1.550785 
59406.114312 -1.551310 
59406.146093 -1.552125 
59406.177875 -1.553228 
59406.209657 -1.554614 
59406.241439 -1.556279 
59406.273221 -1.558220 
59406.305003 -1.560432 
59406.336785 -1.562910 
59406.368567 -1.565651 
59406.400349 -1.568649 
59406.432131 -1.571899 
59406.463913 -1.575397 
59406.495695 -1.579137 
59406.527477 -1.583115 
59406.559259 -1.587324 
59406.591041 -1.591758 
59406.622823 -1.596414 
59406.654605 -1.601284 
59406.686387 -1.606362 
59406.718169 -1.611644 
59406.749951 -1.617122 
59406.781733 -1.622790 
59406.813515 -1.628643 
59406.845297 -1.634674 
59406.877079 -1.640876 
59406.908861 -1.647243 
59406.940643 -1.653769 
59406.972425 -1.660446 
59407.004207 -1.667268 
59407.035989 -1.674229 
59407.067771 -1.681321 
59407.099553 -1.688538 
59407.131335 -1.695873 
59407.163117 -1.703319 
59407.194899 -1.710869 
59407.226681 -1.718516 
59407.258463 -1.726254 
59407.290245 -1.734074 
59407.322027 -1.741971 
59407.353809 -1.749938 
59407.385591 -1.757967 
59407.417373 -1.766051 
59407.449155 -1.774184 
59407.480937 -1.782359 
59407.512719 -1.790569 
59407.544501 -1.798807 
59407.576283 -1.807066 
59407.608065 -1.815340 
59407.639847 -1.823622 
59407.671629 -1.831906 
59407.703411 -1.840184 
59407.735193 -1.848450 
59407.766975 -1.856699 
59407.798757 -1.864923 
59407.830539 -1.873116 
59407.862321 -1.881272 
59407.894103 -1.889386 
59407.925885 -1.897451 
59407.957667 -1.905460 
59407.989449 -1.913410 
59408.021231 -1.921293 
59408.053013 -1.929104 
59408.084795 -1.936838 
59408.116577 -1.944489 
59408.148359 -1.952052 
59408.180141 -1.959522 
59408.211923 -1.966895 
59408.243705 -1.974164 
59408.275487 -1.981327 
59408.307269 -1.988377 
59408.339051 -1.995311 
59408.370833 -2.002124 
59408.402615 -2.008812 
59408.434397 -2.015372 
59408.466179 -2.021799 
59408.497961 -2.028090 
59408.529743 -2.034241 
59408.561525 -2.040249 
59408.593307 -2.046111 
59408.625089 -2.051823 
59408.656871 -2.057383 
59408.688653 -2.062789 
59408.720435 -2.068037 
59408.752217 -2.073125 
59408.783999 -2.078052 
59408.815781 -2.082814 
59408.847562 -2.087411 
59408.879344 -2.091841 
59408.911126 -2.096101 
59408.942908 -2.100192 
59408.974690 -2.104111 
59409.006472 -2.107858 
59409.038254 -2.111431 
59409.070036 -2.114831 
59409.101818 -2.118057 
59409.133600 -2.121109 
59409.165382 -2.123986 
59409.197164 -2.126689 
59409.228946 -2.129217 
59409.260728 -2.131572 
59409.292510 -2.133754 
59409.324292 -2.135763 
59409.356074 -2.137601 
59409.387856 -2.139269 
59409.419638 -2.140767 
59409.451420 -2.142098 
59409.483202 -2.143263 
59409.514984 -2.144263 
59409.546766 -2.145101 
59409.578548 -2.145779 
59409.610330 -2.146299 
59409.642112 -2.146662 
59409.673894 -2.146873 
59409.705676 -2.146933 
59409.737458 -2.146845 
59409.769240 -2.146612 
59409.801022 -2.146237 
59409.832804 -2.145724 
59409.864586 -2.145075 
59409.896368 -2.144294 
59409.928150 -2.143385 
59409.959932 -2.142352 
59409.991714 -2.141197 
59410.023496 -2.139926 
59410.055278 -2.138542 
59410.087060 -2.137049 
59410.118842 -2.135452 
59410.150624 -2.133754 
59410.182406 -2.131961 
59410.214188 -2.130077 
59410.245970 -2.128105 
59410.277752 -2.126052 
59410.309534 -2.123922 
59410.341316 -2.121719 
59410.373098 -2.119449 
59410.404880 -2.117116 
59410.436662 -2.114725 
59410.468444 -2.112282 
59410.500226 -2.109791 
59410.532008 -2.107258 
59410.563790 -2.104688 
59410.595572 -2.102086 
59410.627354 -2.099458 
59410.659136 -2.096807 
59410.690918 -2.094141 
59410.722700 -2.091464 
59410.754482 -2.088782 
59410.786264 -2.086099 
59410.818046 -2.083422 
59410.849828 -2.080755 
59410.881610 -2.078103 
59410.913392 -2.075473 
59410.945174 -2.072869 
59410.976956 -2.070297 
59411.008738 -2.067762 
59411.040520 -2.065268 
59411.072302 -2.062822 
59411.104084 -2.060428 
59411.135866 -2.058092 
59411.167648 -2.055818 
59411.199430 -2.053611 
59411.231212 -2.051477 
59411.262994 -2.049420 
59411.294776 -2.047445 
59411.326558 -2.045557 
59411.358340 -2.043760 
59411.390122 -2.042058 
59411.421904 -2.040458 
59411.453686 -2.038962 
59411.485468 -2.037575 
59411.517250 -2.036301 
59411.549031 -2.035145 
59411.580813 -2.034110 
59411.612595 -2.033200 
59411.644377 -2.032420 
59411.676159 -2.031772 
59411.707941 -2.031261 
59411.739723 -2.030889 
59411.771505 -2.030661 
59411.803287 -2.030579 
59411.835069 -2.030646 
59411.866851 -2.030866 
59411.898633 -2.031241 
59411.930415 -2.031774 
59411.962197 -2.032467 
59411.993979 -2.033324 
59412.025761 -2.034345 
59412.057543 -2.035534 
59412.089325 -2.036892 
59412.121107 -2.038421 
59412.152889 -2.040123 
59412.184671 -2.041999 
59412.216453 -2.044051 
59412.248235 -2.046280 
59412.280017 -2.048687 
59412.311799 -2.051273 
59412.343581 -2.054039 
59412.375363 -2.056985 
59412.407145 -2.060112 
59412.438927 -2.063420 
59412.470709 -2.066910 
59412.502491 -2.070581 
59412.534273 -2.074433 
59412.566055 -2.078466 
59412.597837 -2.082680 
59412.629619 -2.087073 
59412.661401 -2.091645 
59412.693183 -2.096396 
59412.724965 -2.101323 
59412.756747 -2.106426 
59412.788529 -2.111704 
59412.820311 -2.117154 
59412.852093 -2.122775 
59412.883875 -2.128565 
59412.915657 -2.134523 
59412.947439 -2.140646 
59412.979221 -2.146931 
59413.011003 -2.153377 
59413.042785 -2.159981 
59413.074567 -2.166739 
59413.106349 -2.173650 
59413.138131 -2.180710 
59413.169913 -2.187916 
59413.201695 -2.195265 
59413.233477 -2.202754 
59413.265259 -2.210378 
59413.297041 -2.218135 
59413.328823 -2.226020 
59413.360605 -2.234030 
59413.392387 -2.242161 
59413.424169 -2.250409 
59413.455951 -2.258769 
59413.487733 -2.267237 
59413.519515 -2.275810 
59413.551297 -2.284481 
59413.583079 -2.293248 
59413.614861 -2.302104 
59413.646643 -2.311046 
59413.678425 -2.320069 
59413.710207 -2.329167 
59413.741989 -2.338336 
59413.773771 -2.347570 
59413.805553 -2.356865 
59413.837335 -2.366215 
59413.869117 -2.375616 
59413.900899 -2.385061 
59413.932681 -2.394546 
59413.964463 -2.404064 
59413.996245 -2.413612 
59414.028027 -2.423182 
59414.059809 -2.432771 
59414.091591 -2.442371 
59414.123373 -2.451979 
59414.155155 -2.461587 
59414.186937 -2.471191 
59414.218719 -2.480785 
59414.250500 -2.490363 
59414.282282 -2.499920 
59414.314064 -2.509450 
59414.345846 -2.518948 
59414.377628 -2.528408 
59414.409410 -2.537825 
59414.441192 -2.547193 
59414.472974 -2.556506 
59414.504756 -2.565759 
59414.536538 -2.574947 
59414.568320 -2.584064 
59414.600102 -2.593105 
59414.631884 -2.602064 
59414.663666 -2.610937 
59414.695448 -2.619718 
59414.727230 -2.628402 
59414.759012 -2.636984 
59414.790794 -2.645458 
59414.822576 -2.653821 
59414.854358 -2.662067 
59414.886140 -2.670191 
59414.917922 -2.678189 
59414.949704 -2.686056 
59414.981486 -2.693788 
59415.013268 -2.701380 
59415.045050 -2.708827 
59415.076832 -2.716127 
59415.108614 -2.723273 
59415.140396 -2.730263 
59415.172178 -2.737093 
59415.203960 -2.743759 
59415.235742 -2.750256 
59415.267524 -2.756582 
59415.299306 -2.762734 
59415.331088 -2.768707 
59415.362870 -2.774499 
59415.394652 -2.780107 
59415.426434 -2.785527 
59415.458216 -2.790757 
59415.489998 -2.795795 
59415.521780 -2.800637 
59415.553562 -2.805282 
59415.585344 -2.809728 
59415.617126 -2.813971 
59415.648908 -2.818011 
59415.680690 -2.821845 
59415.712472 -2.825472 
59415.744254 -2.828890 
59415.776036 -2.832099 
59415.807818 -2.835096 
59415.839600 -2.837882 
59415.871382 -2.840454 
59415.903164 -2.842813 
59415.934946 -2.844957 
59415.966728 -2.846887 
59415.998510 -2.848602 
59416.030292 -2.850101 
59416.062074 -2.851386 
59416.093856 -2.852456 
59416.125638 -2.853312 
59416.157420 -2.853954 
59416.189202 -2.854382 
59416.220984 -2.854599 
59416.252766 -2.854604 
59416.284548 -2.854398 
59416.316330 -2.853984 
59416.348112 -2.853362 
59416.379894 -2.852535 
59416.411676 -2.851503 
59416.443458 -2.850269 
59416.475240 -2.848834 
59416.507022 -2.847201 
59416.538804 -2.845373 
59416.570586 -2.843351 
59416.602368 -2.841138 
59416.634150 -2.838737 
59416.665932 -2.836151 
59416.697714 -2.833382 
59416.729496 -2.830434 
59416.761278 -2.827310 
59416.793060 -2.824013 
59416.824842 -2.820547 
59416.856624 -2.816915 
59416.888406 -2.813121 
59416.920188 -2.809169 
59416.951969 -2.805062 
59416.983751 -2.800805 
59417.015533 -2.796401 
59417.047315 -2.791856 
59417.079097 -2.787172 
59417.110879 -2.782355 
59417.142661 -2.777409 
59417.174443 -2.772339 
59417.206225 -2.767148 
59417.238007 -2.761843 
59417.269789 -2.756426 
59417.301571 -2.750904 
59417.333353 -2.745282 
59417.365135 -2.739563 
59417.396917 -2.733753 
59417.428699 -2.727858 
59417.460481 -2.721881 
59417.492263 -2.715829 
59417.524045 -2.709706 
59417.555827 -2.703518 
59417.587609 -2.697270 
59417.619391 -2.690967 
59417.651173 -2.684614 
59417.682955 -2.678217 
59417.714737 -2.671780 
59417.746519 -2.665309 
59417.778301 -2.658810 
59417.810083 -2.652288 
59417.841865 -2.645747 
59417.873647 -2.639193 
59417.905429 -2.632632 
59417.937211 -2.626069 
59417.968993 -2.619508 
59418.000775 -2.612955 
59418.032557 -2.606414 
59418.064339 -2.599892 
59418.096121 -2.593393 
59418.127903 -2.586923 
59418.159685 -2.580485 
59418.191467 -2.574085 
59418.223249 -2.567727 
59418.255031 -2.561417 
59418.286813 -2.555159 
59418.318595 -2.548958 
59418.350377 -2.542818 
59418.382159 -2.536744 
59418.413941 -2.530739 
59418.445723 -2.524809 
59418.477505 -2.518957 
59418.509287 -2.513188 
59418.541069 -2.507506 
59418.572851 -2.501913 
59418.604633 -2.496415 
59418.636415 -2.491015 
59418.668197 -2.485716 
59418.699979 -2.480522 
59418.731761 -2.475436 
59418.763543 -2.470461 
59418.795325 -2.465600 
59418.827107 -2.460857 
59418.858889 -2.456234 
59418.890671 -2.451733 
59418.922453 -2.447358 
59418.954235 -2.443111 
59418.986017 -2.438993 
59419.017799 -2.435008 
59419.049581 -2.431157 
59419.081363 -2.427441 
59419.113145 -2.423863 
59419.144927 -2.420424 
59419.176709 -2.417126 
59419.208491 -2.413969 
59419.240273 -2.410955 
59419.272055 -2.408085 
59419.303837 -2.405359 
59419.335619 -2.402778 
59419.367401 -2.400342 
59419.399183 -2.398053 
59419.430965 -2.395909 
59419.462747 -2.393911 
59419.494529 -2.392059 
59419.526311 -2.390352 
59419.558093 -2.388790 
59419.589875 -2.387372 
59419.621656 -2.386097 
59419.653438 -2.384965 
59419.685220 -2.383974 
59419.717002 -2.383122 
59419.748784 -2.382410 
59419.780566 -2.381834 
59419.812348 -2.381393 
59419.844130 -2.381085 
59419.875912 -2.380909 
59419.907694 -2.380861 
59419.939476 -2.380940 
59419.971258 -2.381142 
59420.003040 -2.381466 
59420.034822 -2.381909 
59420.066604 -2.382467 
59420.098386 -2.383137 
59420.130168 -2.383917 
59420.161950 -2.384802 
59420.193732 -2.385790 
59420.225514 -2.386876 
59420.257296 -2.388058 
59420.289078 -2.389330 
59420.320860 -2.390690 
59420.352642 -2.392132 
59420.384424 -2.393654 
59420.416206 -2.395249 
59420.447988 -2.396915 
59420.479770 -2.398646 
59420.511552 -2.400437 
59420.543334 -2.402285 
59420.575116 -2.404184 
59420.606898 -2.406128 
59420.638680 -2.408114 
59420.670462 -2.410136 
59420.702244 -2.412189 
59420.734026 -2.414267 
59420.765808 -2.416365 
59420.797590 -2.418478 
59420.829372 -2.420601 
59420.861154 -2.422727 
59420.892936 -2.424851 
59420.924718 -2.426968 
59420.956500 -2.429072 
59420.988282 -2.431157 
59421.020064 -2.433218 
59421.051846 -2.435248 
59421.083628 -2.437242 
59421.115410 -2.439194 
59421.147192 -2.441098 
59421.178974 -2.442949 
59421.210756 -2.444740 
59421.242538 -2.446465 
59421.274320 -2.448120 
59421.306102 -2.449697 
59421.337884 -2.451192 
59421.369666 -2.452597 
59421.401448 -2.453909 
59421.433230 -2.455119 
59421.465012 -2.456224 
59421.496794 -2.457217 
59421.528576 -2.458093 
59421.560358 -2.458845 
59421.592140 -2.459469 
59421.623922 -2.459959 
59421.655704 -2.460309 
59421.687486 -2.460515 
59421.719268 -2.460570 
59421.751050 -2.460469 
59421.782832 -2.460208 
59421.814614 -2.459782 
59421.846396 -2.459184 
59421.878178 -2.458411 
59421.909960 -2.457457 
59421.941742 -2.456319 
59421.973524 -2.454990 
59422.005306 -2.453467 
59422.037088 -2.451746 
59422.068870 -2.449822 
59422.100652 -2.447691 
59422.132434 -2.445349 
59422.164216 -2.442792 
59422.195998 -2.440016 
59422.227780 -2.437018 
59422.259562 -2.433795 
59422.291344 -2.430342 
59422.323125 -2.426657 
59422.354907 -2.422737 
59422.386689 -2.418579 
59422.418471 -2.414180 
59422.450253 -2.409537 
59422.482035 -2.404649 
59422.513817 -2.399512 
59422.545599 -2.394125 
59422.577381 -2.388486 
59422.609163 -2.382593 
59422.640945 -2.376444 
59422.672727 -2.370039 
59422.704509 -2.363375 
59422.736291 -2.356453 
59422.768073 -2.349270 
59422.799855 -2.341827 
59422.831637 -2.334122 
59422.863419 -2.326156 
59422.895201 -2.317928 
59422.926983 -2.309439 
59422.958765 -2.300688 
59422.990547 -2.291676 
59423.022329 -2.282404 
59423.054111 -2.272872 
59423.085893 -2.263081 
59423.117675 -2.253033 
59423.149457 -2.242730 
59423.181239 -2.232171 
59423.213021 -2.221360 
59423.244803 -2.210298 
59423.276585 -2.198987 
59423.308367 -2.187430 
59423.340149 -2.175629 
59423.371931 -2.163587 
59423.403713 -2.151306 
59423.435495 -2.138790 
59423.467277 -2.126041 
59423.499059 -2.113064 
59423.530841 -2.099862 
59423.562623 -2.086438 
59423.594405 -2.072797 
59423.626187 -2.058942 
59423.657969 -2.044878 
59423.689751 -2.030609 
59423.721533 -2.016140 
59423.753315 -2.001476 
59423.785097 -1.986621 
59423.816879 -1.971580 
59423.848661 -1.956360 
59423.880443 -1.940964 
59423.912225 -1.925400 
59423.944007 -1.909671 
59423.975789 -1.893785 
59424.007571 -1.877747 
59424.039353 -1.861563 
59424.071135 -1.845239 
59424.102917 -1.828783 
59424.134699 -1.812199 
59424.166481 -1.795495 
59424.198263 -1.778677 
59424.230045 -1.761753 
59424.261827 -1.744728 
59424.293609 -1.727611 
59424.325391 -1.710408 
59424.357173 -1.693126 
59424.388955 -1.675773 
59424.420737 -1.658356 
59424.452519 -1.640882 
59424.484301 -1.623359 
59424.516083 -1.605795 
59424.547865 -1.588196 
59424.579647 -1.570572 
59424.611429 -1.552929 
59424.643211 -1.535275 
59424.674993 -1.517619 
59424.706775 -1.499968 
59424.738557 -1.482329 
59424.770339 -1.464711 
59424.802121 -1.447122 
59424.833903 -1.429570 
59424.865685 -1.412063 
59424.897467 -1.394608 
59424.929249 -1.377214 
59424.961031 -1.359888 
59424.992813 -1.342639 
59425.024594 -1.325475 
59425.056376 -1.308403 
59425.088158 -1.291431 
59425.119940 -1.274568 
59425.151722 -1.257821 
59425.183504 -1.241197 
59425.215286 -1.224705 
59425.247068 -1.208352 
59425.278850 -1.192145 
59425.310632 -1.176093 
59425.342414 -1.160203 
59425.374196 -1.144482 
59425.405978 -1.128938 
59425.437760 -1.113577 
59425.469542 -1.098407 
59425.501324 -1.083435 
59425.533106 -1.068668 
59425.564888 -1.054112 
59425.596670 -1.039775 
59425.628452 -1.025663 
59425.660234 -1.011782 
59425.692016 -0.998139 
59425.723798 -0.984740 
59425.755580 -0.971592 
59425.787362 -0.958699 
59425.819144 -0.946069 
59425.850926 -0.933706 
59425.882708 -0.921616 
59425.914490 -0.909805 
59425.946272 -0.898277 
59425.978054 -0.887038 
59426.009836 -0.876093 
59426.041618 -0.865446 
59426.073400 -0.855102 
59426.105182 -0.845065 
59426.136964 -0.835340 
59426.168746 -0.825930 
59426.200528 -0.816839 
59426.232310 -0.808071 
59426.264092 -0.799629 
59426.295874 -0.791517 
59426.327656 -0.783737 
59426.359438 -0.776292 
59426.391220 -0.769186 
59426.423002 -0.762420 
59426.454784 -0.755997 
59426.486566 -0.749918 
59426.518348 -0.744186 
59426.550130 -0.738802 
59426.581912 -0.733767 
59426.613694 -0.729083 
59426.645476 -0.724751 
59426.677258 -0.720771 
59426.709040 -0.717144 
59426.740822 -0.713870 
59426.772604 -0.710949 
59426.804386 -0.708382 
59426.836168 -0.706168 
59426.867950 -0.704306 
59426.899732 -0.702795 
59426.931514 -0.701636 
59426.963296 -0.700825 
59426.995078 -0.700363 
59427.026860 -0.700247 
59427.058642 -0.700475 
59427.090424 -0.701046 
59427.122206 -0.701957 
59427.153988 -0.703206 
59427.185770 -0.704790 
59427.217552 -0.706705 
59427.249334 -0.708950 
59427.281116 -0.711521 
59427.312898 -0.714414 
59427.344680 -0.717625 
59427.376462 -0.721150 
59427.408244 -0.724987 
59427.440026 -0.729129 
59427.471808 -0.733573 
59427.503590 -0.738314 
59427.535372 -0.743347 
59427.567154 -0.748667 
59427.598936 -0.754269 
59427.630718 -0.760147 
59427.662500 -0.766296 
59427.694282 -0.772710 
59427.726063 -0.779384 
59427.757845 -0.786310 
59427.789627 -0.793484 
59427.821409 -0.800898 
59427.853191 -0.808546 
59427.884973 -0.816421 
59427.916755 -0.824517 
59427.948537 -0.832826 
59427.980319 -0.841342 
59428.012101 -0.850057 
59428.043883 -0.858964 
59428.075665 -0.868056 
59428.107447 -0.877324 
59428.139229 -0.886762 
59428.171011 -0.896361 
59428.202793 -0.906114 
59428.234575 -0.916012 
59428.266357 -0.926048 
59428.298139 -0.936214 
59428.329921 -0.946501 
59428.361703 -0.956900 
59428.393485 -0.967405 
59428.425267 -0.978005 
59428.457049 -0.988693 
59428.488831 -0.999460 
59428.520613 -1.010298 
59428.552395 -1.021198 
59428.584177 -1.032152 
59428.615959 -1.043150 
59428.647741 -1.054184 
59428.679523 -1.065245 
59428.711305 -1.076325 
59428.743087 -1.087415 
59428.774869 -1.098506 
59428.806651 -1.109590 
59428.838433 -1.120657 
59428.870215 -1.131699 
59428.901997 -1.142708 
59428.933779 -1.153674 
59428.965561 -1.164590 
59428.997343 -1.175446 
59429.029125 -1.186234 
59429.060907 -1.196946 
59429.092689 -1.207572 
59429.124471 -1.218106 
59429.156253 -1.228538 
59429.188035 -1.238861 
59429.219817 -1.249066 
59429.251599 -1.259145 
59429.283381 -1.269090 
59429.315163 -1.278893 
59429.346945 -1.288547 
59429.378727 -1.298044 
59429.410509 -1.307376 
59429.442291 -1.316536 
59429.474073 -1.325517 
59429.505855 -1.334311 
59429.537637 -1.342911 
59429.569419 -1.351310 
59429.601201 -1.359502 
59429.632983 -1.367479 
59429.664765 -1.375236 
59429.696547 -1.382766 
59429.728329 -1.390062 
59429.760111 -1.397119 
59429.791893 -1.403931 
59429.823675 -1.410491 
59429.855457 -1.416795 
59429.887239 -1.422837 
59429.919021 -1.428611 
59429.950803 -1.434113 
59429.982585 -1.439338 
59430.014367 -1.444281 
59430.046149 -1.448937 
59430.077931 -1.453302 
59430.109713 -1.457372 
59430.141495 -1.461144 
59430.173277 -1.464613 
59430.205059 -1.467775 
59430.236841 -1.470629 
59430.268623 -1.473169 
59430.300405 -1.475394 
59430.332187 -1.477300 
59430.363969 -1.478886 
59430.395751 -1.480148 
59430.427532 -1.481086 
59430.459314 -1.481695 
59430.491096 -1.481977 
59430.522878 -1.481927 
59430.554660 -1.481546 
59430.586442 -1.480833 
59430.618224 -1.479786 
59430.650006 -1.478405 
59430.681788 -1.476689 
59430.713570 -1.474638 
59430.745352 -1.472253 
59430.777134 -1.469534 
59430.808916 -1.466481 
59430.840698 -1.463094 
59430.872480 -1.459375 
59430.904262 -1.455324 
59430.936044 -1.450943 
59430.967826 -1.446234 
59430.999608 -1.441198 
59431.031390 -1.435837 
59431.063172 -1.430153 
59431.094954 -1.424149 
59431.126736 -1.417827 
59431.158518 -1.411189 
59431.190300 -1.404240 
59431.222082 -1.396981 
59431.253864 -1.389416 
59431.285646 -1.381549 
59431.317428 -1.373383 
59431.349210 -1.364922 
59431.380992 -1.356170 
59431.412774 -1.347132 
59431.444556 -1.337812 
59431.476338 -1.328214 
59431.508120 -1.318343 
59431.539902 -1.308204 
59431.571684 -1.297802 
59431.603466 -1.287143 
59431.635248 -1.276231 
59431.667030 -1.265072 
59431.698812 -1.253672 
59431.730594 -1.242037 
59431.762376 -1.230173 
59431.794158 -1.218085 
59431.825940 -1.205780 
59431.857722 -1.193265 
59431.889504 -1.180545 
59431.921286 -1.167627 
59431.953068 -1.154518 
59431.984850 -1.141226 
59432.016632 -1.127756 
59432.048414 -1.114115 
59432.080196 -1.100311 
59432.111978 -1.086351 
59432.143760 -1.072243 
59432.175542 -1.057993 
59432.207324 -1.043609 
59432.239106 -1.029098 
59432.270888 -1.014468 
59432.302670 -0.999727 
59432.334452 -0.984882 
59432.366234 -0.969940 
59432.398016 -0.954911 
59432.429798 -0.939801 
59432.461580 -0.924618 
59432.493362 -0.909370 
59432.525144 -0.894065 
59432.556926 -0.878711 
59432.588708 -0.018648 
