# time Tc_folded Tref_folded value value_err offset model full_model val_compare val_compare_err residuals residuals_err jitter jitter_flag offset_flag subset_flag 
59334.700184 0.000000 0.000000 6852.522386 5.000000 6848.492377 6.396456 6854.888833 4.030009 5.000000 -2.366447 5.000000 0.475278  -1   2  -1 
59334.703954 0.000000 0.000000 6855.722869 5.000000 6848.492377 6.397281 6854.889659 7.230492 5.000000 0.833210 5.000000 0.475278  -1   2  -1 
59334.711459 0.000000 0.000000 6850.182255 5.000000 6848.492377 6.398891 6854.891268 1.689878 5.000000 -4.709013 5.000000 0.475278  -1   2  -1 
59334.934601 0.000000 0.000000 6890.230508 5.000000 6887.606978 6.426758 6894.033736 2.623530 5.000000 -3.803228 5.000000 0.475278  -1   3  -1 
59334.935678 0.000000 0.000000 6897.336916 5.000000 6887.606978 6.426799 6894.033777 9.729938 5.000000 3.303139 5.000000 0.475278  -1   3  -1 
59334.936754 0.000000 0.000000 6896.094579 5.000000 6887.606978 6.426839 6894.033817 8.487601 5.000000 2.060762 5.000000 0.475278  -1   3  -1 
59336.069824 0.000000 0.000000 6893.334465 5.000000 6887.606978 6.025675 6893.632653 5.727487 5.000000 -0.298188 5.000000 0.475278  -1   3  -1 
59336.071983 0.000000 0.000000 6896.387194 5.000000 6887.606978 6.024211 6893.631189 8.780216 5.000000 2.756005 5.000000 0.475278  -1   3  -1 
59336.073065 0.000000 0.000000 6891.411235 5.000000 6887.606978 6.023477 6893.630455 3.804257 5.000000 -2.219220 5.000000 0.475278  -1   3  -1 
59336.087932 0.000000 0.000000 6681.335790 5.000000 6686.133382 6.013337 6692.146718 -4.797592 5.000000 -10.810928 5.000000 0.475278  -1   0  -1 
59336.113567 0.000000 0.000000 6686.731307 5.000000 6686.133382 5.995642 6692.129024 0.597925 5.000000 -5.397717 5.000000 0.475278  -1   0  -1 
59336.116529 0.000000 0.000000 6685.603000 5.000000 6686.133382 5.993581 6692.126962 -0.530382 5.000000 -6.523962 5.000000 0.475278  -1   0  -1 
59337.794690 0.000000 0.000000 6856.465609 5.000000 6848.492377 4.706072 6853.198449 7.973232 5.000000 3.267160 5.000000 0.475278  -1   2  -1 
59337.802213 0.000000 0.000000 6857.637029 5.000000 6848.492377 4.701705 6853.194082 9.144652 5.000000 4.442947 5.000000 0.475278  -1   2  -1 
59337.805964 0.000000 0.000000 6858.741886 5.000000 6848.492377 4.699538 6853.191915 10.249509 5.000000 5.549971 5.000000 0.475278  -1   2  -1 
59338.101617 0.000000 0.000000 6692.177724 5.000000 6686.133382 4.552296 6690.685678 6.044342 5.000000 1.492046 5.000000 0.475278  -1   0  -1 
59338.106766 0.000000 0.000000 6692.967185 5.000000 6686.133382 4.550170 6690.683551 6.833803 5.000000 2.283634 5.000000 0.475278  -1   0  -1 
59338.111894 0.000000 0.000000 6692.070870 5.000000 6686.133382 4.548068 6690.681449 5.937488 5.000000 1.389421 5.000000 0.475278  -1   0  -1 
59340.098120 0.000000 0.000000 6892.126876 5.000000 6887.606978 4.967123 6892.574101 4.519898 5.000000 -0.447225 5.000000 0.475278  -1   3  -1 
59340.099194 0.000000 0.000000 6896.829084 5.000000 6887.606978 4.967892 6892.574871 9.222106 5.000000 4.254213 5.000000 0.475278  -1   3  -1 
59340.101354 0.000000 0.000000 6893.834795 5.000000 6887.606978 4.969441 6892.576420 6.227817 5.000000 1.258375 5.000000 0.475278  -1   3  -1 
59340.125153 0.000000 0.000000 6682.874064 5.000000 6686.133382 4.986590 6691.119971 -3.259318 5.000000 -8.245907 5.000000 0.475278  -1   0  -1 
59340.134329 0.000000 0.000000 6687.260355 5.000000 6686.133382 4.993241 6691.126622 1.126973 5.000000 -3.866267 5.000000 0.475278  -1   0  -1 
59340.148161 0.000000 0.000000 6683.088440 5.000000 6686.133382 5.003306 6691.136688 -3.044942 5.000000 -8.048248 5.000000 0.475278  -1   0  -1 
59341.954385 0.000000 0.000000 6893.646653 5.000000 6887.606978 6.210706 6893.817685 6.039675 5.000000 -0.171032 5.000000 0.475278  -1   3  -1 
59341.957620 0.000000 0.000000 6892.865659 5.000000 6887.606978 6.211852 6893.818830 5.258681 5.000000 -0.953171 5.000000 0.475278  -1   3  -1 
59341.958695 0.000000 0.000000 6897.370526 5.000000 6887.606978 6.212231 6893.819209 9.763548 5.000000 3.551317 5.000000 0.475278  -1   3  -1 
59341.996746 0.000000 0.000000 6685.038975 5.000000 6686.133382 6.225235 6692.358616 -1.094407 5.000000 -7.319641 5.000000 0.475278  -1   0  -1 
59342.000684 0.000000 0.000000 6684.168256 5.000000 6686.133382 6.226534 6692.359915 -1.965126 5.000000 -8.191659 5.000000 0.475278  -1   0  -1 
59343.674792 0.000000 0.000000 6857.254502 5.000000 6848.492377 5.978566 6854.470943 8.762125 5.000000 2.783559 5.000000 0.475278  -1   2  -1 
59343.682301 0.000000 0.000000 6852.889912 5.000000 6848.492377 5.974481 6854.466858 4.397535 5.000000 -1.576946 5.000000 0.475278  -1   2  -1 
59343.689815 0.000000 0.000000 6852.745623 5.000000 6848.492377 5.970377 6854.462754 4.253246 5.000000 -1.717131 5.000000 0.475278  -1   2  -1 
59344.038460 0.000000 0.000000 6686.251356 5.000000 6686.133382 5.765787 6691.899169 0.117974 5.000000 -5.647813 5.000000 0.475278  -1   0  -1 
59344.047124 0.000000 0.000000 6683.938585 5.000000 6686.133382 5.760440 6691.893822 -2.194797 5.000000 -7.955237 5.000000 0.475278  -1   0  -1 
59344.054785 0.000000 0.000000 6688.957767 5.000000 6686.133382 5.755705 6691.889087 2.824385 5.000000 -2.931320 5.000000 0.475278  -1   0  -1 
59344.090520 0.000000 0.000000 6891.637683 5.000000 6887.606978 5.733541 6893.340520 4.030705 5.000000 -1.702837 5.000000 0.475278  -1   3  -1 
59344.093753 0.000000 0.000000 6893.882052 5.000000 6887.606978 5.731530 6893.338508 6.275074 5.000000 0.543544 5.000000 0.475278  -1   3  -1 
59344.094826 0.000000 0.000000 6890.999455 5.000000 6887.606978 5.730862 6893.337841 3.392477 5.000000 -2.338386 5.000000 0.475278  -1   3  -1 
59345.052239 0.000000 0.000000 6685.877453 5.000000 6686.133382 5.167448 6691.300830 -0.255929 5.000000 -5.423377 5.000000 0.475278  -1   0  -1 
59345.054836 0.000000 0.000000 6686.784501 5.000000 6686.133382 5.166194 6691.299575 0.651119 5.000000 -4.515074 5.000000 0.475278  -1   0  -1 
59345.062635 0.000000 0.000000 6686.079975 5.000000 6686.133382 5.162441 6691.295822 -0.053407 5.000000 -5.215847 5.000000 0.475278  -1   0  -1 
59348.691508 0.000000 0.000000 6856.394356 5.000000 6848.492377 5.915871 6854.408248 7.901979 5.000000 1.986108 5.000000 0.475278  -1   2  -1 
59348.699020 0.000000 0.000000 6857.007844 5.000000 6848.492377 5.918019 6854.410396 8.515467 5.000000 2.597448 5.000000 0.475278  -1   2  -1 
59348.702790 0.000000 0.000000 6855.599980 5.000000 6848.492377 5.919087 6854.411465 7.107603 5.000000 1.188515 5.000000 0.475278  -1   2  -1 
59349.021951 0.000000 0.000000 6689.111065 5.000000 6686.133382 5.983749 6692.117130 2.977683 5.000000 -3.006065 5.000000 0.475278  -1   0  -1 
59349.026999 0.000000 0.000000 6690.060168 5.000000 6686.133382 5.984337 6692.117719 3.926786 5.000000 -2.057551 5.000000 0.475278  -1   0  -1 
59349.032064 0.000000 0.000000 6692.450358 5.000000 6686.133382 5.984913 6692.118295 6.316976 5.000000 0.332063 5.000000 0.475278  -1   0  -1 
59350.089948 0.000000 0.000000 6692.511275 5.000000 6686.133382 5.771519 6691.904901 6.377893 5.000000 0.606374 5.000000 0.475278  -1   0  -1 
59350.092419 0.000000 0.000000 6687.825778 5.000000 6686.133382 5.770256 6691.903637 1.692396 5.000000 -4.077859 5.000000 0.475278  -1   0  -1 
59350.106715 0.000000 0.000000 6687.267657 5.000000 6686.133382 5.762882 6691.896264 1.134275 5.000000 -4.628607 5.000000 0.475278  -1   0  -1 
59350.920251 0.000000 0.000000 6688.425008 5.000000 6686.133382 5.198980 6691.332362 2.291626 5.000000 -2.907354 5.000000 0.475278  -1   0  -1 
59351.708087 0.000000 0.000000 6853.934528 5.000000 6848.492377 4.549147 6853.041524 5.442151 5.000000 0.893004 5.000000 0.475278  -1   2  -1 
59351.715613 0.000000 0.000000 6850.995264 5.000000 6848.492377 4.543369 6853.035746 2.502887 5.000000 -2.040482 5.000000 0.475278  -1   2  -1 
59351.726880 0.000000 0.000000 6854.054458 5.000000 6848.492377 4.534752 6853.027129 5.562081 5.000000 1.027329 5.000000 0.475278  -1   2  -1 
59352.098517 0.000000 0.000000 6689.384447 5.000000 6686.133382 4.277746 6690.411128 3.251065 5.000000 -1.026681 5.000000 0.475278  -1   0  -1 
59352.108322 0.000000 0.000000 6691.855731 5.000000 6686.133382 4.271819 6690.405201 5.722349 5.000000 1.450530 5.000000 0.475278  -1   0  -1 
59352.122068 0.000000 0.000000 6688.550215 5.000000 6686.133382 4.263596 6690.396978 2.416833 5.000000 -1.846763 5.000000 0.475278  -1   0  -1 
59353.715347 0.000000 0.000000 6859.434076 5.000000 6848.492377 4.241993 6852.734370 10.941699 5.000000 6.699706 5.000000 0.475278  -1   2  -1 
59353.719104 0.000000 0.000000 6853.686294 5.000000 6848.492377 4.244430 6852.736807 5.193917 5.000000 0.949487 5.000000 0.475278  -1   2  -1 
59353.722869 0.000000 0.000000 6855.032764 5.000000 6848.492377 4.246885 6852.739262 6.540387 5.000000 2.293502 5.000000 0.475278  -1   2  -1 
59354.076145 0.000000 0.000000 6689.025781 5.000000 6686.133382 4.527264 6690.660646 2.892399 5.000000 -1.634865 5.000000 0.475278  -1   0  -1 
59354.101312 0.000000 0.000000 6690.386100 5.000000 6686.133382 4.550837 6690.684219 4.252718 5.000000 -0.298119 5.000000 0.475278  -1   0  -1 
59354.104255 0.000000 0.000000 6688.391884 5.000000 6686.133382 4.553623 6690.687005 2.258502 5.000000 -2.295121 5.000000 0.475278  -1   0  -1 
59356.710684 0.000000 0.000000 6859.949818 5.000000 6848.492377 7.819289 6856.311666 11.457441 5.000000 3.638152 5.000000 0.475278  -1   2  -1 
59356.721985 0.000000 0.000000 6855.415525 5.000000 6848.492377 7.829548 6856.321925 6.923148 5.000000 -0.906400 5.000000 0.475278  -1   2  -1 
59356.725745 0.000000 0.000000 6860.251219 5.000000 6848.492377 7.832942 6856.325319 11.758842 5.000000 3.925900 5.000000 0.475278  -1   2  -1 
59357.087914 0.000000 0.000000 6892.909569 5.000000 6887.606978 8.113679 6895.720657 5.302591 5.000000 -2.811088 5.000000 0.475278  -1   3  -1 
59357.090082 0.000000 0.000000 6897.328260 5.000000 6887.606978 8.115076 6895.722055 9.721282 5.000000 1.606205 5.000000 0.475278  -1   3  -1 
59357.092248 0.000000 0.000000 6896.510171 5.000000 6887.606978 8.116469 6895.723447 8.903193 5.000000 0.786724 5.000000 0.475278  -1   3  -1 
59358.923301 0.000000 0.000000 6688.745119 5.000000 6686.133382 8.185106 6694.318488 2.611737 5.000000 -5.573369 5.000000 0.475278  -1   0  -1 
59358.931249 0.000000 0.000000 6688.713632 5.000000 6686.133382 8.181832 6694.315214 2.580250 5.000000 -5.601582 5.000000 0.475278  -1   0  -1 
59358.937426 0.000000 0.000000 6684.042779 5.000000 6686.133382 8.179277 6694.312659 -2.090603 5.000000 -10.269880 5.000000 0.475278  -1   0  -1 
59358.952972 0.000000 0.000000 6901.093083 5.000000 6887.606978 8.172806 6895.779784 13.486105 5.000000 5.313299 5.000000 0.475278  -1   3  -1 
59358.954053 0.000000 0.000000 6892.820877 5.000000 6887.606978 8.172354 6895.779332 5.213899 5.000000 -2.958455 5.000000 0.475278  -1   3  -1 
59358.956208 0.000000 0.000000 6896.208913 5.000000 6887.606978 8.171452 6895.778430 8.601935 5.000000 0.430483 5.000000 0.475278  -1   3  -1 
59361.683491 0.000000 0.000000 6854.447682 5.000000 6848.492377 7.297160 6855.789537 5.955305 5.000000 -1.341855 5.000000 0.475278  -1   2  -1 
59361.687248 0.000000 0.000000 6853.073668 5.000000 6848.492377 7.297001 6855.789378 4.581291 5.000000 -2.715710 5.000000 0.475278  -1   2  -1 
59361.691012 0.000000 0.000000 6856.537508 5.000000 6848.492377 7.296842 6855.789220 8.045131 5.000000 0.748288 5.000000 0.475278  -1   2  -1 
59361.944566 0.000000 0.000000 6688.800158 5.000000 6686.133382 7.289895 6693.423276 2.666776 5.000000 -4.623118 5.000000 0.475278  -1   0  -1 
59361.947357 0.000000 0.000000 6689.299800 5.000000 6686.133382 7.289850 6693.423232 3.166418 5.000000 -4.123432 5.000000 0.475278  -1   0  -1 
59361.957166 0.000000 0.000000 6690.606123 5.000000 6686.133382 7.289697 6693.423079 4.472741 5.000000 -2.816956 5.000000 0.475278  -1   0  -1 
59362.136140 0.000000 0.000000 6896.320834 5.000000 6887.606978 7.287646 6894.894625 8.713856 5.000000 1.426209 5.000000 0.475278  -1   3  -1 
59362.137220 0.000000 0.000000 6896.927296 5.000000 6887.606978 7.287637 6894.894615 9.320318 5.000000 2.032681 5.000000 0.475278  -1   3  -1 
59362.138308 0.000000 0.000000 6897.230335 5.000000 6887.606978 7.287626 6894.894605 9.623357 5.000000 2.335730 5.000000 0.475278  -1   3  -1 
59364.917885 0.000000 0.000000 6898.826009 5.000000 6887.606978 6.583322 6894.190300 11.219031 5.000000 4.635709 5.000000 0.475278  -1   3  -1 
59364.918966 0.000000 0.000000 6899.039696 5.000000 6887.606978 6.582795 6894.189774 11.432718 5.000000 4.849922 5.000000 0.475278  -1   3  -1 
59364.921142 0.000000 0.000000 6900.702393 5.000000 6887.606978 6.581736 6894.188714 13.095415 5.000000 6.513679 5.000000 0.475278  -1   3  -1 
59365.067320 0.000000 0.000000 6687.987565 5.000000 6686.133382 6.511644 6692.645026 1.854183 5.000000 -4.657461 5.000000 0.475278  -1   0  -1 
59365.069993 0.000000 0.000000 6689.213398 5.000000 6686.133382 6.510387 6692.643769 3.080016 5.000000 -3.430371 5.000000 0.475278  -1   0  -1 
59365.075398 0.000000 0.000000 6695.845911 5.000000 6686.133382 6.507849 6692.641231 9.712529 5.000000 3.204680 5.000000 0.475278  -1   0  -1 
59365.648355 0.000000 0.000000 6860.203548 5.000000 6848.492377 6.281830 6854.774207 11.711171 5.000000 5.429341 5.000000 0.475278  -1   2  -1 
59365.652118 0.000000 0.000000 6859.809107 5.000000 6848.492377 6.280748 6854.773125 11.316730 5.000000 5.035982 5.000000 0.475278  -1   2  -1 
59365.659667 0.000000 0.000000 6859.632524 5.000000 6848.492377 6.278600 6854.770977 11.140147 5.000000 4.861547 5.000000 0.475278  -1   2  -1 
59365.941188 0.000000 0.000000 6691.324832 5.000000 6686.133382 6.220530 6692.353912 5.191450 5.000000 -1.029080 5.000000 0.475278  -1   0  -1 
59365.959824 0.000000 0.000000 6694.336894 5.000000 6686.133382 6.218367 6692.351749 8.203512 5.000000 1.985145 5.000000 0.475278  -1   0  -1 
59369.761210 0.000000 0.000000 6853.907520 5.000000 6848.492377 12.085188 6860.577566 5.415143 5.000000 -6.670046 5.000000 0.475278  -1   2  -1 
59369.768738 0.000000 0.000000 6854.968323 5.000000 6848.492377 12.103598 6860.595975 6.475946 5.000000 -5.627652 5.000000 0.475278  -1   2  -1 
59369.776263 0.000000 0.000000 6854.818837 5.000000 6848.492377 12.121975 6860.614352 6.326460 5.000000 -5.795515 5.000000 0.475278  -1   2  -1 
59369.910940 0.000000 0.000000 6895.710062 5.000000 6887.606978 12.446307 6900.053286 8.103084 5.000000 -4.343224 5.000000 0.475278  -1   3  -1 
59369.912028 0.000000 0.000000 6894.195494 5.000000 6887.606978 12.448889 6900.055867 6.588516 5.000000 -5.860373 5.000000 0.475278  -1   3  -1 
59369.913108 0.000000 0.000000 6900.465635 5.000000 6887.606978 12.451451 6900.058430 12.858657 5.000000 0.407205 5.000000 0.475278  -1   3  -1 
59370.023276 0.000000 0.000000 6700.497683 5.000000 6686.133382 12.709195 6698.842577 14.364301 5.000000 1.655106 5.000000 0.475278  -1   0  -1 
59370.025654 0.000000 0.000000 6699.556074 5.000000 6686.133382 12.714675 6698.848057 13.422692 5.000000 0.708017 5.000000 0.475278  -1   0  -1 
59370.030553 0.000000 0.000000 6701.206650 5.000000 6686.133382 12.725954 6698.859335 15.073268 5.000000 2.347315 5.000000 0.475278  -1   0  -1 
59374.802541 0.000000 0.000000 6857.927116 5.000000 6848.492377 12.814672 6861.307050 9.434739 5.000000 -3.379934 5.000000 0.475278  -1   2  -1 
59374.806302 0.000000 0.000000 6854.022433 5.000000 6848.492377 12.811640 6861.304017 5.530056 5.000000 -7.281584 5.000000 0.475278  -1   2  -1 
59374.810063 0.000000 0.000000 6859.091293 5.000000 6848.492377 12.808616 6861.300993 10.598916 5.000000 -2.209700 5.000000 0.475278  -1   2  -1 
59376.787767 0.000000 0.000000 6858.498226 5.000000 6848.492377 12.583558 6861.075935 10.005849 5.000000 -2.577709 5.000000 0.475278  -1   2  -1 
59376.791518 0.000000 0.000000 6857.820538 5.000000 6848.492377 12.585281 6861.077659 9.328161 5.000000 -3.257121 5.000000 0.475278  -1   2  -1 
59376.799035 0.000000 0.000000 6860.475265 5.000000 6848.492377 12.588748 6861.081125 11.982888 5.000000 -0.605860 5.000000 0.475278  -1   2  -1 
59376.948922 0.000000 0.000000 6900.924416 5.000000 6887.606978 12.661203 6900.268181 13.317438 5.000000 0.656235 5.000000 0.475278  -1   3  -1 
59376.951075 0.000000 0.000000 6898.303785 5.000000 6887.606978 12.662285 6900.269263 10.696807 5.000000 -1.965478 5.000000 0.475278  -1   3  -1 
59376.952157 0.000000 0.000000 6902.094242 5.000000 6887.606978 12.662829 6900.269807 14.487264 5.000000 1.824435 5.000000 0.475278  -1   3  -1 
59377.106321 0.000000 0.000000 6702.772036 5.000000 6686.133382 12.742662 6698.876043 16.638654 5.000000 3.895993 5.000000 0.475278  -1   0  -1 
59377.108935 0.000000 0.000000 6700.706566 5.000000 6686.133382 12.744049 6698.877430 14.573184 5.000000 1.829136 5.000000 0.475278  -1   0  -1 
59377.116326 0.000000 0.000000 6699.933803 5.000000 6686.133382 12.747975 6698.881356 13.800421 5.000000 1.052447 5.000000 0.475278  -1   0  -1 
59377.628949 0.000000 0.000000 6861.675341 5.000000 6848.492377 13.024261 6861.516639 13.182964 5.000000 0.158702 5.000000 0.475278  -1   2  -1 
59377.636479 0.000000 0.000000 6854.767923 5.000000 6848.492377 13.028185 6861.520562 6.275546 5.000000 -6.752639 5.000000 0.475278  -1   2  -1 
59377.640253 0.000000 0.000000 6855.350266 5.000000 6848.492377 13.030148 6861.522525 6.857889 5.000000 -6.172259 5.000000 0.475278  -1   2  -1 
59378.026109 0.000000 0.000000 6706.690055 5.000000 6686.133382 13.213664 6699.347046 20.556673 5.000000 7.343009 5.000000 0.475278  -1   0  -1 
59378.031599 0.000000 0.000000 6703.859757 5.000000 6686.133382 13.215965 6699.349346 17.726375 5.000000 4.510411 5.000000 0.475278  -1   0  -1 
59378.035635 0.000000 0.000000 6704.701456 5.000000 6686.133382 13.217649 6699.351031 18.568074 5.000000 5.350425 5.000000 0.475278  -1   0  -1 
59379.024886 0.000000 0.000000 6704.974781 5.000000 6686.133382 13.414219 6699.547601 18.841399 5.000000 5.427180 5.000000 0.475278  -1   0  -1 
59379.027585 0.000000 0.000000 6703.024008 5.000000 6686.133382 13.414092 6699.547473 16.890626 5.000000 3.476535 5.000000 0.475278  -1   0  -1 
59379.734125 0.000000 0.000000 6859.685247 5.000000 6848.492377 13.262732 6861.755109 11.192870 5.000000 -2.069862 5.000000 0.475278  -1   2  -1 
59379.737891 0.000000 0.000000 6860.686597 5.000000 6848.492377 13.261375 6861.753752 12.194220 5.000000 -1.067155 5.000000 0.475278  -1   2  -1 
59379.749170 0.000000 0.000000 6861.041326 5.000000 6848.492377 13.257282 6861.749659 12.548949 5.000000 -0.708333 5.000000 0.475278  -1   2  -1 
59379.927944 0.000000 0.000000 6701.733075 5.000000 6686.133382 13.187231 6699.320613 15.599693 5.000000 2.412462 5.000000 0.475278  -1   0  -1 
59379.940910 0.000000 0.000000 6702.009155 5.000000 6686.133382 13.181808 6699.315189 15.875773 5.000000 2.693966 5.000000 0.475278  -1   0  -1 
59379.943737 0.000000 0.000000 6702.896868 5.000000 6686.133382 13.180620 6699.314001 16.763486 5.000000 3.582867 5.000000 0.475278  -1   0  -1 
59380.041449 0.000000 0.000000 6897.588881 5.000000 6887.606978 13.138433 6900.745411 9.981903 5.000000 -3.156530 5.000000 0.475278  -1   3  -1 
59380.044695 0.000000 0.000000 6901.706786 5.000000 6887.606978 13.136997 6900.743975 14.099808 5.000000 0.962811 5.000000 0.475278  -1   3  -1 
59380.045775 0.000000 0.000000 6897.241923 5.000000 6887.606978 13.136519 6900.743497 9.634945 5.000000 -3.501574 5.000000 0.475278  -1   3  -1 
59381.742082 0.000000 0.000000 6856.751734 5.000000 6848.492377 12.542105 6861.034482 8.259357 5.000000 -4.282748 5.000000 0.475278  -1   2  -1 
59381.745840 0.000000 0.000000 6863.715604 5.000000 6848.492377 12.542074 6861.034452 15.223227 5.000000 2.681152 5.000000 0.475278  -1   2  -1 
59381.749613 0.000000 0.000000 6864.806042 5.000000 6848.492377 12.542053 6861.034430 16.313665 5.000000 3.771612 5.000000 0.475278  -1   2  -1 
59381.964035 0.000000 0.000000 6707.593547 5.000000 6686.133382 12.556542 6698.689923 21.460165 5.000000 8.903624 5.000000 0.475278  -1   0  -1 
59381.966642 0.000000 0.000000 6705.803224 5.000000 6686.133382 12.556913 6698.690294 19.669842 5.000000 7.112930 5.000000 0.475278  -1   0  -1 
59381.969218 0.000000 0.000000 6704.764923 5.000000 6686.133382 12.557284 6698.690666 18.631541 5.000000 6.074257 5.000000 0.475278  -1   0  -1 
59382.115350 0.000000 0.000000 6898.394433 5.000000 6887.606978 12.586128 6900.193107 10.787455 5.000000 -1.798674 5.000000 0.475278  -1   3  -1 
59382.116432 0.000000 0.000000 6896.317561 5.000000 6887.606978 12.586399 6900.193378 8.710583 5.000000 -3.875817 5.000000 0.475278  -1   3  -1 
59382.117507 0.000000 0.000000 6899.469244 5.000000 6887.606978 12.586670 6900.193648 11.862266 5.000000 -0.724404 5.000000 0.475278  -1   3  -1 
59383.644277 0.000000 0.000000 6863.968820 5.000000 6848.492377 13.777595 6862.269973 15.476443 5.000000 1.698847 5.000000 0.475278  -1   2  -1 
59383.648053 0.000000 0.000000 6863.703890 5.000000 6848.492377 13.782150 6862.274527 15.211513 5.000000 1.429363 5.000000 0.475278  -1   2  -1 
59383.655584 0.000000 0.000000 6860.777688 5.000000 6848.492377 13.791248 6862.283625 12.285311 5.000000 -1.505937 5.000000 0.475278  -1   2  -1 
59383.978595 0.000000 0.000000 6900.287723 5.000000 6887.606978 14.195669 6901.802648 12.680745 5.000000 -1.514925 5.000000 0.475278  -1   3  -1 
59383.979676 0.000000 0.000000 6900.853976 5.000000 6887.606978 14.197057 6901.804036 13.246998 5.000000 -0.950060 5.000000 0.475278  -1   3  -1 
59383.981846 0.000000 0.000000 6899.054781 5.000000 6887.606978 14.199844 6901.806823 11.447803 5.000000 -2.752042 5.000000 0.475278  -1   3  -1 
59383.992473 0.000000 0.000000 6704.894639 5.000000 6686.133382 14.213501 6700.346882 18.761257 5.000000 4.547757 5.000000 0.475278  -1   0  -1 
59384.002278 0.000000 0.000000 6708.371848 5.000000 6686.133382 14.226113 6700.359495 22.238466 5.000000 8.012353 5.000000 0.475278  -1   0  -1 
59384.007238 0.000000 0.000000 6706.842853 5.000000 6686.133382 14.232498 6700.365879 20.709471 5.000000 6.476974 5.000000 0.475278  -1   0  -1 
59384.628010 0.000000 0.000000 6857.887629 5.000000 6848.492377 15.026723 6863.519100 9.395252 5.000000 -5.631471 5.000000 0.475278  -1   2  -1 
59384.631782 0.000000 0.000000 6862.709111 5.000000 6848.492377 15.031355 6863.523733 14.216734 5.000000 -0.814622 5.000000 0.475278  -1   2  -1 
59384.635541 0.000000 0.000000 6863.139151 5.000000 6848.492377 15.035968 6863.528345 14.646774 5.000000 -0.389194 5.000000 0.475278  -1   2  -1 
59385.055212 0.000000 0.000000 6706.114750 5.000000 6686.133382 15.516160 6701.649541 19.981368 5.000000 4.465209 5.000000 0.475278  -1   0  -1 
59385.061472 0.000000 0.000000 6704.118163 5.000000 6686.133382 15.522687 6701.656068 17.984781 5.000000 2.462095 5.000000 0.475278  -1   0  -1 
59385.063906 0.000000 0.000000 6705.954751 5.000000 6686.133382 15.525219 6701.658600 19.821369 5.000000 4.296151 5.000000 0.475278  -1   0  -1 
59387.920967 0.000000 0.000000 6706.638651 5.000000 6686.133382 15.286204 6701.419585 20.505269 5.000000 5.219066 5.000000 0.475278  -1   0  -1 
59387.926477 0.000000 0.000000 6705.834416 5.000000 6686.133382 15.280163 6701.413545 19.701034 5.000000 4.420871 5.000000 0.475278  -1   0  -1 
59387.929412 0.000000 0.000000 6705.066752 5.000000 6686.133382 15.276941 6701.410323 18.933370 5.000000 3.656429 5.000000 0.475278  -1   0  -1 
59388.644350 0.000000 0.000000 6862.224706 5.000000 6848.492377 14.428194 6862.920572 13.732329 5.000000 -0.695866 5.000000 0.475278  -1   2  -1 
59388.659397 0.000000 0.000000 6860.254063 5.000000 6848.492377 14.409626 6862.902003 11.761686 5.000000 -2.647940 5.000000 0.475278  -1   2  -1 
59388.663148 0.000000 0.000000 6858.870814 5.000000 6848.492377 14.404997 6862.897374 10.378437 5.000000 -4.026560 5.000000 0.475278  -1   2  -1 
59388.965674 0.000000 0.000000 6703.383388 5.000000 6686.133382 14.033037 6700.166419 17.250006 5.000000 3.216969 5.000000 0.475278  -1   0  -1 
59388.967365 0.000000 0.000000 6897.950394 5.000000 6887.606978 14.030976 6901.637954 10.343416 5.000000 -3.687560 5.000000 0.475278  -1   3  -1 
59388.968252 0.000000 0.000000 6706.378068 5.000000 6686.133382 14.029895 6700.163277 20.244686 5.000000 6.214791 5.000000 0.475278  -1   0  -1 
59388.968449 0.000000 0.000000 6898.021045 5.000000 6887.606978 14.029655 6901.636633 10.414067 5.000000 -3.615588 5.000000 0.475278  -1   3  -1 
59388.969524 0.000000 0.000000 6899.799406 5.000000 6887.606978 14.028345 6901.635323 12.192428 5.000000 -1.835917 5.000000 0.475278  -1   3  -1 
59388.970854 0.000000 0.000000 6706.491697 5.000000 6686.133382 14.026725 6700.160106 20.358315 5.000000 6.331591 5.000000 0.475278  -1   0  -1 
59389.809335 0.000000 0.000000 6859.548172 5.000000 6848.492377 13.070073 6861.562450 11.055795 5.000000 -2.014278 5.000000 0.475278  -1   2  -1 
59389.828264 0.000000 0.000000 6858.141897 5.000000 6848.492377 13.050418 6861.542795 9.649520 5.000000 -3.400898 5.000000 0.475278  -1   2  -1 
59389.832028 0.000000 0.000000 6858.112209 5.000000 6848.492377 13.046521 6861.538898 9.619832 5.000000 -3.426689 5.000000 0.475278  -1   2  -1 
59389.926150 0.000000 0.000000 6898.542365 5.000000 6887.606978 12.950323 6900.557302 10.935387 5.000000 -2.014937 5.000000 0.475278  -1   3  -1 
59389.928313 0.000000 0.000000 6896.757916 5.000000 6887.606978 12.948141 6900.555119 9.150938 5.000000 -3.797203 5.000000 0.475278  -1   3  -1 
59389.929388 0.000000 0.000000 6900.918942 5.000000 6887.606978 12.947056 6900.554035 13.311964 5.000000 0.364907 5.000000 0.475278  -1   3  -1 
59389.952568 0.000000 0.000000 6704.152783 5.000000 6686.133382 12.923754 6699.057135 18.019401 5.000000 5.095648 5.000000 0.475278  -1   0  -1 
59389.957794 0.000000 0.000000 6702.572337 5.000000 6686.133382 12.918520 6699.051902 16.438955 5.000000 3.520435 5.000000 0.475278  -1   0  -1 
59389.966851 0.000000 0.000000 6704.007190 5.000000 6686.133382 12.909468 6699.042849 17.873808 5.000000 4.964341 5.000000 0.475278  -1   0  -1 
59392.835547 0.000000 0.000000 6855.181920 5.000000 6848.492377 10.380281 6858.872658 6.689543 5.000000 -3.690738 5.000000 0.475278  -1   2  -1 
59392.843066 0.000000 0.000000 6863.099090 5.000000 6848.492377 10.372091 6858.864468 14.606713 5.000000 4.234622 5.000000 0.475278  -1   2  -1 
59392.846825 0.000000 0.000000 6861.142801 5.000000 6848.492377 10.367990 6858.860368 12.650424 5.000000 2.282433 5.000000 0.475278  -1   2  -1 
59393.111566 0.000000 0.000000 6694.863674 5.000000 6686.133382 10.069850 6696.203232 8.730292 5.000000 -1.339558 5.000000 0.475278  -1   0  -1 
59393.114447 0.000000 0.000000 6697.479327 5.000000 6686.133382 10.066509 6696.199891 11.345945 5.000000 1.279436 5.000000 0.475278  -1   0  -1 
59393.123097 0.000000 0.000000 6695.776696 5.000000 6686.133382 10.056467 6696.189848 9.643314 5.000000 -0.413152 5.000000 0.475278  -1   0  -1 
59397.703574 0.000000 0.000000 6857.081488 5.000000 6848.492377 9.221378 6857.713755 8.589111 5.000000 -0.632267 5.000000 0.475278  -1   2  -1 
59397.714844 0.000000 0.000000 6860.594624 5.000000 6848.492377 9.241885 6857.734262 12.102247 5.000000 2.860362 5.000000 0.475278  -1   2  -1 
59397.718600 0.000000 0.000000 6860.161046 5.000000 6848.492377 9.248737 6857.741114 11.668669 5.000000 2.419932 5.000000 0.475278  -1   2  -1 
59397.891478 0.000000 0.000000 6692.161276 5.000000 6686.133382 9.572604 6695.705986 6.027894 5.000000 -3.544710 5.000000 0.475278  -1   0  -1 
59397.896665 0.000000 0.000000 6694.960515 5.000000 6686.133382 9.582556 6695.715938 8.827133 5.000000 -0.755423 5.000000 0.475278  -1   0  -1 
59397.899199 0.000000 0.000000 6691.717776 5.000000 6686.133382 9.587423 6695.720804 5.584394 5.000000 -4.003028 5.000000 0.475278  -1   0  -1 
59398.093478 0.000000 0.000000 6903.220454 5.000000 6887.606978 9.968189 6897.575167 15.613476 5.000000 5.645287 5.000000 0.475278  -1   3  -1 
59398.094558 0.000000 0.000000 6896.730308 5.000000 6887.606978 9.970342 6897.577320 9.123330 5.000000 -0.847012 5.000000 0.475278  -1   3  -1 
59398.096718 0.000000 0.000000 6901.327946 5.000000 6887.606978 9.974649 6897.581627 13.720968 5.000000 3.746319 5.000000 0.475278  -1   3  -1 
59401.792180 0.000000 0.000000 6860.348664 5.000000 6848.492377 12.902194 6861.394571 11.856287 5.000000 -1.045907 5.000000 0.475278  -1   2  -1 
59401.795940 0.000000 0.000000 6866.109610 5.000000 6848.492377 12.897658 6861.390035 17.617233 5.000000 4.719575 5.000000 0.475278  -1   2  -1 
59401.799701 0.000000 0.000000 6864.536255 5.000000 6848.492377 12.893110 6861.385487 16.043878 5.000000 3.150768 5.000000 0.475278  -1   2  -1 
59401.885991 0.000000 0.000000 6692.176336 5.000000 6686.133382 12.785634 6698.919016 6.042954 5.000000 -6.742680 5.000000 0.475278  -1   0  -1 
59401.888644 0.000000 0.000000 6693.727546 5.000000 6686.133382 12.782238 6698.915619 7.594164 5.000000 -5.188073 5.000000 0.475278  -1   0  -1 
59401.892602 0.000000 0.000000 6696.702853 5.000000 6686.133382 12.777161 6698.910543 10.569471 5.000000 -2.207690 5.000000 0.475278  -1   0  -1 
59401.927059 0.000000 0.000000 6935.048342 5.000000 6932.503878 12.732474 6945.236352 2.544464 5.000000 -10.188010 5.000000 0.475278  -1   1  -1 
59401.927765 0.000000 0.000000 6932.480362 5.000000 6932.503878 12.731549 6945.235428 -0.023516 5.000000 -12.755066 5.000000 0.475278  -1   1  -1 
59401.929177 0.000000 0.000000 6938.928610 5.000000 6932.503878 12.729699 6945.233577 6.424732 5.000000 -6.304967 5.000000 0.475278  -1   1  -1 
59401.992049 0.000000 0.000000 6903.192670 5.000000 6887.606978 12.645873 6900.252852 15.585692 5.000000 2.939818 5.000000 0.475278  -1   3  -1 
59401.994207 0.000000 0.000000 6899.182750 5.000000 6887.606978 12.642948 6900.249926 11.575772 5.000000 -1.067176 5.000000 0.475278  -1   3  -1 
59401.995280 0.000000 0.000000 6902.031370 5.000000 6887.606978 12.641492 6900.248470 14.424392 5.000000 1.782900 5.000000 0.475278  -1   3  -1 
59402.794210 0.000000 0.000000 6859.435145 5.000000 6848.492377 11.415831 6859.908208 10.942768 5.000000 -0.473063 5.000000 0.475278  -1   2  -1 
59402.797974 0.000000 0.000000 6861.366233 5.000000 6848.492377 11.409740 6859.902117 12.873856 5.000000 1.464116 5.000000 0.475278  -1   2  -1 
59402.801729 0.000000 0.000000 6860.352777 5.000000 6848.492377 11.403665 6859.896042 11.860400 5.000000 0.456735 5.000000 0.475278  -1   2  -1 
59402.966503 0.000000 0.000000 6944.302769 5.000000 6932.503878 11.138120 6943.641998 11.798891 5.000000 0.660771 5.000000 0.475278  -1   1  -1 
59402.968621 0.000000 0.000000 6944.448687 5.000000 6932.503878 11.134728 6943.638607 11.944809 5.000000 0.810080 5.000000 0.475278  -1   1  -1 
59402.969327 0.000000 0.000000 6945.273839 5.000000 6932.503878 11.133598 6943.637476 12.769961 5.000000 1.636363 5.000000 0.475278  -1   1  -1 
59402.970612 0.000000 0.000000 6899.831990 5.000000 6887.606978 11.131541 6898.738520 12.225012 5.000000 1.093470 5.000000 0.475278  -1   3  -1 
59402.971692 0.000000 0.000000 6898.128414 5.000000 6887.606978 11.129813 6898.736791 10.521436 5.000000 -0.608377 5.000000 0.475278  -1   3  -1 
59402.972765 0.000000 0.000000 6901.444422 5.000000 6887.606978 11.128095 6898.735074 13.837444 5.000000 2.709348 5.000000 0.475278  -1   3  -1 
59403.889282 0.000000 0.000000 6939.980070 5.000000 6932.503878 9.832976 6942.336854 7.476192 5.000000 -2.356784 5.000000 0.475278  -1   1  -1 
59403.890693 0.000000 0.000000 6944.334356 5.000000 6932.503878 9.831380 6942.335258 11.830478 5.000000 1.999098 5.000000 0.475278  -1   1  -1 
59403.891398 0.000000 0.000000 6943.834634 5.000000 6932.503878 9.830582 6942.334461 11.330756 5.000000 1.500173 5.000000 0.475278  -1   1  -1 
59403.992215 0.000000 0.000000 6694.251168 5.000000 6686.133382 9.720699 6695.854080 8.117786 5.000000 -1.602912 5.000000 0.475278  -1   0  -1 
59404.001960 0.000000 0.000000 6694.083423 5.000000 6686.133382 9.710517 6695.843899 7.950041 5.000000 -1.760476 5.000000 0.475278  -1   0  -1 
59404.004362 0.000000 0.000000 6695.180241 5.000000 6686.133382 9.708020 6695.841401 9.046859 5.000000 -0.661160 5.000000 0.475278  -1   0  -1 
59404.084675 0.000000 0.000000 6898.123046 5.000000 6887.606978 9.627319 6897.234297 10.516068 5.000000 0.888749 5.000000 0.475278  -1   3  -1 
59404.085749 0.000000 0.000000 6896.264679 5.000000 6887.606978 9.626277 6897.233255 8.657701 5.000000 -0.968576 5.000000 0.475278  -1   3  -1 
59404.086835 0.000000 0.000000 6900.613030 5.000000 6887.606978 9.625224 6897.232203 13.006052 5.000000 3.380827 5.000000 0.475278  -1   3  -1 
59405.737353 0.000000 0.000000 6860.131178 5.000000 6848.492377 9.267565 6857.759942 11.638801 5.000000 2.371236 5.000000 0.475278  -1   2  -1 
59405.748644 0.000000 0.000000 6858.836390 5.000000 6848.492377 9.272913 6857.765290 10.344013 5.000000 1.071100 5.000000 0.475278  -1   2  -1 
59405.756176 0.000000 0.000000 6858.071624 5.000000 6848.492377 9.276525 6857.768902 9.579247 5.000000 0.302722 5.000000 0.475278  -1   2  -1 
59405.855588 0.000000 0.000000 6946.162797 5.000000 6932.503878 9.327476 6941.831354 13.658919 5.000000 4.331443 5.000000 0.475278  -1   1  -1 
59405.857000 0.000000 0.000000 6948.368859 5.000000 6932.503878 9.328242 6941.832121 15.864981 5.000000 6.536738 5.000000 0.475278  -1   1  -1 
59405.857706 0.000000 0.000000 6948.077845 5.000000 6932.503878 9.328626 6941.832504 15.573967 5.000000 6.245341 5.000000 0.475278  -1   1  -1 
59406.106963 0.000000 0.000000 6893.632502 5.000000 6887.606978 9.480630 6897.087608 6.025524 5.000000 -3.455106 5.000000 0.475278  -1   3  -1 
59406.108044 0.000000 0.000000 6893.420341 5.000000 6887.606978 9.481355 6897.088333 5.813363 5.000000 -3.667992 5.000000 0.475278  -1   3  -1 
59406.109128 0.000000 0.000000 6893.099435 5.000000 6887.606978 9.482082 6897.089060 5.492457 5.000000 -3.989625 5.000000 0.475278  -1   3  -1 
59407.864238 0.000000 0.000000 6947.898876 5.000000 6932.503878 10.831128 6943.335007 15.394998 5.000000 4.563869 5.000000 0.475278  -1   1  -1 
59407.866356 0.000000 0.000000 6950.245404 5.000000 6932.503878 10.832442 6943.336320 17.741526 5.000000 6.909084 5.000000 0.475278  -1   1  -1 
59407.867063 0.000000 0.000000 6951.276220 5.000000 6932.503878 10.832880 6943.336759 18.772342 5.000000 7.939461 5.000000 0.475278  -1   1  -1 
59408.161045 0.000000 0.000000 6698.829274 5.000000 6686.133382 10.998384 6697.131765 12.695892 5.000000 1.697509 5.000000 0.475278  -1   0  -1 
59408.163430 0.000000 0.000000 6698.230451 5.000000 6686.133382 10.999586 6697.132968 12.097069 5.000000 1.097483 5.000000 0.475278  -1   0  -1 
59408.165807 0.000000 0.000000 6703.504550 5.000000 6686.133382 11.000783 6697.134164 17.371168 5.000000 6.370386 5.000000 0.475278  -1   0  -1 
59411.082909 0.000000 0.000000 6899.153579 5.000000 6887.606978 11.565099 6899.172077 11.546601 5.000000 -0.018498 5.000000 0.475278  -1   3  -1 
59411.083984 0.000000 0.000000 6901.305156 5.000000 6887.606978 11.565457 6899.172435 13.698178 5.000000 2.132721 5.000000 0.475278  -1   3  -1 
59411.085060 0.000000 0.000000 6900.895801 5.000000 6887.606978 11.565815 6899.172794 13.288823 5.000000 1.723007 5.000000 0.475278  -1   3  -1 
59411.109436 0.000000 0.000000 6696.350570 5.000000 6686.133382 11.574062 6697.707443 10.217188 5.000000 -1.356873 5.000000 0.475278  -1   0  -1 
59411.114634 0.000000 0.000000 6697.468021 5.000000 6686.133382 11.575850 6697.709231 11.334639 5.000000 -0.241210 5.000000 0.475278  -1   0  -1 
59411.121738 0.000000 0.000000 6696.824401 5.000000 6686.133382 11.578310 6697.711692 10.691019 5.000000 -0.887291 5.000000 0.475278  -1   0  -1 
59418.956092 0.000000 0.000000 6696.465900 5.000000 6686.133382 12.069138 6698.202519 10.332518 5.000000 -1.736619 5.000000 0.475278  -1   0  -1 
59418.958787 0.000000 0.000000 6696.612270 5.000000 6686.133382 12.068012 6698.201393 10.478888 5.000000 -1.589123 5.000000 0.475278  -1   0  -1 
59418.965560 0.000000 0.000000 6694.591742 5.000000 6686.133382 12.065189 6698.198571 8.458360 5.000000 -3.606829 5.000000 0.475278  -1   0  -1 
59418.981323 0.000000 0.000000 6900.843714 5.000000 6887.606978 12.058656 6899.665634 13.236736 5.000000 1.178080 5.000000 0.475278  -1   3  -1 
59418.982407 0.000000 0.000000 6900.533258 5.000000 6887.606978 12.058208 6899.665186 12.926280 5.000000 0.868072 5.000000 0.475278  -1   3  -1 
59418.983485 0.000000 0.000000 6894.368958 5.000000 6887.606978 12.057763 6899.664742 6.761980 5.000000 -5.295784 5.000000 0.475278  -1   3  -1 
59419.756507 0.000000 0.000000 6865.153893 5.000000 6848.492377 11.778017 6860.270394 16.661516 5.000000 4.883499 5.000000 0.475278  -1   2  -1 
59419.775306 0.000000 0.000000 6859.701525 5.000000 6848.492377 11.771576 6860.263954 11.209148 5.000000 -0.562429 5.000000 0.475278  -1   2  -1 
59419.779068 0.000000 0.000000 6863.736508 5.000000 6848.492377 11.770286 6860.262663 15.244131 5.000000 3.473845 5.000000 0.475278  -1   2  -1 
59419.947893 0.000000 0.000000 6693.113633 5.000000 6686.133382 11.711315 6697.844696 6.980251 5.000000 -4.731063 5.000000 0.475278  -1   0  -1 
59419.986504 0.000000 0.000000 6694.850399 5.000000 6686.133382 11.697427 6697.830809 8.717017 5.000000 -2.980410 5.000000 0.475278  -1   0  -1 
59419.990052 0.000000 0.000000 6693.505750 5.000000 6686.133382 11.696142 6697.829523 7.372368 5.000000 -4.323773 5.000000 0.475278  -1   0  -1 
59420.037408 0.000000 0.000000 6897.578579 5.000000 6887.606978 11.678810 6899.285789 9.971601 5.000000 -1.707210 5.000000 0.475278  -1   3  -1 
59420.038492 0.000000 0.000000 6897.262876 5.000000 6887.606978 11.678410 6899.285388 9.655898 5.000000 -2.022512 5.000000 0.475278  -1   3  -1 
59420.040662 0.000000 0.000000 6898.747377 5.000000 6887.606978 11.677607 6899.284585 11.140399 5.000000 -0.537208 5.000000 0.475278  -1   3  -1 
59420.700637 0.000000 0.000000 6859.631126 5.000000 6848.492377 11.379522 6859.871899 11.138749 5.000000 -0.240773 5.000000 0.475278  -1   2  -1 
59420.708153 0.000000 0.000000 6865.836489 5.000000 6848.492377 11.375281 6859.867658 17.344112 5.000000 5.968831 5.000000 0.475278  -1   2  -1 
59420.715676 0.000000 0.000000 6861.268969 5.000000 6848.492377 11.371011 6859.863388 12.776592 5.000000 1.405581 5.000000 0.475278  -1   2  -1 
59420.873617 0.000000 0.000000 6939.461437 5.000000 6932.503878 11.275564 6943.779442 6.957559 5.000000 -4.318005 5.000000 0.475278  -1   1  -1 
59420.874323 0.000000 0.000000 6941.696785 5.000000 6932.503878 11.275111 6943.778990 9.192907 5.000000 -2.082205 5.000000 0.475278  -1   1  -1 
59420.875735 0.000000 0.000000 6943.554000 5.000000 6932.503878 11.274206 6943.778084 11.050122 5.000000 -0.224084 5.000000 0.475278  -1   1  -1 
59420.988150 0.000000 0.000000 6901.891527 5.000000 6887.606978 11.198923 6898.805901 14.284549 5.000000 3.085626 5.000000 0.475278  -1   3  -1 
59420.990293 0.000000 0.000000 6900.790775 5.000000 6887.606978 11.197426 6898.804404 13.183797 5.000000 1.986371 5.000000 0.475278  -1   3  -1 
59420.991383 0.000000 0.000000 6902.195529 5.000000 6887.606978 11.196663 6898.803642 14.588551 5.000000 3.391887 5.000000 0.475278  -1   3  -1 
59421.112099 0.000000 0.000000 6701.838407 5.000000 6686.133382 11.108346 6697.241727 15.705025 5.000000 4.596680 5.000000 0.475278  -1   0  -1 
59421.130285 0.000000 0.000000 6698.415144 5.000000 6686.133382 11.094358 6697.227739 12.281762 5.000000 1.187405 5.000000 0.475278  -1   0  -1 
59421.136709 0.000000 0.000000 6697.608727 5.000000 6686.133382 11.089373 6697.222755 11.475345 5.000000 0.385972 5.000000 0.475278  -1   0  -1 
59422.687448 0.000000 0.000000 6860.214863 5.000000 6848.492377 9.161604 6857.653981 11.722486 5.000000 2.560882 5.000000 0.475278  -1   2  -1 
59422.694983 0.000000 0.000000 6860.947147 5.000000 6848.492377 9.148969 6857.641346 12.454770 5.000000 3.305801 5.000000 0.475278  -1   2  -1 
59422.702516 0.000000 0.000000 6855.579951 5.000000 6848.492377 9.136314 6857.628691 7.087574 5.000000 -2.048740 5.000000 0.475278  -1   2  -1 
59422.871553 0.000000 0.000000 6938.620833 5.000000 6932.503878 8.846457 6941.350335 6.116955 5.000000 -2.729502 5.000000 0.475278  -1   1  -1 
59422.873670 0.000000 0.000000 6941.540564 5.000000 6932.503878 8.842761 6941.346639 9.036686 5.000000 0.193925 5.000000 0.475278  -1   1  -1 
59422.874376 0.000000 0.000000 6942.284711 5.000000 6932.503878 8.841528 6941.345406 9.780833 5.000000 0.939305 5.000000 0.475278  -1   1  -1 
59423.678423 0.000000 0.000000 6862.250715 5.000000 6848.492377 7.375147 6855.867524 13.758338 5.000000 6.383191 5.000000 0.475278  -1   2  -1 
59423.685999 0.000000 0.000000 6861.409947 5.000000 6848.492377 7.361237 6855.853614 12.917570 5.000000 5.556333 5.000000 0.475278  -1   2  -1 
59423.689751 0.000000 0.000000 6857.490485 5.000000 6848.492377 7.354352 6855.846729 8.998108 5.000000 1.643756 5.000000 0.475278  -1   2  -1 
