# time model 
59325.801227 -3.817944 
59325.833009 -3.778416 
59325.864791 -3.738485 
59325.896573 -3.698164 
59325.928355 -3.657468 
59325.960137 -3.616409 
59325.991919 -3.575000 
59326.023701 -3.533255 
59326.055483 -3.491188 
59326.087265 -3.448811 
59326.119047 -3.406139 
59326.150829 -3.363186 
59326.182611 -3.319964 
59326.214393 -3.276487 
59326.246175 -3.232768 
59326.277957 -3.188822 
59326.309739 -3.144662 
59326.341521 -3.100301 
59326.373303 -3.055753 
59326.405085 -3.011030 
59326.436867 -2.966147 
59326.468649 -2.921116 
59326.500431 -2.875951 
59326.532213 -2.830664 
59326.563995 -2.785268 
59326.595777 -2.739777 
59326.627559 -2.694202 
59326.659341 -2.648557 
59326.691123 -2.602854 
59326.722905 -2.557104 
59326.754687 -2.511321 
59326.786469 -2.465515 
59326.818251 -2.419699 
59326.850033 -2.373885 
59326.881815 -2.328083 
59326.913597 -2.282305 
59326.945379 -2.236562 
59326.977161 -2.190865 
59327.008943 -2.145223 
59327.040725 -2.099649 
59327.072507 -2.054150 
59327.104289 -2.008739 
59327.136071 -1.963423 
59327.167853 -1.918213 
59327.199635 -1.873117 
59327.231417 -1.828146 
59327.263199 -1.783306 
59327.294981 -1.738607 
59327.326763 -1.694056 
59327.358545 -1.649662 
59327.390327 -1.605431 
59327.422109 -1.561372 
59327.453891 -1.517491 
59327.485673 -1.473794 
59327.517455 -1.430289 
59327.549237 -1.386981 
59327.581019 -1.343876 
59327.612801 -1.300979 
59327.644583 -1.258295 
59327.676365 -1.215831 
59327.708147 -1.173589 
59327.739929 -1.131574 
59327.771711 -1.089790 
59327.803493 -1.048242 
59327.835275 -1.006931 
59327.867057 -0.965861 
59327.898839 -0.925034 
59327.930621 -0.884454 
59327.962402 -0.844122 
59327.994184 -0.804040 
59328.025966 -0.764208 
59328.057748 -0.724629 
59328.089530 -0.685303 
59328.121312 -0.646231 
59328.153094 -0.607412 
59328.184876 -0.568848 
59328.216658 -0.530536 
59328.248440 -0.492476 
59328.280222 -0.454669 
59328.312004 -0.417111 
59328.343786 -0.379802 
59328.375568 -0.342739 
59328.407350 -0.305921 
59328.439132 -0.269346 
59328.470914 -0.233009 
59328.502696 -0.196909 
59328.534478 -0.161042 
59328.566260 -0.125404 
59328.598042 -0.089992 
59328.629824 -0.054802 
59328.661606 -0.019830 
59328.693388 0.014929 
59328.725170 0.049480 
59328.756952 0.083828 
59328.788734 0.117977 
59328.820516 0.151934 
59328.852298 0.185703 
59328.884080 0.219291 
59328.915862 0.252703 
59328.947644 0.285946 
59328.979426 0.319026 
59329.011208 0.351949 
59329.042990 0.384723 
59329.074772 0.417353 
59329.106554 0.449848 
59329.138336 0.482213 
59329.170118 0.514457 
59329.201900 0.546586 
59329.233682 0.578609 
59329.265464 0.610532 
59329.297246 0.642363 
59329.329028 0.674111 
59329.360810 0.705782 
59329.392592 0.737385 
59329.424374 0.768928 
59329.456156 0.800419 
59329.487938 0.831865 
59329.519720 0.863276 
59329.551502 0.894658 
59329.583284 0.926021 
59329.615066 0.957372 
59329.646848 0.988719 
59329.678630 1.020071 
59329.710412 1.051435 
59329.742194 1.082821 
59329.773976 1.114235 
59329.805758 1.145685 
59329.837540 1.177181 
59329.869322 1.208729 
59329.901104 1.240337 
59329.932886 1.272013 
59329.964668 1.303765 
59329.996450 1.335601 
59330.028232 1.367526 
59330.060014 1.399550 
59330.091796 1.431679 
59330.123578 1.463919 
59330.155360 1.496279 
59330.187142 1.528764 
59330.218924 1.561382 
59330.250706 1.594138 
59330.282488 1.627039 
59330.314270 1.660091 
59330.346052 1.693300 
59330.377834 1.726672 
59330.409616 1.760211 
59330.441398 1.793924 
59330.473180 1.827814 
59330.504962 1.861888 
59330.536744 1.896150 
59330.568526 1.930603 
59330.600308 1.965253 
59330.632090 2.000102 
59330.663871 2.035155 
59330.695653 2.070415 
59330.727435 2.105885 
59330.759217 2.141567 
59330.790999 2.177465 
59330.822781 2.213580 
59330.854563 2.249915 
59330.886345 2.286471 
59330.918127 2.323249 
59330.949909 2.360252 
59330.981691 2.397478 
59331.013473 2.434929 
59331.045255 2.472606 
59331.077037 2.510507 
59331.108819 2.548633 
59331.140601 2.586983 
59331.172383 2.625555 
59331.204165 2.664349 
59331.235947 2.703363 
59331.267729 2.742594 
59331.299511 2.782040 
59331.331293 2.821699 
59331.363075 2.861567 
59331.394857 2.901642 
59331.426639 2.941920 
59331.458421 2.982397 
59331.490203 3.023068 
59331.521985 3.063929 
59331.553767 3.104976 
59331.585549 3.146202 
59331.617331 3.187603 
59331.649113 3.229173 
59331.680895 3.270905 
59331.712677 3.312793 
59331.744459 3.354830 
59331.776241 3.397010 
59331.808023 3.439325 
59331.839805 3.481767 
59331.871587 3.524329 
59331.903369 3.567002 
59331.935151 3.609778 
59331.966933 3.652648 
59331.998715 3.695604 
59332.030497 3.738635 
59332.062279 3.781732 
59332.094061 3.824886 
59332.125843 3.868086 
59332.157625 3.911323 
59332.189407 3.954586 
59332.221189 3.997863 
59332.252971 4.041145 
59332.284753 4.084419 
59332.316535 4.127675 
59332.348317 4.170901 
59332.380099 4.214085 
59332.411881 4.257216 
59332.443663 4.300281 
59332.475445 4.343267 
59332.507227 4.386163 
59332.539009 4.428956 
59332.570791 4.471633 
59332.602573 4.514182 
59332.634355 4.556589 
59332.666137 4.598840 
59332.697919 4.640924 
59332.729701 4.682827 
59332.761483 4.724535 
59332.793265 4.766034 
59332.825047 4.807312 
59332.856829 4.848355 
59332.888611 4.889149 
59332.920393 4.929680 
59332.952175 4.969935 
59332.983957 5.009900 
59333.015739 5.049561 
59333.047521 5.088904 
59333.079303 5.127917 
59333.111085 5.166584 
59333.142867 5.204893 
59333.174649 5.242830 
59333.206431 5.280381 
59333.238213 5.317533 
59333.269995 5.354272 
59333.301777 5.390586 
59333.333559 5.426460 
59333.365340 5.461882 
59333.397122 5.496839 
59333.428904 5.531318 
59333.460686 5.565305 
59333.492468 5.598790 
59333.524250 5.631758 
59333.556032 5.664198 
59333.587814 5.696097 
59333.619596 5.727445 
59333.651378 5.758228 
59333.683160 5.788436 
59333.714942 5.818058 
59333.746724 5.847081 
59333.778506 5.875496 
59333.810288 5.903292 
59333.842070 5.930458 
59333.873852 5.956984 
59333.905634 5.982861 
59333.937416 6.008079 
59333.969198 6.032629 
59334.000980 6.056501 
59334.032762 6.079688 
59334.064544 6.102180 
59334.096326 6.123971 
59334.128108 6.145051 
59334.159890 6.165414 
59334.191672 6.185053 
59334.223454 6.203961 
59334.255236 6.222132 
59334.287018 6.239560 
59334.318800 6.256238 
59334.350582 6.272163 
59334.382364 6.287329 
59334.414146 6.301731 
59334.445928 6.315366 
59334.477710 6.328230 
59334.509492 6.340319 
59334.541274 6.351631 
59334.573056 6.362163 
59334.604838 6.371913 
59334.636620 6.380879 
59334.668402 6.389061 
59334.700184 6.396456 
59334.731966 6.403066 
59334.763748 6.408889 
59334.795530 6.413927 
59334.827312 6.418179 
59334.859094 6.421648 
59334.890876 6.424335 
59334.922658 6.426242 
59334.954440 6.427372 
59334.986222 6.427727 
59335.018004 6.427312 
59335.049786 6.426129 
59335.081568 6.424184 
59335.113350 6.421480 
59335.145132 6.418023 
59335.176914 6.413819 
59335.208696 6.408873 
59335.240478 6.403192 
59335.272260 6.396783 
59335.304042 6.389652 
59335.335824 6.381808 
59335.367606 6.373259 
59335.399388 6.364012 
59335.431170 6.354077 
59335.462952 6.343462 
59335.494734 6.332179 
59335.526516 6.320235 
59335.558298 6.307643 
59335.590080 6.294412 
59335.621862 6.280554 
59335.653644 6.266080 
59335.685426 6.251002 
59335.717208 6.235333 
59335.748990 6.219084 
59335.780772 6.202268 
59335.812554 6.184899 
59335.844336 6.166991 
59335.876118 6.148557 
59335.907900 6.129610 
59335.939682 6.110167 
59335.971464 6.090240 
59336.003246 6.069846 
59336.035028 6.048999 
59336.066809 6.027716 
59336.098591 6.006011 
59336.130373 5.983901 
59336.162155 5.961402 
59336.193937 5.938530 
59336.225719 5.915302 
59336.257501 5.891736 
59336.289283 5.867847 
59336.321065 5.843653 
59336.352847 5.819172 
59336.384629 5.794422 
59336.416411 5.769419 
59336.448193 5.744182 
59336.479975 5.718728 
59336.511757 5.693076 
59336.543539 5.667244 
59336.575321 5.641251 
59336.607103 5.615113 
59336.638885 5.588851 
59336.670667 5.562482 
59336.702449 5.536025 
59336.734231 5.509498 
59336.766013 5.482921 
59336.797795 5.456310 
59336.829577 5.429686 
59336.861359 5.403066 
59336.893141 5.376470 
59336.924923 5.349915 
59336.956705 5.323419 
59336.988487 5.297002 
59337.020269 5.270682 
59337.052051 5.244476 
59337.083833 5.218403 
59337.115615 5.192481 
59337.147397 5.166727 
59337.179179 5.141160 
59337.210961 5.115796 
59337.242743 5.090654 
59337.274525 5.065749 
59337.306307 5.041100 
59337.338089 5.016724 
59337.369871 4.992636 
59337.401653 4.968853 
59337.433435 4.945391 
59337.465217 4.922267 
59337.496999 4.899496 
59337.528781 4.877093 
59337.560563 4.855074 
59337.592345 4.833454 
59337.624127 4.812246 
59337.655909 4.791465 
59337.687691 4.771126 
59337.719473 4.751242 
59337.751255 4.731826 
59337.783037 4.712891 
59337.814819 4.694450 
59337.846601 4.676516 
59337.878383 4.659099 
59337.910165 4.642212 
59337.941947 4.625866 
59337.973729 4.610071 
59338.005511 4.594839 
59338.037293 4.580179 
59338.069075 4.566100 
59338.100857 4.552612 
59338.132639 4.539723 
59338.164421 4.527443 
59338.196203 4.515778 
59338.227985 4.504737 
59338.259767 4.494326 
59338.291549 4.484552 
59338.323331 4.475421 
59338.355113 4.466939 
59338.386895 4.459111 
59338.418677 4.451942 
59338.450459 4.445436 
59338.482241 4.439597 
59338.514023 4.434428 
59338.545805 4.429933 
59338.577587 4.426113 
59338.609369 4.422971 
59338.641151 4.420508 
59338.672933 4.418726 
59338.704715 4.417624 
59338.736497 4.417203 
59338.768278 4.417463 
59338.800060 4.418402 
59338.831842 4.420020 
59338.863624 4.422313 
59338.895406 4.425281 
59338.927188 4.428921 
59338.958970 4.433228 
59338.990752 4.438200 
59339.022534 4.443833 
59339.054316 4.450121 
59339.086098 4.457060 
59339.117880 4.464643 
59339.149662 4.472867 
59339.181444 4.481722 
59339.213226 4.491204 
59339.245008 4.501305 
59339.276790 4.512017 
59339.308572 4.523331 
59339.340354 4.535241 
59339.372136 4.547735 
59339.403918 4.560806 
59339.435700 4.574443 
59339.467482 4.588637 
59339.499264 4.603376 
59339.531046 4.618651 
59339.562828 4.634449 
59339.594610 4.650760 
59339.626392 4.667571 
59339.658174 4.684870 
59339.689956 4.702644 
59339.721738 4.720881 
59339.753520 4.739567 
59339.785302 4.758689 
59339.817084 4.778233 
59339.848866 4.798185 
59339.880648 4.818530 
59339.912430 4.839255 
59339.944212 4.860343 
59339.975994 4.881781 
59340.007776 4.903552 
59340.039558 4.925641 
59340.071340 4.948032 
59340.103122 4.970710 
59340.134904 4.993658 
59340.166686 5.016860 
59340.198468 5.040299 
59340.230250 5.063960 
59340.262032 5.087824 
59340.293814 5.111876 
59340.325596 5.136098 
59340.357378 5.160473 
59340.389160 5.184984 
59340.420942 5.209614 
59340.452724 5.234346 
59340.484506 5.259162 
59340.516288 5.284045 
59340.548070 5.308977 
59340.579852 5.333942 
59340.611634 5.358921 
59340.643416 5.383897 
59340.675198 5.408853 
59340.706980 5.433772 
59340.738762 5.458636 
59340.770544 5.483429 
59340.802326 5.508132 
59340.834108 5.532730 
59340.865890 5.557204 
59340.897672 5.581539 
59340.929454 5.605717 
59340.961236 5.629723 
59340.993018 5.653539 
59341.024800 5.677149 
59341.056582 5.700538 
59341.088364 5.723689 
59341.120146 5.746587 
59341.151928 5.769217 
59341.183710 5.791563 
59341.215492 5.813609 
59341.247274 5.835342 
59341.279056 5.856747 
59341.310838 5.877809 
59341.342620 5.898515 
59341.374402 5.918850 
59341.406184 5.938802 
59341.437965 5.958357 
59341.469747 5.977503 
59341.501529 5.996226 
59341.533311 6.014515 
59341.565093 6.032359 
59341.596875 6.049745 
59341.628657 6.066662 
59341.660439 6.083100 
59341.692221 6.099048 
59341.724003 6.114496 
59341.755785 6.129435 
59341.787567 6.143856 
59341.819349 6.157748 
59341.851131 6.171105 
59341.882913 6.183918 
59341.914695 6.196180 
59341.946477 6.207882 
59341.978259 6.219019 
59342.010041 6.229585 
59342.041823 6.239572 
59342.073605 6.248976 
59342.105387 6.257792 
59342.137169 6.266015 
59342.168951 6.273641 
59342.200733 6.280666 
59342.232515 6.287087 
59342.264297 6.292901 
59342.296079 6.298106 
59342.327861 6.302700 
59342.359643 6.306682 
59342.391425 6.310050 
59342.423207 6.312804 
59342.454989 6.314945 
59342.486771 6.316472 
59342.518553 6.317386 
59342.550335 6.317689 
59342.582117 6.317382 
59342.613899 6.316468 
59342.645681 6.314949 
59342.677463 6.312829 
59342.709245 6.310110 
59342.741027 6.306798 
59342.772809 6.302896 
59342.804591 6.298410 
59342.836373 6.293344 
59342.868155 6.287705 
59342.899937 6.281498 
59342.931719 6.274730 
59342.963501 6.267409 
59342.995283 6.259541 
59343.027065 6.251134 
59343.058847 6.242197 
59343.090629 6.232738 
59343.122411 6.222766 
59343.154193 6.212291 
59343.185975 6.201321 
59343.217757 6.189868 
59343.249539 6.177941 
59343.281321 6.165551 
59343.313103 6.152710 
59343.344885 6.139428 
59343.376667 6.125717 
59343.408449 6.111590 
59343.440231 6.097059 
59343.472013 6.082136 
59343.503795 6.066834 
59343.535577 6.051166 
59343.567359 6.035146 
59343.599141 6.018787 
59343.630923 6.002103 
59343.662705 5.985108 
59343.694487 5.967817 
59343.726269 5.950244 
59343.758051 5.932404 
59343.789833 5.914311 
59343.821615 5.895981 
59343.853397 5.877428 
59343.885179 5.858669 
59343.916961 5.839718 
59343.948743 5.820592 
59343.980525 5.801305 
59344.012307 5.781874 
59344.044089 5.762314 
59344.075871 5.742642 
59344.107653 5.722874 
59344.139434 5.703025 
59344.171216 5.683111 
59344.202998 5.663149 
59344.234780 5.643155 
59344.266562 5.623145 
59344.298344 5.603134 
59344.330126 5.583140 
59344.361908 5.563178 
59344.393690 5.543263 
59344.425472 5.523413 
59344.457254 5.503642 
59344.489036 5.483966 
59344.520818 5.464402 
59344.552600 5.444964 
59344.584382 5.425668 
59344.616164 5.406529 
59344.647946 5.387562 
59344.679728 5.368782 
59344.711510 5.350204 
59344.743292 5.331842 
59344.775074 5.313711 
59344.806856 5.295825 
59344.838638 5.278198 
59344.870420 5.260843 
59344.902202 5.243774 
59344.933984 5.227005 
59344.965766 5.210547 
59344.997548 5.194414 
59345.029330 5.178618 
59345.061112 5.163172 
59345.092894 5.148086 
59345.124676 5.133373 
59345.156458 5.119044 
59345.188240 5.105109 
59345.220022 5.091579 
59345.251804 5.078464 
59345.283586 5.065775 
59345.315368 5.053519 
59345.347150 5.041707 
59345.378932 5.030347 
59345.410714 5.019448 
59345.442496 5.009017 
59345.474278 4.999062 
59345.506060 4.989589 
59345.537842 4.980607 
59345.569624 4.972121 
59345.601406 4.964136 
59345.633188 4.956659 
59345.664970 4.949695 
59345.696752 4.943247 
59345.728534 4.937321 
59345.760316 4.931920 
59345.792098 4.927047 
59345.823880 4.922705 
59345.855662 4.918897 
59345.887444 4.915625 
59345.919226 4.912889 
59345.951008 4.910692 
59345.982790 4.909033 
59346.014572 4.907914 
59346.046354 4.907333 
59346.078136 4.907290 
59346.109918 4.907784 
59346.141700 4.908813 
59346.173482 4.910375 
59346.205264 4.912467 
59346.237046 4.915087 
59346.268828 4.918231 
59346.300610 4.921896 
59346.332392 4.926076 
59346.364174 4.930767 
59346.395956 4.935965 
59346.427738 4.941663 
59346.459520 4.947855 
59346.491302 4.954536 
59346.523084 4.961697 
59346.554866 4.969332 
59346.586648 4.977434 
59346.618430 4.985993 
59346.650212 4.995003 
59346.681994 5.004453 
59346.713776 5.014335 
59346.745558 5.024638 
59346.777340 5.035354 
59346.809122 5.046472 
59346.840903 5.057980 
59346.872685 5.069869 
59346.904467 5.082126 
59346.936249 5.094741 
59346.968031 5.107700 
59346.999813 5.120993 
59347.031595 5.134606 
59347.063377 5.148526 
59347.095159 5.162740 
59347.126941 5.177235 
59347.158723 5.191998 
59347.190505 5.207014 
59347.222287 5.222269 
59347.254069 5.237748 
59347.285851 5.253438 
59347.317633 5.269324 
59347.349415 5.285390 
59347.381197 5.301621 
59347.412979 5.318003 
59347.444761 5.334519 
59347.476543 5.351154 
59347.508325 5.367892 
59347.540107 5.384718 
59347.571889 5.401616 
59347.603671 5.418569 
59347.635453 5.435561 
59347.667235 5.452576 
59347.699017 5.469599 
59347.730799 5.486612 
59347.762581 5.503599 
59347.794363 5.520544 
59347.826145 5.537431 
59347.857927 5.554243 
59347.889709 5.570965 
59347.921491 5.587579 
59347.953273 5.604070 
59347.985055 5.620421 
59348.016837 5.636616 
59348.048619 5.652640 
59348.080401 5.668477 
59348.112183 5.684110 
59348.143965 5.699524 
59348.175747 5.714704 
59348.207529 5.729634 
59348.239311 5.744299 
59348.271093 5.758685 
59348.302875 5.772775 
59348.334657 5.786556 
59348.366439 5.800013 
59348.398221 5.813132 
59348.430003 5.825899 
59348.461785 5.838300 
59348.493567 5.850322 
59348.525349 5.861952 
59348.557131 5.873176 
59348.588913 5.883983 
59348.620695 5.894359 
59348.652477 5.904293 
59348.684259 5.913774 
59348.716041 5.922789 
59348.747823 5.931328 
59348.779605 5.939380 
59348.811387 5.946935 
59348.843169 5.953983 
59348.874951 5.960514 
59348.906733 5.966519 
59348.938515 5.971990 
59348.970297 5.976918 
59349.002079 5.981295 
59349.033861 5.985114 
59349.065643 5.988367 
59349.097425 5.991048 
59349.129207 5.993150 
59349.160989 5.994668 
59349.192771 5.995596 
59349.224553 5.995930 
59349.256335 5.995665 
59349.288117 5.994796 
59349.319899 5.993322 
59349.351681 5.991237 
59349.383463 5.988540 
59349.415245 5.985229 
59349.447027 5.981302 
59349.478809 5.976758 
59349.510591 5.971596 
59349.542372 5.965816 
59349.574154 5.959419 
59349.605936 5.952405 
59349.637718 5.944775 
59349.669500 5.936532 
59349.701282 5.927677 
59349.733064 5.918214 
59349.764846 5.908145 
59349.796628 5.897474 
59349.828410 5.886206 
59349.860192 5.874346 
59349.891974 5.861898 
59349.923756 5.848868 
59349.955538 5.835262 
59349.987320 5.821088 
59350.019102 5.806352 
59350.050884 5.791061 
59350.082666 5.775224 
59350.114448 5.758849 
59350.146230 5.741945 
59350.178012 5.724522 
59350.209794 5.706590 
59350.241576 5.688158 
59350.273358 5.669237 
59350.305140 5.649839 
59350.336922 5.629975 
59350.368704 5.609656 
59350.400486 5.588897 
59350.432268 5.567708 
59350.464050 5.546103 
59350.495832 5.524097 
59350.527614 5.501701 
59350.559396 5.478932 
59350.591178 5.455803 
59350.622960 5.432330 
59350.654742 5.408527 
59350.686524 5.384410 
59350.718306 5.359996 
59350.750088 5.335299 
59350.781870 5.310338 
59350.813652 5.285128 
59350.845434 5.259686 
59350.877216 5.234030 
59350.908998 5.208178 
59350.940780 5.182146 
59350.972562 5.155954 
59351.004344 5.129618 
59351.036126 5.103158 
59351.067908 5.076593 
59351.099690 5.049940 
59351.131472 5.023218 
59351.163254 4.996448 
59351.195036 4.969647 
59351.226818 4.942835 
59351.258600 4.916032 
59351.290382 4.889256 
59351.322164 4.862528 
59351.353946 4.835867 
59351.385728 4.809292 
59351.417510 4.782824 
59351.449292 4.756482 
59351.481074 4.730285 
59351.512856 4.704254 
59351.544638 4.678408 
59351.576420 4.652767 
59351.608202 4.627350 
59351.639984 4.602177 
59351.671766 4.577267 
59351.703548 4.552640 
59351.735330 4.528315 
59351.767112 4.504311 
59351.798894 4.480648 
59351.830676 4.457343 
59351.862458 4.434416 
59351.894240 4.411886 
59351.926022 4.389770 
59351.957804 4.368087 
59351.989586 4.346855 
59352.021368 4.326092 
59352.053150 4.305814 
59352.084932 4.286041 
59352.116714 4.266787 
59352.148496 4.248071 
59352.180278 4.229909 
59352.212060 4.212316 
59352.243841 4.195310 
59352.275623 4.178904 
59352.307405 4.163115 
59352.339187 4.147957 
59352.370969 4.133445 
59352.402751 4.119593 
59352.434533 4.106415 
59352.466315 4.093925 
59352.498097 4.082134 
59352.529879 4.071057 
59352.561661 4.060705 
59352.593443 4.051089 
59352.625225 4.042223 
59352.657007 4.034115 
59352.688789 4.026777 
59352.720571 4.020219 
59352.752353 4.014450 
59352.784135 4.009480 
59352.815917 4.005318 
59352.847699 4.001970 
59352.879481 3.999446 
59352.911263 3.997752 
59352.943045 3.996895 
59352.974827 3.996881 
59353.006609 3.997717 
59353.038391 3.999406 
59353.070173 4.001954 
59353.101955 4.005366 
59353.133737 4.009644 
59353.165519 4.014791 
59353.197301 4.020812 
59353.229083 4.027706 
59353.260865 4.035477 
59353.292647 4.044125 
59353.324429 4.053650 
59353.356211 4.064053 
59353.387993 4.075333 
59353.419775 4.087489 
59353.451557 4.100519 
59353.483339 4.114421 
59353.515121 4.129192 
59353.546903 4.144830 
59353.578685 4.161330 
59353.610467 4.178688 
59353.642249 4.196899 
59353.674031 4.215958 
59353.705813 4.235859 
59353.737595 4.256597 
59353.769377 4.278163 
59353.801159 4.300551 
59353.832941 4.323752 
59353.864723 4.347759 
59353.896505 4.372563 
59353.928287 4.398154 
59353.960069 4.424523 
59353.991851 4.451659 
59354.023633 4.479551 
59354.055415 4.508189 
59354.087197 4.537560 
59354.118979 4.567654 
59354.150761 4.598456 
59354.182543 4.629955 
59354.214325 4.662137 
59354.246107 4.694989 
59354.277889 4.728495 
59354.309671 4.762643 
59354.341453 4.797416 
59354.373235 4.832799 
59354.405017 4.868778 
59354.436799 4.905336 
59354.468581 4.942456 
59354.500363 4.980122 
59354.532145 5.018318 
59354.563927 5.057025 
59354.595709 5.096227 
59354.627491 5.135906 
59354.659273 5.176043 
59354.691055 5.216621 
59354.722837 5.257620 
59354.754619 5.299022 
59354.786401 5.340808 
59354.818183 5.382958 
59354.849965 5.425454 
59354.881747 5.468276 
59354.913529 5.511404 
59354.945310 5.554818 
59354.977092 5.598498 
59355.008874 5.642423 
59355.040656 5.686575 
59355.072438 5.730931 
59355.104220 5.775473 
59355.136002 5.820179 
59355.167784 5.865028 
59355.199566 5.910001 
59355.231348 5.955076 
59355.263130 6.000232 
59355.294912 6.045450 
59355.326694 6.090708 
59355.358476 6.135986 
59355.390258 6.181263 
59355.422040 6.226519 
59355.453822 6.271733 
59355.485604 6.316884 
59355.517386 6.361953 
59355.549168 6.406919 
59355.580950 6.451762 
59355.612732 6.496462 
59355.644514 6.541000 
59355.676296 6.585355 
59355.708078 6.629508 
59355.739860 6.673441 
59355.771642 6.717132 
59355.803424 6.760565 
59355.835206 6.803720 
59355.866988 6.846578 
59355.898770 6.889122 
59355.930552 6.931333 
59355.962334 6.973194 
59355.994116 7.014687 
59356.025898 7.055795 
59356.057680 7.096502 
59356.089462 7.136790 
59356.121244 7.176644 
59356.153026 7.216047 
59356.184808 7.254985 
59356.216590 7.293441 
59356.248372 7.331402 
59356.280154 7.368852 
59356.311936 7.405777 
59356.343718 7.442164 
59356.375500 7.477999 
59356.407282 7.513270 
59356.439064 7.547963 
59356.470846 7.582067 
59356.502628 7.615569 
59356.534410 7.648460 
59356.566192 7.680727 
59356.597974 7.712360 
59356.629756 7.743349 
59356.661538 7.773686 
59356.693320 7.803359 
59356.725102 7.832362 
59356.756884 7.860685 
59356.788666 7.888322 
59356.820448 7.915264 
59356.852230 7.941505 
59356.884012 7.967039 
59356.915794 7.991859 
59356.947576 8.015961 
59356.979358 8.039339 
59357.011140 8.061990 
59357.042922 8.083908 
59357.074704 8.105091 
59357.106486 8.125536 
59357.138268 8.145240 
59357.170050 8.164201 
59357.201832 8.182418 
59357.233614 8.199889 
59357.265396 8.216614 
59357.297178 8.232592 
59357.328960 8.247825 
59357.360742 8.262313 
59357.392524 8.276057 
59357.424306 8.289059 
59357.456088 8.301321 
59357.487870 8.312846 
59357.519652 8.323636 
59357.551434 8.333696 
59357.583216 8.343030 
59357.614997 8.351641 
59357.646779 8.359535 
59357.678561 8.366717 
59357.710343 8.373192 
59357.742125 8.378968 
59357.773907 8.384049 
59357.805689 8.388443 
59357.837471 8.392158 
59357.869253 8.395201 
59357.901035 8.397580 
59357.932817 8.399303 
59357.964599 8.400380 
59357.996381 8.400819 
59358.028163 8.400630 
59358.059945 8.399822 
59358.091727 8.398406 
59358.123509 8.396392 
59358.155291 8.393790 
59358.187073 8.390613 
59358.218855 8.386870 
59358.250637 8.382574 
59358.282419 8.377737 
59358.314201 8.372370 
59358.345983 8.366485 
59358.377765 8.360096 
59358.409547 8.353215 
59358.441329 8.345854 
59358.473111 8.338028 
59358.504893 8.329749 
59358.536675 8.321031 
59358.568457 8.311888 
59358.600239 8.302333 
59358.632021 8.292380 
59358.663803 8.282044 
59358.695585 8.271338 
59358.727367 8.260276 
59358.759149 8.248874 
59358.790931 8.237146 
59358.822713 8.225105 
59358.854495 8.212767 
59358.886277 8.200146 
59358.918059 8.187257 
59358.949841 8.174114 
59358.981623 8.160732 
59359.013405 8.147126 
59359.045187 8.133310 
59359.076969 8.119299 
59359.108751 8.105107 
59359.140533 8.090748 
59359.172315 8.076238 
59359.204097 8.061591 
59359.235879 8.046820 
59359.267661 8.031939 
59359.299443 8.016964 
59359.331225 8.001907 
59359.363007 7.986783 
59359.394789 7.971604 
59359.426571 7.956386 
59359.458353 7.941139 
59359.490135 7.925879 
59359.521917 7.910618 
59359.553699 7.895367 
59359.585481 7.880141 
59359.617263 7.864951 
59359.649045 7.849810 
59359.680827 7.834728 
59359.712609 7.819719 
59359.744391 7.804792 
59359.776173 7.789960 
59359.807955 7.775232 
59359.839737 7.760620 
59359.871519 7.746134 
59359.903301 7.731783 
59359.935083 7.717578 
59359.966865 7.703527 
59359.998647 7.689641 
59360.030429 7.675926 
59360.062211 7.662393 
59360.093993 7.649048 
59360.125775 7.635900 
59360.157557 7.622957 
59360.189339 7.610224 
59360.221121 7.597709 
59360.252903 7.585419 
59360.284685 7.573359 
59360.316466 7.561535 
59360.348248 7.549952 
59360.380030 7.538615 
59360.411812 7.527529 
59360.443594 7.516697 
59360.475376 7.506125 
59360.507158 7.495814 
59360.538940 7.485769 
59360.570722 7.475992 
59360.602504 7.466485 
59360.634286 7.457251 
59360.666068 7.448290 
59360.697850 7.439605 
59360.729632 7.431195 
59360.761414 7.423062 
59360.793196 7.415206 
59360.824978 7.407626 
59360.856760 7.400321 
59360.888542 7.393292 
59360.920324 7.386535 
59360.952106 7.380051 
59360.983888 7.373836 
59361.015670 7.367889 
59361.047452 7.362206 
59361.079234 7.356785 
59361.111016 7.351623 
59361.142798 7.346714 
59361.174580 7.342057 
59361.206362 7.337645 
59361.238144 7.333475 
59361.269926 7.329542 
59361.301708 7.325839 
59361.333490 7.322363 
59361.365272 7.319107 
59361.397054 7.316064 
59361.428836 7.313229 
59361.460618 7.310595 
59361.492400 7.308155 
59361.524182 7.305902 
59361.555964 7.303829 
59361.587746 7.301928 
59361.619528 7.300191 
59361.651310 7.298610 
59361.683092 7.297177 
59361.714874 7.295885 
59361.746656 7.294723 
59361.778438 7.293684 
59361.810220 7.292759 
59361.842002 7.291938 
59361.873784 7.291213 
59361.905566 7.290575 
59361.937348 7.290013 
59361.969130 7.289518 
59362.000912 7.289082 
59362.032694 7.288694 
59362.064476 7.288344 
59362.096258 7.288023 
59362.128040 7.287722 
59362.159822 7.287429 
59362.191604 7.287135 
59362.223386 7.286831 
59362.255168 7.286507 
59362.286950 7.286151 
59362.318732 7.285756 
59362.350514 7.285311 
59362.382296 7.284806 
59362.414078 7.284231 
59362.445860 7.283577 
59362.477642 7.282835 
59362.509424 7.281994 
59362.541206 7.281046 
59362.572988 7.279981 
59362.604770 7.278791 
59362.636552 7.277465 
59362.668334 7.275996 
59362.700116 7.274375 
59362.731898 7.272592 
59362.763680 7.270641 
59362.795462 7.268513 
59362.827244 7.266199 
59362.859026 7.263693 
59362.890808 7.260986 
59362.922590 7.258072 
59362.954372 7.254943 
59362.986154 7.251593 
59363.017935 7.248016 
59363.049717 7.244204 
59363.081499 7.240153 
59363.113281 7.235856 
59363.145063 7.231309 
59363.176845 7.226505 
59363.208627 7.221442 
59363.240409 7.216113 
59363.272191 7.210516 
59363.303973 7.204646 
59363.335755 7.198500 
59363.367537 7.192075 
59363.399319 7.185368 
59363.431101 7.178378 
59363.462883 7.171101 
59363.494665 7.163538 
59363.526447 7.155686 
59363.558229 7.147544 
59363.590011 7.139113 
59363.621793 7.130393 
59363.653575 7.121383 
59363.685357 7.112085 
59363.717139 7.102500 
59363.748921 7.092630 
59363.780703 7.082476 
59363.812485 7.072042 
59363.844267 7.061329 
59363.876049 7.050342 
59363.907831 7.039084 
59363.939613 7.027559 
59363.971395 7.015772 
59364.003177 7.003728 
59364.034959 6.991433 
59364.066741 6.978891 
59364.098523 6.966110 
59364.130305 6.953096 
59364.162087 6.939857 
59364.193869 6.926399 
59364.225651 6.912731 
59364.257433 6.898861 
59364.289215 6.884799 
59364.320997 6.870552 
59364.352779 6.856131 
59364.384561 6.841545 
59364.416343 6.826806 
59364.448125 6.811923 
59364.479907 6.796909 
59364.511689 6.781773 
59364.543471 6.766529 
59364.575253 6.751189 
59364.607035 6.735765 
59364.638817 6.720270 
59364.670599 6.704717 
59364.702381 6.689121 
59364.734163 6.673494 
59364.765945 6.657852 
59364.797727 6.642209 
59364.829509 6.626580 
59364.861291 6.610980 
59364.893073 6.595425 
59364.924855 6.579930 
59364.956637 6.564511 
59364.988419 6.549185 
59365.020201 6.533968 
59365.051983 6.518877 
59365.083765 6.503929 
59365.115547 6.489141 
59365.147329 6.474531 
59365.179111 6.460115 
59365.210893 6.445913 
59365.242675 6.431941 
59365.274457 6.418219 
59365.306239 6.404763 
59365.338021 6.391593 
59365.369803 6.378726 
59365.401585 6.366182 
59365.433367 6.353979 
59365.465149 6.342136 
59365.496931 6.330671 
59365.528713 6.319604 
59365.560495 6.308953 
59365.592277 6.298737 
59365.624059 6.288975 
59365.655841 6.279685 
59365.687623 6.270888 
59365.719404 6.262600 
59365.751186 6.254842 
59365.782968 6.247632 
59365.814750 6.240988 
59365.846532 6.234929 
59365.878314 6.229474 
59365.910096 6.224640 
59365.941878 6.220446 
59365.973660 6.216910 
59366.005442 6.214049 
59366.037224 6.211882 
59366.069006 6.210425 
59366.100788 6.209695 
59366.132570 6.209711 
59366.164352 6.210489 
59366.196134 6.212044 
59366.227916 6.214394 
59366.259698 6.217554 
59366.291480 6.221540 
59366.323262 6.226368 
59366.355044 6.232051 
59366.386826 6.238606 
59366.418608 6.246047 
59366.450390 6.254387 
59366.482172 6.263640 
59366.513954 6.273819 
59366.545736 6.284938 
59366.577518 6.297008 
59366.609300 6.310043 
59366.641082 6.324052 
59366.672864 6.339048 
59366.704646 6.355041 
59366.736428 6.372042 
59366.768210 6.390059 
59366.799992 6.409104 
59366.831774 6.429183 
59366.863556 6.450306 
59366.895338 6.472480 
59366.927120 6.495713 
59366.958902 6.520011 
59366.990684 6.545381 
59367.022466 6.571828 
59367.054248 6.599357 
59367.086030 6.627973 
59367.117812 6.657679 
59367.149594 6.688480 
59367.181376 6.720377 
59367.213158 6.753373 
59367.244940 6.787470 
59367.276722 6.822669 
59367.308504 6.858970 
59367.340286 6.896372 
59367.372068 6.934876 
59367.403850 6.974480 
59367.435632 7.015181 
59367.467414 7.056978 
59367.499196 7.099866 
59367.530978 7.143842 
59367.562760 7.188901 
59367.594542 7.235039 
59367.626324 7.282249 
59367.658106 7.330525 
59367.689888 7.379861 
59367.721670 7.430248 
59367.753452 7.481678 
59367.785234 7.534142 
59367.817016 7.587632 
59367.848798 7.642136 
59367.880580 7.697644 
59367.912362 7.754144 
59367.944144 7.811626 
59367.975926 7.870075 
59368.007708 7.929480 
59368.039490 7.989826 
59368.071272 8.051099 
59368.103054 8.113284 
59368.134836 8.176365 
59368.166618 8.240327 
59368.198400 8.305153 
59368.230182 8.370826 
59368.261964 8.437327 
59368.293746 8.504640 
59368.325528 8.572744 
59368.357310 8.641622 
59368.389092 8.711252 
59368.420873 8.781615 
59368.452655 8.852689 
59368.484437 8.924454 
59368.516219 8.996888 
59368.548001 9.069968 
59368.579783 9.143673 
59368.611565 9.217978 
59368.643347 9.292860 
59368.675129 9.368296 
59368.706911 9.444261 
59368.738693 9.520731 
59368.770475 9.597679 
59368.802257 9.675082 
59368.834039 9.752913 
59368.865821 9.831146 
59368.897603 9.909754 
59368.929385 9.988712 
59368.961167 10.067991 
59368.992949 10.147565 
59369.024731 10.227406 
59369.056513 10.307487 
59369.088295 10.387779 
59369.120077 10.468254 
59369.151859 10.548885 
59369.183641 10.629641 
59369.215423 10.710495 
59369.247205 10.791419 
59369.278987 10.872382 
59369.310769 10.953355 
59369.342551 11.034311 
59369.374333 11.115219 
59369.406115 11.196050 
59369.437897 11.276775 
59369.469679 11.357364 
59369.501461 11.437789 
59369.533243 11.518019 
59369.565025 11.598026 
59369.596807 11.677780 
59369.628589 11.757252 
59369.660371 11.836413 
59369.692153 11.915234 
59369.723935 11.993686 
59369.755717 12.071740 
59369.787499 12.149369 
59369.819281 12.226542 
59369.851063 12.303233 
59369.882845 12.379413 
59369.914627 12.455054 
59369.946409 12.530128 
59369.978191 12.604609 
59370.009973 12.678470 
59370.041755 12.751683 
59370.073537 12.824222 
59370.105319 12.896061 
59370.137101 12.967175 
59370.168883 13.037537 
59370.200665 13.107123 
59370.232447 13.175908 
59370.264229 13.243867 
59370.296011 13.310977 
59370.327793 13.377215 
59370.359575 13.442557 
59370.391357 13.506981 
59370.423139 13.570464 
59370.454921 13.632986 
59370.486703 13.694524 
59370.518485 13.755059 
59370.550267 13.814570 
59370.582049 13.873037 
59370.613831 13.930443 
59370.645613 13.986767 
59370.677395 14.041993 
59370.709177 14.096102 
59370.740959 14.149079 
59370.772741 14.200907 
59370.804523 14.251570 
59370.836305 14.301054 
59370.868087 14.349344 
59370.899869 14.396427 
59370.931651 14.442290 
59370.963433 14.486920 
59370.995215 14.530305 
59371.026997 14.572435 
59371.058779 14.613299 
59371.090561 14.652887 
59371.122342 14.691191 
59371.154124 14.728202 
59371.185906 14.763912 
59371.217688 14.798315 
59371.249470 14.831404 
59371.281252 14.863173 
59371.313034 14.893618 
59371.344816 14.922735 
59371.376598 14.950520 
59371.408380 14.976971 
59371.440162 15.002084 
59371.471944 15.025860 
59371.503726 15.048298 
59371.535508 15.069397 
59371.567290 15.089158 
59371.599072 15.107584 
59371.630854 15.124675 
59371.662636 15.140436 
59371.694418 15.154869 
59371.726200 15.167980 
59371.757982 15.179773 
59371.789764 15.190253 
59371.821546 15.199428 
59371.853328 15.207304 
59371.885110 15.213889 
59371.916892 15.219191 
59371.948674 15.223221 
59371.980456 15.225986 
59372.012238 15.227498 
59372.044020 15.227768 
59372.075802 15.226808 
59372.107584 15.224629 
59372.139366 15.221244 
59372.171148 15.216668 
59372.202930 15.210914 
59372.234712 15.203998 
59372.266494 15.195933 
59372.298276 15.186736 
59372.330058 15.176424 
59372.361840 15.165013 
59372.393622 15.152521 
59372.425404 15.138966 
59372.457186 15.124367 
59372.488968 15.108741 
59372.520750 15.092110 
59372.552532 15.074492 
59372.584314 15.055908 
59372.616096 15.036380 
59372.647878 15.015927 
59372.679660 14.994573 
59372.711442 14.972338 
59372.743224 14.949246 
59372.775006 14.925319 
59372.806788 14.900581 
59372.838570 14.875054 
59372.870352 14.848764 
59372.902134 14.821732 
59372.933916 14.793986 
59372.965698 14.765548 
59372.997480 14.736444 
59373.029262 14.706699 
59373.061044 14.676338 
59373.092826 14.645387 
59373.124608 14.613873 
59373.156390 14.581819 
59373.188172 14.549254 
59373.219954 14.516203 
59373.251736 14.482692 
59373.283518 14.448748 
59373.315300 14.414397 
59373.347082 14.379667 
59373.378864 14.344583 
59373.410646 14.309172 
59373.442428 14.273462 
59373.474210 14.237478 
59373.505992 14.201247 
59373.537774 14.164797 
59373.569556 14.128153 
59373.601338 14.091342 
59373.633120 14.054390 
59373.664902 14.017325 
59373.696684 13.980171 
59373.728466 13.942955 
59373.760248 13.905703 
59373.792029 13.868440 
59373.823811 13.831193 
59373.855593 13.793986 
59373.887375 13.756844 
59373.919157 13.719793 
59373.950939 13.682856 
59373.982721 13.646059 
59374.014503 13.609425 
59374.046285 13.572977 
59374.078067 13.536740 
59374.109849 13.500737 
59374.141631 13.464989 
59374.173413 13.429521 
59374.205195 13.394352 
59374.236977 13.359506 
59374.268759 13.325004 
59374.300541 13.290865 
59374.332323 13.257112 
59374.364105 13.223763 
59374.395887 13.190838 
59374.427669 13.158356 
59374.459451 13.126337 
59374.491233 13.094797 
59374.523015 13.063755 
59374.554797 13.033228 
59374.586579 13.003232 
59374.618361 12.973784 
59374.650143 12.944898 
59374.681925 12.916591 
59374.713707 12.888877 
59374.745489 12.861769 
59374.777271 12.835282 
59374.809053 12.809427 
59374.840835 12.784217 
59374.872617 12.759665 
59374.904399 12.735780 
59374.936181 12.712574 
59374.967963 12.690057 
59374.999745 12.668237 
59375.031527 12.647124 
59375.063309 12.626725 
59375.095091 12.607049 
59375.126873 12.588102 
59375.158655 12.569891 
59375.190437 12.552421 
59375.222219 12.535697 
59375.254001 12.519724 
59375.285783 12.504506 
59375.317565 12.490046 
59375.349347 12.476347 
59375.381129 12.463410 
59375.412911 12.451238 
59375.444693 12.439830 
59375.476475 12.429188 
59375.508257 12.419311 
59375.540039 12.410198 
59375.571821 12.401848 
59375.603603 12.394257 
59375.635385 12.387424 
59375.667167 12.381346 
59375.698949 12.376018 
59375.730731 12.371436 
59375.762513 12.367594 
59375.794295 12.364488 
59375.826077 12.362112 
59375.857859 12.360458 
59375.889641 12.359519 
59375.921423 12.359288 
59375.953205 12.359757 
59375.984987 12.360917 
59376.016769 12.362758 
59376.048551 12.365271 
59376.080333 12.368446 
59376.112115 12.372271 
59376.143897 12.376737 
59376.175679 12.381831 
59376.207461 12.387542 
59376.239243 12.393856 
59376.271025 12.400762 
59376.302807 12.408245 
59376.334589 12.416293 
59376.366371 12.424891 
59376.398153 12.434025 
59376.429935 12.443681 
59376.461717 12.453843 
59376.493498 12.464496 
59376.525280 12.475624 
59376.557062 12.487211 
59376.588844 12.499242 
59376.620626 12.511699 
59376.652408 12.524567 
59376.684190 12.537827 
59376.715972 12.551463 
59376.747754 12.565457 
59376.779536 12.579792 
59376.811318 12.594451 
59376.843100 12.609414 
59376.874882 12.624664 
59376.906664 12.640183 
59376.938446 12.655953 
59376.970228 12.671955 
59377.002010 12.688170 
59377.033792 12.704581 
59377.065574 12.721168 
59377.097356 12.737913 
59377.129138 12.754797 
59377.160920 12.771801 
59377.192702 12.788907 
59377.224484 12.806097 
59377.256266 12.823351 
59377.288048 12.840651 
59377.319830 12.857979 
59377.351612 12.875316 
59377.383394 12.892644 
59377.415176 12.909945 
59377.446958 12.927200 
59377.478740 12.944392 
59377.510522 12.961504 
59377.542304 12.978517 
59377.574086 12.995415 
59377.605868 13.012179 
59377.637650 13.028794 
59377.669432 13.045243 
59377.701214 13.061508 
59377.732996 13.077574 
59377.764778 13.093426 
59377.796560 13.109046 
59377.828342 13.124421 
59377.860124 13.139535 
59377.891906 13.154373 
59377.923688 13.168920 
59377.955470 13.183164 
59377.987252 13.197090 
59378.019034 13.210684 
59378.050816 13.223935 
59378.082598 13.236828 
59378.114380 13.249353 
59378.146162 13.261498 
59378.177944 13.273251 
59378.209726 13.284601 
59378.241508 13.295537 
59378.273290 13.306051 
59378.305072 13.316131 
59378.336854 13.325770 
59378.368636 13.334958 
59378.400418 13.343687 
59378.432200 13.351949 
59378.463982 13.359738 
59378.495764 13.367046 
59378.527546 13.373867 
59378.559328 13.380196 
59378.591110 13.386027 
59378.622892 13.391356 
59378.654674 13.396177 
59378.686456 13.400488 
59378.718238 13.404286 
59378.750020 13.407567 
59378.781802 13.410329 
59378.813584 13.412571 
59378.845366 13.414291 
59378.877148 13.415490 
59378.908930 13.416166 
59378.940712 13.416321 
59378.972494 13.415955 
59379.004276 13.415070 
59379.036058 13.413667 
59379.067840 13.411750 
59379.099622 13.409321 
59379.131404 13.406384 
59379.163186 13.402943 
59379.194967 13.399002 
59379.226749 13.394566 
59379.258531 13.389641 
59379.290313 13.384234 
59379.322095 13.378350 
59379.353877 13.371997 
59379.385659 13.365181 
59379.417441 13.357912 
59379.449223 13.350197 
59379.481005 13.342046 
59379.512787 13.333467 
59379.544569 13.324470 
59379.576351 13.315067 
59379.608133 13.305266 
59379.639915 13.295080 
59379.671697 13.284519 
59379.703479 13.273596 
59379.735261 13.262323 
59379.767043 13.250712 
59379.798825 13.238776 
59379.830607 13.226530 
59379.862389 13.213985 
59379.894171 13.201157 
59379.925953 13.188060 
59379.957735 13.174709 
59379.989517 13.161117 
59380.021299 13.147301 
59380.053081 13.133277 
59380.084863 13.119059 
59380.116645 13.104665 
59380.148427 13.090109 
59380.180209 13.075409 
59380.211991 13.060582 
59380.243773 13.045644 
59380.275555 13.030612 
59380.307337 13.015504 
59380.339119 13.000337 
59380.370901 12.985129 
59380.402683 12.969897 
59380.434465 12.954659 
59380.466247 12.939433 
59380.498029 12.924237 
59380.529811 12.909089 
59380.561593 12.894008 
59380.593375 12.879010 
59380.625157 12.864115 
59380.656939 12.849341 
59380.688721 12.834705 
59380.720503 12.820227 
59380.752285 12.805923 
59380.784067 12.791813 
59380.815849 12.777914 
59380.847631 12.764244 
59380.879413 12.750822 
59380.911195 12.737664 
59380.942977 12.724788 
59380.974759 12.712212 
59381.006541 12.699954 
59381.038323 12.688030 
59381.070105 12.676457 
59381.101887 12.665253 
59381.133669 12.654433 
59381.165451 12.644015 
59381.197233 12.634014 
59381.229015 12.624447 
59381.260797 12.615329 
59381.292579 12.606675 
59381.324361 12.598500 
59381.356143 12.590820 
59381.387925 12.583649 
59381.419707 12.577000 
59381.451489 12.570889 
59381.483271 12.565328 
59381.515053 12.560331 
59381.546835 12.555910 
59381.578617 12.552077 
59381.610399 12.548846 
59381.642181 12.546227 
59381.673963 12.544231 
59381.705745 12.542870 
59381.737527 12.542154 
59381.769309 12.542093 
59381.801091 12.542696 
59381.832873 12.543972 
59381.864655 12.545931 
59381.896436 12.548579 
59381.928218 12.551925 
59381.960000 12.555977 
59381.991782 12.560739 
59382.023564 12.566220 
59382.055346 12.572424 
59382.087128 12.579357 
59382.118910 12.587024 
59382.150692 12.595428 
59382.182474 12.604573 
59382.214256 12.614462 
59382.246038 12.625099 
59382.277820 12.636484 
59382.309602 12.648621 
59382.341384 12.661508 
59382.373166 12.675148 
59382.404948 12.689540 
59382.436730 12.704683 
59382.468512 12.720576 
59382.500294 12.737218 
59382.532076 12.754607 
59382.563858 12.772738 
59382.595640 12.791611 
59382.627422 12.811219 
59382.659204 12.831560 
59382.690986 12.852627 
59382.722768 12.874417 
59382.754550 12.896922 
59382.786332 12.920136 
59382.818114 12.944053 
59382.849896 12.968664 
59382.881678 12.993962 
59382.913460 13.019938 
59382.945242 13.046583 
59382.977024 13.073888 
59383.008806 13.101842 
59383.040588 13.130435 
59383.072370 13.159656 
59383.104152 13.189493 
59383.135934 13.219935 
59383.167716 13.250969 
59383.199498 13.282582 
59383.231280 13.314761 
59383.263062 13.347492 
59383.294844 13.380761 
59383.326626 13.414554 
59383.358408 13.448855 
59383.390190 13.483650 
59383.421972 13.518922 
59383.453754 13.554656 
59383.485536 13.590834 
59383.517318 13.627441 
59383.549100 13.664458 
59383.580882 13.701869 
59383.612664 13.739655 
59383.644446 13.777799 
59383.676228 13.816282 
59383.708010 13.855085 
59383.739792 13.894190 
59383.771574 13.933577 
59383.803356 13.973227 
59383.835138 14.013119 
59383.866920 14.053235 
59383.898702 14.093554 
59383.930484 14.134056 
59383.962266 14.174720 
59383.994048 14.215526 
59384.025830 14.256452 
59384.057612 14.297479 
59384.089394 14.338584 
59384.121176 14.379747 
59384.152958 14.420947 
59384.184740 14.462162 
59384.216522 14.503371 
59384.248304 14.544553 
59384.280086 14.585685 
59384.311868 14.626747 
59384.343650 14.667717 
59384.375432 14.708574 
59384.407214 14.749296 
59384.438996 14.789861 
59384.470778 14.830249 
59384.502560 14.870438 
59384.534342 14.910407 
59384.566124 14.950135 
59384.597905 14.989601 
59384.629687 15.028784 
59384.661469 15.067662 
59384.693251 15.106217 
59384.725033 15.144427 
59384.756815 15.182271 
59384.788597 15.219731 
59384.820379 15.256785 
59384.852161 15.293415 
59384.883943 15.329601 
59384.915725 15.365324 
59384.947507 15.400565 
59384.979289 15.435305 
59385.011071 15.469526 
59385.042853 15.503210 
59385.074635 15.536340 
59385.106417 15.568897 
59385.138199 15.600864 
59385.169981 15.632225 
59385.201763 15.662964 
59385.233545 15.693064 
59385.265327 15.722510 
59385.297109 15.751286 
59385.328891 15.779377 
59385.360673 15.806769 
59385.392455 15.833448 
59385.424237 15.859399 
59385.456019 15.884610 
59385.487801 15.909068 
59385.519583 15.932761 
59385.551365 15.955675 
59385.583147 15.977800 
59385.614929 15.999125 
59385.646711 16.019639 
59385.678493 16.039332 
59385.710275 16.058194 
59385.742057 16.076217 
59385.773839 16.093390 
59385.805621 16.109707 
59385.837403 16.125159 
59385.869185 16.139739 
59385.900967 16.153441 
59385.932749 16.166258 
59385.964531 16.178185 
59385.996313 16.189216 
59386.028095 16.199347 
59386.059877 16.208573 
59386.091659 16.216891 
59386.123441 16.224298 
59386.155223 16.230791 
59386.187005 16.236367 
59386.218787 16.241027 
59386.250569 16.244767 
59386.282351 16.247588 
59386.314133 16.249490 
59386.345915 16.250473 
59386.377697 16.250539 
59386.409479 16.249687 
59386.441261 16.247921 
59386.473043 16.245243 
59386.504825 16.241656 
59386.536607 16.237164 
59386.568389 16.231769 
59386.600171 16.225477 
59386.631953 16.218293 
59386.663735 16.210222 
59386.695517 16.201269 
59386.727299 16.191441 
59386.759081 16.180745 
59386.790863 16.169188 
59386.822645 16.156777 
59386.854427 16.143521 
59386.886209 16.129428 
59386.917991 16.114506 
59386.949773 16.098766 
59386.981555 16.082216 
59387.013337 16.064867 
59387.045119 16.046729 
59387.076901 16.027814 
59387.108683 16.008131 
59387.140465 15.987693 
59387.172247 15.966512 
59387.204029 15.944599 
59387.235811 15.921968 
59387.267593 15.898631 
59387.299374 15.874600 
59387.331156 15.849890 
59387.362938 15.824515 
59387.394720 15.798487 
59387.426502 15.771822 
59387.458284 15.744533 
59387.490066 15.716636 
59387.521848 15.688144 
59387.553630 15.659074 
59387.585412 15.629440 
59387.617194 15.599258 
59387.648976 15.568544 
59387.680758 15.537313 
59387.712540 15.505580 
59387.744322 15.473363 
59387.776104 15.440676 
59387.807886 15.407538 
59387.839668 15.373962 
59387.871450 15.339967 
59387.903232 15.305568 
59387.935014 15.270782 
59387.966796 15.235625 
59387.998578 15.200115 
59388.030360 15.164267 
59388.062142 15.128098 
59388.093924 15.091625 
59388.125706 15.054863 
59388.157488 15.017831 
59388.189270 14.980543 
59388.221052 14.943017 
59388.252834 14.905268 
59388.284616 14.867313 
59388.316398 14.829168 
59388.348180 14.790849 
59388.379962 14.752371 
59388.411744 14.713751 
59388.443526 14.675003 
59388.475308 14.636144 
59388.507090 14.597188 
59388.538872 14.558150 
59388.570654 14.519046 
59388.602436 14.479889 
59388.634218 14.440695 
59388.666000 14.401477 
59388.697782 14.362250 
59388.729564 14.323026 
59388.761346 14.283820 
59388.793128 14.244645 
59388.824910 14.205513 
59388.856692 14.166437 
59388.888474 14.127430 
59388.920256 14.088503 
59388.952038 14.049668 
59388.983820 14.010937 
59389.015602 13.972320 
59389.047384 13.933829 
59389.079166 13.895473 
59389.110948 13.857264 
59389.142730 13.819209 
59389.174512 13.781320 
59389.206294 13.743605 
59389.238076 13.706071 
59389.269858 13.668729 
59389.301640 13.631585 
59389.333422 13.594648 
59389.365204 13.557923 
59389.396986 13.521419 
59389.428768 13.485141 
59389.460550 13.449095 
59389.492332 13.413287 
59389.524114 13.377722 
59389.555896 13.342404 
59389.587678 13.307339 
59389.619460 13.272530 
59389.651242 13.237980 
59389.683024 13.203693 
59389.714806 13.169672 
59389.746588 13.135919 
59389.778370 13.102435 
59389.810152 13.069223 
59389.841934 13.036284 
59389.873716 13.003618 
59389.905498 12.971225 
59389.937280 12.939107 
59389.969061 12.907262 
59390.000843 12.875689 
59390.032625 12.844388 
59390.064407 12.813357 
59390.096189 12.782593 
59390.127971 12.752096 
59390.159753 12.721861 
59390.191535 12.691887 
59390.223317 12.662169 
59390.255099 12.632704 
59390.286881 12.603489 
59390.318663 12.574518 
59390.350445 12.545787 
59390.382227 12.517291 
59390.414009 12.489025 
59390.445791 12.460983 
59390.477573 12.433160 
59390.509355 12.405548 
59390.541137 12.378142 
59390.572919 12.350935 
59390.604701 12.323920 
59390.636483 12.297089 
59390.668265 12.270435 
59390.700047 12.243951 
59390.731829 12.217629 
59390.763611 12.191460 
59390.795393 12.165436 
59390.827175 12.139548 
59390.858957 12.113788 
59390.890739 12.088147 
59390.922521 12.062616 
59390.954303 12.037186 
59390.986085 12.011847 
59391.017867 11.986591 
59391.049649 11.961406 
59391.081431 11.936285 
59391.113213 11.911216 
59391.144995 11.886191 
59391.176777 11.861199 
59391.208559 11.836230 
59391.240341 11.811275 
59391.272123 11.786324 
59391.303905 11.761366 
59391.335687 11.736392 
59391.367469 11.711391 
59391.399251 11.686353 
59391.431033 11.661270 
59391.462815 11.636129 
59391.494597 11.610923 
59391.526379 11.585641 
59391.558161 11.560273 
59391.589943 11.534811 
59391.621725 11.509243 
59391.653507 11.483562 
59391.685289 11.457757 
59391.717071 11.431820 
59391.748853 11.405742 
59391.780635 11.379513 
59391.812417 11.353126 
59391.844199 11.326573 
59391.875981 11.299844 
59391.907763 11.272932 
59391.939545 11.245829 
59391.971327 11.218527 
59392.003109 11.191020 
59392.034891 11.163300 
59392.066673 11.135361 
59392.098455 11.107196 
59392.130237 11.078798 
59392.162019 11.050162 
59392.193801 11.021283 
59392.225583 10.992155 
59392.257365 10.962773 
59392.289147 10.933132 
59392.320929 10.903228 
59392.352711 10.873058 
59392.384493 10.842617 
59392.416275 10.811902 
59392.448057 10.780910 
59392.479839 10.749640 
59392.511621 10.718088 
59392.543403 10.686254 
59392.575185 10.654135 
59392.606967 10.621730 
59392.638749 10.589040 
59392.670530 10.556065 
59392.702312 10.522803 
59392.734094 10.489257 
59392.765876 10.455426 
59392.797658 10.421314 
59392.829440 10.386921 
59392.861222 10.352250 
59392.893004 10.317304 
59392.924786 10.282087 
59392.956568 10.246601 
59392.988350 10.210852 
59393.020132 10.174843 
59393.051914 10.138580 
59393.083696 10.102068 
59393.115478 10.065313 
59393.147260 10.028321 
59393.179042 9.991100 
59393.210824 9.953656 
59393.242606 9.915998 
59393.274388 9.878132 
59393.306170 9.840068 
59393.337952 9.801815 
59393.369734 9.763381 
59393.401516 9.724778 
59393.433298 9.686014 
59393.465080 9.647101 
59393.496862 9.608049 
59393.528644 9.568871 
59393.560426 9.529577 
59393.592208 9.490181 
59393.623990 9.450694 
59393.655772 9.411130 
59393.687554 9.371502 
59393.719336 9.331823 
59393.751118 9.292108 
59393.782900 9.252371 
59393.814682 9.212627 
59393.846464 9.172891 
59393.878246 9.133179 
59393.910028 9.093505 
59393.941810 9.053886 
59393.973592 9.014339 
59394.005374 8.974880 
59394.037156 8.935526 
59394.068938 8.896293 
59394.100720 8.857200 
59394.132502 8.818264 
59394.164284 8.779502 
59394.196066 8.740933 
59394.227848 8.702576 
59394.259630 8.664448 
59394.291412 8.626567 
59394.323194 8.588954 
59394.354976 8.551627 
59394.386758 8.514605 
59394.418540 8.477906 
59394.450322 8.441552 
59394.482104 8.405560 
59394.513886 8.369950 
59394.545668 8.334743 
59394.577450 8.299957 
59394.609232 8.265612 
59394.641014 8.231728 
59394.672796 8.198325 
59394.704578 8.165423 
59394.736360 8.133040 
59394.768142 8.101198 
59394.799924 8.069915 
59394.831706 8.039210 
59394.863488 8.009105 
59394.895270 7.979617 
59394.927052 7.950767 
59394.958834 7.922573 
59394.990616 7.895054 
59395.022398 7.868230 
59395.054180 7.842119 
59395.085962 7.816739 
59395.117744 7.792110 
59395.149526 7.768248 
59395.181308 7.745173 
59395.213090 7.722902 
59395.244872 7.701452 
59395.276654 7.680840 
59395.308436 7.661084 
59395.340218 7.642199 
59395.371999 7.624203 
59395.403781 7.607111 
59395.435563 7.590939 
59395.467345 7.575702 
59395.499127 7.561416 
59395.530909 7.548093 
59395.562691 7.535750 
59395.594473 7.524399 
59395.626255 7.514054 
59395.658037 7.504728 
59395.689819 7.496433 
59395.721601 7.489181 
59395.753383 7.482984 
59395.785165 7.477853 
59395.816947 7.473799 
59395.848729 7.470831 
59395.880511 7.468959 
59395.912293 7.468193 
59395.944075 7.468541 
59395.975857 7.470011 
59396.007639 7.472610 
59396.039421 7.476345 
59396.071203 7.481223 
59396.102985 7.487250 
59396.134767 7.494431 
59396.166549 7.502770 
59396.198331 7.512271 
59396.230113 7.522938 
59396.261895 7.534775 
59396.293677 7.547782 
59396.325459 7.561961 
59396.357241 7.577315 
59396.389023 7.593842 
59396.420805 7.611543 
59396.452587 7.630417 
59396.484369 7.650463 
59396.516151 7.671677 
59396.547933 7.694058 
59396.579715 7.717603 
59396.611497 7.742305 
59396.643279 7.768163 
59396.675061 7.795168 
59396.706843 7.823317 
59396.738625 7.852602 
59396.770407 7.883015 
59396.802189 7.914549 
59396.833971 7.947196 
59396.865753 7.980945 
59396.897535 8.015788 
59396.929317 8.051712 
59396.961099 8.088709 
59396.992881 8.126764 
59397.024663 8.165867 
59397.056445 8.206004 
59397.088227 8.247161 
59397.120009 8.289324 
59397.151791 8.332479 
59397.183573 8.376609 
59397.215355 8.421699 
59397.247137 8.467732 
59397.278919 8.514691 
59397.310701 8.562557 
59397.342483 8.611314 
59397.374265 8.660940 
59397.406047 8.711418 
59397.437829 8.762728 
59397.469611 8.814847 
59397.501393 8.867757 
59397.533175 8.921434 
59397.564957 8.975857 
59397.596739 9.031004 
59397.628521 9.086851 
59397.660303 9.143375 
59397.692085 9.200552 
59397.723867 9.258358 
59397.755649 9.316768 
59397.787431 9.375756 
59397.819213 9.435298 
59397.850995 9.495367 
59397.882777 9.555937 
59397.914559 9.616982 
59397.946341 9.678473 
59397.978123 9.740385 
59398.009905 9.802689 
59398.041687 9.865357 
59398.073468 9.928362 
59398.105250 9.991675 
59398.137032 10.055267 
59398.168814 10.119109 
59398.200596 10.183172 
59398.232378 10.247427 
59398.264160 10.311844 
59398.295942 10.376394 
59398.327724 10.441047 
59398.359506 10.505773 
59398.391288 10.570542 
59398.423070 10.635324 
59398.454852 10.700088 
59398.486634 10.764805 
59398.518416 10.829444 
59398.550198 10.893975 
59398.581980 10.958367 
59398.613762 11.022591 
59398.645544 11.086616 
59398.677326 11.150411 
59398.709108 11.213948 
59398.740890 11.277195 
59398.772672 11.340123 
59398.804454 11.402703 
59398.836236 11.464904 
59398.868018 11.526696 
59398.899800 11.588052 
59398.931582 11.648941 
59398.963364 11.709334 
59398.995146 11.769204 
59399.026928 11.828521 
59399.058710 11.887258 
59399.090492 11.945386 
59399.122274 12.002878 
59399.154056 12.059707 
59399.185838 12.115846 
59399.217620 12.171269 
59399.249402 12.225948 
59399.281184 12.279858 
59399.312966 12.332975 
59399.344748 12.385272 
59399.376530 12.436726 
59399.408312 12.487311 
59399.440094 12.537006 
59399.471876 12.585785 
59399.503658 12.633627 
59399.535440 12.680509 
59399.567222 12.726409 
59399.599004 12.771307 
59399.630786 12.815182 
59399.662568 12.858013 
59399.694350 12.899781 
59399.726132 12.940468 
59399.757914 12.980054 
59399.789696 13.018522 
59399.821478 13.055855 
59399.853260 13.092036 
59399.885042 13.127049 
59399.916824 13.160879 
59399.948606 13.193511 
59399.980388 13.224932 
59400.012170 13.255128 
59400.043952 13.284086 
59400.075734 13.311795 
59400.107516 13.338243 
59400.139298 13.363419 
59400.171080 13.387314 
59400.202862 13.409918 
59400.234644 13.431223 
59400.266426 13.451222 
59400.298208 13.469906 
59400.329990 13.487270 
59400.361772 13.503309 
59400.393554 13.518017 
59400.425336 13.531390 
59400.457118 13.543424 
59400.488900 13.554118 
59400.520682 13.563469 
59400.552464 13.571476 
59400.584246 13.578139 
59400.616028 13.583457 
59400.647810 13.587432 
59400.679592 13.590066 
59400.711374 13.591360 
59400.743156 13.591319 
59400.774937 13.589946 
59400.806719 13.587246 
59400.838501 13.583224 
59400.870283 13.577887 
59400.902065 13.571240 
59400.933847 13.563293 
59400.965629 13.554052 
59400.997411 13.543527 
59401.029193 13.531727 
59401.060975 13.518663 
59401.092757 13.504346 
59401.124539 13.488787 
59401.156321 13.471999 
59401.188103 13.453994 
59401.219885 13.434787 
59401.251667 13.414391 
59401.283449 13.392821 
59401.315231 13.370093 
59401.347013 13.346223 
59401.378795 13.321228 
59401.410577 13.295124 
59401.442359 13.267929 
59401.474141 13.239663 
59401.505923 13.210344 
59401.537705 13.179991 
59401.569487 13.148624 
59401.601269 13.116264 
59401.633051 13.082932 
59401.664833 13.048650 
59401.696615 13.013438 
59401.728397 12.977320 
59401.760179 12.940319 
59401.791961 12.902458 
59401.823743 12.863759 
59401.855525 12.824249 
59401.887307 12.783950 
59401.919089 12.742888 
59401.950871 12.701088 
59401.982653 12.658575 
59402.014435 12.615375 
59402.046217 12.571514 
59402.077999 12.527019 
59402.109781 12.481915 
59402.141563 12.436231 
59402.173345 12.389993 
59402.205127 12.343229 
59402.236909 12.295965 
59402.268691 12.248230 
59402.300473 12.200051 
59402.332255 12.151457 
59402.364037 12.102475 
59402.395819 12.053134 
59402.427601 12.003462 
59402.459383 11.953487 
59402.491165 11.903238 
59402.522947 11.852744 
59402.554729 11.802032 
59402.586511 11.751131 
59402.618293 11.700070 
59402.650075 11.648878 
59402.681857 11.597581 
59402.713639 11.546210 
59402.745421 11.494791 
59402.777203 11.443354 
59402.808985 11.391926 
59402.840767 11.340535 
59402.872549 11.289208 
59402.904331 11.237974 
59402.936113 11.186859 
59402.967895 11.135891 
59402.999677 11.085097 
59403.031459 11.034502 
59403.063241 10.984135 
59403.095023 10.934020 
59403.126805 10.884184 
59403.158587 10.834653 
59403.190369 10.785451 
59403.222151 10.736603 
59403.253933 10.688134 
59403.285715 10.640069 
59403.317497 10.592431 
59403.349279 10.545244 
59403.381061 10.498530 
59403.412843 10.452313 
59403.444624 10.406614 
59403.476406 10.361456 
59403.508188 10.316860 
59403.539970 10.272846 
59403.571752 10.229436 
59403.603534 10.186648 
59403.635316 10.144504 
59403.667098 10.103021 
59403.698880 10.062218 
59403.730662 10.022113 
59403.762444 9.982723 
59403.794226 9.944066 
59403.826008 9.906157 
59403.857790 9.869012 
59403.889572 9.832647 
59403.921354 9.797077 
59403.953136 9.762314 
59403.984918 9.728374 
59404.016700 9.695268 
59404.048482 9.663009 
59404.080264 9.631608 
59404.112046 9.601077 
59404.143828 9.571427 
59404.175610 9.542667 
59404.207392 9.514806 
59404.239174 9.487854 
59404.270956 9.461817 
59404.302738 9.436704 
59404.334520 9.412522 
59404.366302 9.389276 
59404.398084 9.366972 
59404.429866 9.345615 
59404.461648 9.325209 
59404.493430 9.305759 
59404.525212 9.287267 
59404.556994 9.269735 
59404.588776 9.253166 
59404.620558 9.237561 
59404.652340 9.222919 
59404.684122 9.209242 
59404.715904 9.196529 
59404.747686 9.184778 
59404.779468 9.173988 
59404.811250 9.164156 
59404.843032 9.155279 
59404.874814 9.147354 
59404.906596 9.140377 
59404.938378 9.134343 
59404.970160 9.129246 
59405.001942 9.125081 
59405.033724 9.121841 
59405.065506 9.119520 
59405.097288 9.118110 
59405.129070 9.117603 
59405.160852 9.117990 
59405.192634 9.119264 
59405.224416 9.121413 
59405.256198 9.124429 
59405.287980 9.128301 
59405.319762 9.133018 
59405.351544 9.138568 
59405.383326 9.144940 
59405.415108 9.152121 
59405.446890 9.160100 
59405.478672 9.168862 
59405.510454 9.178395 
59405.542236 9.188685 
59405.574018 9.199717 
59405.605800 9.211476 
59405.637582 9.223949 
59405.669364 9.237120 
59405.701146 9.250972 
59405.732928 9.265492 
59405.764710 9.280661 
59405.796492 9.296464 
59405.828274 9.312884 
59405.860056 9.329904 
59405.891838 9.347507 
59405.923620 9.365676 
59405.955402 9.384393 
59405.987184 9.403640 
59406.018966 9.423399 
59406.050748 9.443653 
59406.082530 9.464382 
59406.114312 9.485568 
59406.146093 9.507193 
59406.177875 9.529239 
59406.209657 9.551685 
59406.241439 9.574515 
59406.273221 9.597708 
59406.305003 9.621246 
59406.336785 9.645110 
59406.368567 9.669281 
59406.400349 9.693739 
59406.432131 9.718467 
59406.463913 9.743445 
59406.495695 9.768654 
59406.527477 9.794075 
59406.559259 9.819690 
59406.591041 9.845480 
59406.622823 9.871426 
59406.654605 9.897510 
59406.686387 9.923713 
59406.718169 9.950018 
59406.749951 9.976405 
59406.781733 10.002859 
59406.813515 10.029359 
59406.845297 10.055890 
59406.877079 10.082433 
59406.908861 10.108972 
59406.940643 10.135490 
59406.972425 10.161970 
59407.004207 10.188395 
59407.035989 10.214750 
59407.067771 10.241019 
59407.099553 10.267185 
59407.131335 10.293234 
59407.163117 10.319152 
59407.194899 10.344922 
59407.226681 10.370531 
59407.258463 10.395964 
59407.290245 10.421209 
59407.322027 10.446251 
59407.353809 10.471078 
59407.385591 10.495677 
59407.417373 10.520035 
59407.449155 10.544142 
59407.480937 10.567986 
59407.512719 10.591554 
59407.544501 10.614838 
59407.576283 10.637826 
59407.608065 10.660509 
59407.639847 10.682877 
59407.671629 10.704921 
59407.703411 10.726633 
59407.735193 10.748004 
59407.766975 10.769028 
59407.798757 10.789695 
59407.830539 10.810001 
59407.862321 10.829938 
59407.894103 10.849500 
59407.925885 10.868682 
59407.957667 10.887479 
59407.989449 10.905886 
59408.021231 10.923900 
59408.053013 10.941516 
59408.084795 10.958731 
59408.116577 10.975543 
59408.148359 10.991949 
59408.180141 11.007947 
59408.211923 11.023537 
59408.243705 11.038717 
59408.275487 11.053486 
59408.307269 11.067844 
59408.339051 11.081793 
59408.370833 11.095332 
59408.402615 11.108463 
59408.434397 11.121188 
59408.466179 11.133509 
59408.497961 11.145427 
59408.529743 11.156948 
59408.561525 11.168073 
59408.593307 11.178806 
59408.625089 11.189152 
59408.656871 11.199116 
59408.688653 11.208701 
59408.720435 11.217914 
59408.752217 11.226761 
59408.783999 11.235247 
59408.815781 11.243379 
59408.847562 11.251164 
59408.879344 11.258608 
59408.911126 11.265720 
59408.942908 11.272508 
59408.974690 11.278978 
59409.006472 11.285141 
59409.038254 11.291004 
59409.070036 11.296577 
59409.101818 11.301869 
59409.133600 11.306890 
59409.165382 11.311649 
59409.197164 11.316157 
59409.228946 11.320424 
59409.260728 11.324460 
59409.292510 11.328277 
59409.324292 11.331885 
59409.356074 11.335297 
59409.387856 11.338522 
59409.419638 11.341573 
59409.451420 11.344461 
59409.483202 11.347199 
59409.514984 11.349798 
59409.546766 11.352270 
59409.578548 11.354629 
59409.610330 11.356885 
59409.642112 11.359052 
59409.673894 11.361143 
59409.705676 11.363169 
59409.737458 11.365144 
59409.769240 11.367080 
59409.801022 11.368990 
59409.832804 11.370887 
59409.864586 11.372783 
59409.896368 11.374692 
59409.928150 11.376625 
59409.959932 11.378597 
59409.991714 11.380619 
59410.023496 11.382704 
59410.055278 11.384865 
59410.087060 11.387114 
59410.118842 11.389463 
59410.150624 11.391926 
59410.182406 11.394514 
59410.214188 11.397238 
59410.245970 11.400112 
59410.277752 11.403147 
59410.309534 11.406354 
59410.341316 11.409745 
59410.373098 11.413331 
59410.404880 11.417124 
59410.436662 11.421134 
59410.468444 11.425372 
59410.500226 11.429848 
59410.532008 11.434573 
59410.563790 11.439557 
59410.595572 11.444809 
59410.627354 11.450339 
59410.659136 11.456157 
59410.690918 11.462270 
59410.722700 11.468688 
59410.754482 11.475420 
59410.786264 11.482473 
59410.818046 11.489855 
59410.849828 11.497574 
59410.881610 11.505636 
59410.913392 11.514049 
59410.945174 11.522819 
59410.976956 11.531953 
59411.008738 11.541456 
59411.040520 11.551333 
59411.072302 11.561590 
59411.104084 11.572232 
59411.135866 11.583262 
59411.167648 11.594685 
59411.199430 11.606505 
59411.231212 11.618725 
59411.262994 11.631347 
59411.294776 11.644374 
59411.326558 11.657809 
59411.358340 11.671653 
59411.390122 11.685908 
59411.421904 11.700573 
59411.453686 11.715651 
59411.485468 11.731141 
59411.517250 11.747042 
59411.549031 11.763355 
59411.580813 11.780078 
59411.612595 11.797210 
59411.644377 11.814749 
59411.676159 11.832692 
59411.707941 11.851038 
59411.739723 11.869783 
59411.771505 11.888923 
59411.803287 11.908456 
59411.835069 11.928376 
59411.866851 11.948680 
59411.898633 11.969362 
59411.930415 11.990417 
59411.962197 12.011840 
59411.993979 12.033624 
59412.025761 12.055762 
59412.057543 12.078250 
59412.089325 12.101078 
59412.121107 12.124240 
59412.152889 12.147727 
59412.184671 12.171533 
59412.216453 12.195647 
59412.248235 12.220063 
59412.280017 12.244769 
59412.311799 12.269758 
59412.343581 12.295018 
59412.375363 12.320541 
59412.407145 12.346316 
59412.438927 12.372332 
59412.470709 12.398579 
59412.502491 12.425045 
59412.534273 12.451719 
59412.566055 12.478589 
59412.597837 12.505644 
59412.629619 12.532871 
59412.661401 12.560258 
59412.693183 12.587793 
59412.724965 12.615462 
59412.756747 12.643254 
59412.788529 12.671155 
59412.820311 12.699151 
59412.852093 12.727229 
59412.883875 12.755376 
59412.915657 12.783578 
59412.947439 12.811821 
59412.979221 12.840092 
59413.011003 12.868375 
59413.042785 12.896658 
59413.074567 12.924925 
59413.106349 12.953163 
59413.138131 12.981357 
59413.169913 13.009493 
59413.201695 13.037556 
59413.233477 13.065532 
59413.265259 13.093406 
59413.297041 13.121164 
59413.328823 13.148791 
59413.360605 13.176274 
59413.392387 13.203596 
59413.424169 13.230745 
59413.455951 13.257705 
59413.487733 13.284463 
59413.519515 13.311004 
59413.551297 13.337314 
59413.583079 13.363379 
59413.614861 13.389185 
59413.646643 13.414718 
59413.678425 13.439965 
59413.710207 13.464912 
59413.741989 13.489546 
59413.773771 13.513853 
59413.805553 13.537820 
59413.837335 13.561435 
59413.869117 13.584684 
59413.900899 13.607556 
59413.932681 13.630038 
59413.964463 13.652117 
59413.996245 13.673783 
59414.028027 13.695023 
59414.059809 13.715826 
59414.091591 13.736181 
59414.123373 13.756077 
59414.155155 13.775503 
59414.186937 13.794450 
59414.218719 13.812907 
59414.250500 13.830865 
59414.282282 13.848314 
59414.314064 13.865244 
59414.345846 13.881648 
59414.377628 13.897517 
59414.409410 13.912842 
59414.441192 13.927616 
59414.472974 13.941832 
59414.504756 13.955481 
59414.536538 13.968558 
59414.568320 13.981056 
59414.600102 13.992969 
59414.631884 14.004292 
59414.663666 14.015018 
59414.695448 14.025143 
59414.727230 14.034663 
59414.759012 14.043573 
59414.790794 14.051869 
59414.822576 14.059548 
59414.854358 14.066608 
59414.886140 14.073045 
59414.917922 14.078856 
59414.949704 14.084041 
59414.981486 14.088598 
59415.013268 14.092525 
59415.045050 14.095822 
59415.076832 14.098489 
59415.108614 14.100526 
59415.140396 14.101933 
59415.172178 14.102710 
59415.203960 14.102860 
59415.235742 14.102384 
59415.267524 14.101285 
59415.299306 14.099563 
59415.331088 14.097223 
59415.362870 14.094267 
59415.394652 14.090699 
59415.426434 14.086523 
59415.458216 14.081743 
59415.489998 14.076364 
59415.521780 14.070391 
59415.553562 14.063829 
59415.585344 14.056683 
59415.617126 14.048961 
59415.648908 14.040668 
59415.680690 14.031811 
59415.712472 14.022398 
59415.744254 14.012435 
59415.776036 14.001930 
59415.807818 13.990891 
59415.839600 13.979327 
59415.871382 13.967245 
59415.903164 13.954656 
59415.934946 13.941568 
59415.966728 13.927990 
59415.998510 13.913933 
59416.030292 13.899405 
59416.062074 13.884418 
59416.093856 13.868982 
59416.125638 13.853107 
59416.157420 13.836804 
59416.189202 13.820084 
59416.220984 13.802959 
59416.252766 13.785440 
59416.284548 13.767538 
59416.316330 13.749266 
59416.348112 13.730634 
59416.379894 13.711656 
59416.411676 13.692344 
59416.443458 13.672710 
59416.475240 13.652766 
59416.507022 13.632525 
59416.538804 13.611999 
59416.570586 13.591202 
59416.602368 13.570146 
59416.634150 13.548844 
59416.665932 13.527309 
59416.697714 13.505553 
59416.729496 13.483591 
59416.761278 13.461435 
59416.793060 13.439097 
59416.824842 13.416592 
59416.856624 13.393931 
59416.888406 13.371129 
59416.920188 13.348197 
59416.951969 13.325148 
59416.983751 13.301997 
59417.015533 13.278754 
59417.047315 13.255433 
59417.079097 13.232047 
59417.110879 13.208608 
59417.142661 13.185127 
59417.174443 13.161619 
59417.206225 13.138093 
59417.238007 13.114563 
59417.269789 13.091041 
59417.301571 13.067537 
59417.333353 13.044063 
59417.365135 13.020631 
59417.396917 12.997251 
59417.428699 12.973934 
59417.460481 12.950691 
59417.492263 12.927533 
59417.524045 12.904469 
59417.555827 12.881509 
59417.587609 12.858664 
59417.619391 12.835941 
59417.651173 12.813352 
59417.682955 12.790903 
59417.714737 12.768605 
59417.746519 12.746465 
59417.778301 12.724491 
59417.810083 12.702691 
59417.841865 12.681072 
59417.873647 12.659642 
59417.905429 12.638406 
59417.937211 12.617372 
59417.968993 12.596545 
59418.000775 12.575931 
59418.032557 12.555536 
59418.064339 12.535365 
59418.096121 12.515421 
59418.127903 12.495710 
59418.159685 12.476235 
59418.191467 12.457000 
59418.223249 12.438008 
59418.255031 12.419263 
59418.286813 12.400765 
59418.318595 12.382518 
59418.350377 12.364523 
59418.382159 12.346781 
59418.413941 12.329294 
59418.445723 12.312061 
59418.477505 12.295083 
59418.509287 12.278360 
59418.541069 12.261891 
59418.572851 12.245674 
59418.604633 12.229710 
59418.636415 12.213995 
59418.668197 12.198527 
59418.699979 12.183305 
59418.731761 12.168325 
59418.763543 12.153583 
59418.795325 12.139077 
59418.827107 12.124801 
59418.858889 12.110752 
59418.890671 12.096925 
59418.922453 12.083314 
59418.954235 12.069914 
59418.986017 12.056720 
59419.017799 12.043724 
59419.049581 12.030920 
59419.081363 12.018302 
59419.113145 12.005862 
59419.144927 11.993593 
59419.176709 11.981487 
59419.208491 11.969534 
59419.240273 11.957728 
59419.272055 11.946059 
59419.303837 11.934518 
59419.335619 11.923096 
59419.367401 11.911782 
59419.399183 11.900568 
59419.430965 11.889443 
59419.462747 11.878395 
59419.494529 11.867416 
59419.526311 11.856493 
59419.558093 11.845616 
59419.589875 11.834773 
59419.621656 11.823952 
59419.653438 11.813143 
59419.685220 11.802332 
59419.717002 11.791508 
59419.748784 11.780659 
59419.780566 11.769771 
59419.812348 11.758833 
59419.844130 11.747832 
59419.875912 11.736754 
59419.907694 11.725587 
59419.939476 11.714318 
59419.971258 11.702933 
59420.003040 11.691420 
59420.034822 11.679765 
59420.066604 11.667955 
59420.098386 11.655976 
59420.130168 11.643814 
59420.161950 11.631458 
59420.193732 11.618892 
59420.225514 11.606104 
59420.257296 11.593080 
59420.289078 11.579807 
59420.320860 11.566271 
59420.352642 11.552460 
59420.384424 11.538359 
59420.416206 11.523956 
59420.447988 11.509238 
59420.479770 11.494192 
59420.511552 11.478805 
59420.543334 11.463063 
59420.575116 11.446956 
59420.606898 11.430470 
59420.638680 11.413593 
59420.670462 11.396312 
59420.702244 11.378617 
59420.734026 11.360495 
59420.765808 11.341935 
59420.797590 11.322926 
59420.829372 11.303456 
59420.861154 11.283515 
59420.892936 11.263092 
59420.924718 11.242177 
59420.956500 11.220760 
59420.988282 11.198831 
59421.020064 11.176381 
59421.051846 11.153400 
59421.083628 11.129880 
59421.115410 11.105813 
59421.147192 11.081190 
59421.178974 11.056003 
59421.210756 11.030245 
59421.242538 11.003908 
59421.274320 10.976987 
59421.306102 10.949474 
59421.337884 10.921364 
59421.369666 10.892651 
59421.401448 10.863330 
59421.433230 10.833396 
59421.465012 10.802845 
59421.496794 10.771672 
59421.528576 10.739874 
59421.560358 10.707449 
59421.592140 10.674392 
59421.623922 10.640703 
59421.655704 10.606379 
59421.687486 10.571419 
59421.719268 10.535822 
59421.751050 10.499587 
59421.782832 10.462715 
59421.814614 10.425205 
59421.846396 10.387060 
59421.878178 10.348280 
59421.909960 10.308867 
59421.941742 10.268823 
59421.973524 10.228152 
59422.005306 10.186857 
59422.037088 10.144941 
59422.068870 10.102408 
59422.100652 10.059263 
59422.132434 10.015512 
59422.164216 9.971161 
59422.195998 9.926214 
59422.227780 9.880679 
59422.259562 9.834563 
59422.291344 9.787873 
59422.323125 9.740618 
59422.354907 9.692806 
59422.386689 9.644445 
59422.418471 9.595546 
59422.450253 9.546117 
59422.482035 9.496169 
59422.513817 9.445714 
59422.545599 9.394761 
59422.577381 9.343323 
59422.609163 9.291411 
59422.640945 9.239038 
59422.672727 9.186218 
59422.704509 9.132961 
59422.736291 9.079284 
59422.768073 9.025199 
59422.799855 8.970721 
59422.831637 8.915865 
59422.863419 8.860646 
59422.895201 8.805079 
59422.926983 8.749180 
59422.958765 8.692965 
59422.990547 8.636451 
59423.022329 8.579656 
59423.054111 8.522594 
59423.085893 8.465285 
59423.117675 8.407747 
59423.149457 8.349996 
59423.181239 8.292051 
59423.213021 8.233931 
59423.244803 8.175655 
59423.276585 8.117241 
59423.308367 8.058709 
59423.340149 8.000078 
59423.371931 7.941368 
59423.403713 7.882599 
59423.435495 7.823790 
59423.467277 7.764963 
59423.499059 7.706136 
59423.530841 7.647331 
59423.562623 7.588568 
59423.594405 7.529868 
59423.626187 7.471251 
59423.657969 7.412739 
59423.689751 7.354352 
59423.721533 7.296111 
59423.753315 7.238037 
59423.785097 7.180151 
59423.816879 7.122474 
59423.848661 7.065028 
59423.880443 7.007833 
59423.912225 6.950910 
59423.944007 6.894280 
59423.975789 6.837963 
59424.007571 6.781982 
59424.039353 6.726356 
59424.071135 6.671106 
59424.102917 6.616252 
59424.134699 6.561815 
59424.166481 6.507815 
59424.198263 6.454271 
59424.230045 6.401205 
59424.261827 6.348635 
59424.293609 6.296581 
59424.325391 6.245062 
59424.357173 6.194098 
59424.388955 6.143706 
59424.420737 6.093906 
59424.452519 6.044716 
59424.484301 5.996154 
59424.516083 5.948237 
59424.547865 5.900982 
59424.579647 5.854408 
59424.611429 5.808531 
59424.643211 5.763366 
59424.674993 5.718930 
59424.706775 5.675239 
59424.738557 5.632309 
59424.770339 5.590153 
59424.802121 5.548786 
59424.833903 5.508223 
59424.865685 5.468477 
59424.897467 5.429562 
59424.929249 5.391489 
59424.961031 5.354272 
59424.992813 5.317923 
59425.024594 5.282452 
59425.056376 5.247871 
59425.088158 5.214191 
59425.119940 5.181420 
59425.151722 5.149569 
59425.183504 5.118647 
59425.215286 5.088661 
59425.247068 5.059621 
59425.278850 5.031532 
59425.310632 5.004403 
59425.342414 4.978239 
59425.374196 4.953046 
59425.405978 4.928830 
59425.437760 4.905594 
59425.469542 4.883343 
59425.501324 4.862081 
59425.533106 4.841810 
59425.564888 4.822534 
59425.596670 4.804252 
59425.628452 4.786968 
59425.660234 4.770680 
59425.692016 4.755391 
59425.723798 4.741098 
59425.755580 4.727801 
59425.787362 4.715498 
59425.819144 4.704187 
59425.850926 4.693865 
59425.882708 4.684529 
59425.914490 4.676174 
59425.946272 4.668796 
59425.978054 4.662389 
59426.009836 4.656948 
59426.041618 4.652467 
59426.073400 4.648939 
59426.105182 4.646356 
59426.136964 4.644709 
59426.168746 4.643992 
59426.200528 4.644193 
59426.232310 4.645304 
59426.264092 4.647315 
59426.295874 4.650214 
59426.327656 4.653991 
59426.359438 4.658633 
59426.391220 4.664128 
59426.423002 4.670463 
59426.454784 4.677624 
59426.486566 4.685599 
59426.518348 4.694372 
59426.550130 4.703929 
59426.581912 4.714254 
59426.613694 4.725332 
59426.645476 4.737146 
59426.677258 4.749679 
59426.709040 4.762916 
59426.740822 4.776837 
59426.772604 4.791425 
59426.804386 4.806661 
59426.836168 4.822528 
59426.867950 4.839005 
59426.899732 4.856074 
59426.931514 4.873714 
59426.963296 4.891906 
59426.995078 4.910628 
59427.026860 4.929860 
59427.058642 4.949581 
59427.090424 4.969770 
59427.122206 4.990404 
59427.153988 5.011462 
59427.185770 5.032922 
59427.217552 5.054760 
59427.249334 5.076955 
59427.281116 5.099484 
59427.312898 5.122323 
59427.344680 5.145449 
59427.376462 5.168840 
59427.408244 5.192470 
59427.440026 5.216317 
59427.471808 5.240357 
59427.503590 5.264566 
59427.535372 5.288920 
59427.567154 5.313394 
59427.598936 5.337966 
59427.630718 5.362609 
59427.662500 5.387301 
59427.694282 5.412017 
59427.726063 5.436733 
59427.757845 5.461425 
59427.789627 5.486068 
59427.821409 5.510639 
59427.853191 5.535113 
59427.884973 5.559466 
59427.916755 5.583675 
59427.948537 5.607715 
59427.980319 5.631564 
59428.012101 5.655197 
59428.043883 5.678592 
59428.075665 5.701725 
59428.107447 5.724573 
59428.139229 5.747113 
59428.171011 5.769323 
59428.202793 5.791180 
59428.234575 5.812663 
59428.266357 5.833749 
59428.298139 5.854418 
59428.329921 5.874646 
59428.361703 5.894415 
59428.393485 5.913702 
59428.425267 5.932488 
59428.457049 5.950753 
59428.488831 5.968477 
59428.520613 5.985640 
59428.552395 6.002224 
59428.584177 6.018210 
59428.615959 6.033580 
59428.647741 6.048316 
59428.679523 6.062402 
59428.711305 6.075819 
59428.743087 6.088552 
59428.774869 6.100584 
59428.806651 6.111901 
59428.838433 6.122486 
59428.870215 6.132326 
59428.901997 6.141407 
59428.933779 6.149714 
59428.965561 6.157235 
59428.997343 6.163956 
59429.029125 6.169867 
59429.060907 6.174956 
59429.092689 6.179211 
59429.124471 6.182622 
59429.156253 6.185179 
59429.188035 6.186873 
59429.219817 6.187695 
59429.251599 6.187637 
59429.283381 6.186692 
59429.315163 6.184851 
59429.346945 6.182110 
59429.378727 6.178461 
59429.410509 6.173900 
59429.442291 6.168422 
59429.474073 6.162022 
59429.505855 6.154698 
59429.537637 6.146445 
59429.569419 6.137263 
59429.601201 6.127149 
59429.632983 6.116102 
59429.664765 6.104121 
59429.696547 6.091207 
59429.728329 6.077361 
59429.760111 6.062582 
59429.791893 6.046874 
59429.823675 6.030239 
59429.855457 6.012680 
59429.887239 5.994200 
59429.919021 5.974803 
59429.950803 5.954496 
59429.982585 5.933281 
59430.014367 5.911167 
59430.046149 5.888159 
59430.077931 5.864264 
59430.109713 5.839491 
59430.141495 5.813846 
59430.173277 5.787340 
59430.205059 5.759981 
59430.236841 5.731778 
59430.268623 5.702744 
59430.300405 5.672888 
59430.332187 5.642221 
59430.363969 5.610756 
59430.395751 5.578505 
59430.427532 5.545481 
59430.459314 5.511698 
59430.491096 5.477168 
59430.522878 5.441907 
59430.554660 5.405930 
59430.586442 5.369250 
59430.618224 5.331885 
59430.650006 5.293850 
59430.681788 5.255162 
59430.713570 5.215837 
59430.745352 5.175893 
59430.777134 5.135348 
59430.808916 5.094219 
59430.840698 5.052525 
59430.872480 5.010284 
59430.904262 4.967516 
59430.936044 4.924239 
59430.967826 4.880475 
59430.999608 4.836241 
59431.031390 4.791560 
59431.063172 4.746451 
59431.094954 4.700935 
59431.126736 4.655032 
59431.158518 4.608765 
59431.190300 4.562155 
59431.222082 4.515223 
59431.253864 4.467990 
59431.285646 4.420480 
59431.317428 4.372714 
59431.349210 4.324714 
59431.380992 4.276504 
59431.412774 4.228104 
59431.444556 4.179538 
59431.476338 4.130829 
59431.508120 4.082000 
59431.539902 4.033072 
59431.571684 3.984070 
59431.603466 3.935015 
59431.635248 3.885931 
59431.667030 3.836841 
59431.698812 3.787768 
59431.730594 3.738734 
59431.762376 3.689762 
59431.794158 3.640875 
59431.825940 3.592096 
59431.857722 3.543448 
59431.889504 3.494952 
59431.921286 3.446631 
59431.953068 3.398507 
59431.984850 3.350603 
59432.016632 3.302941 
59432.048414 3.255542 
59432.080196 3.208427 
59432.111978 3.161619 
59432.143760 3.115138 
59432.175542 3.069006 
59432.207324 3.023243 
59432.239106 2.977870 
59432.270888 2.932907 
59432.302670 2.888374 
59432.334452 2.844290 
59432.366234 2.800676 
59432.398016 2.757549 
59432.429798 2.714930 
59432.461580 2.672837 
59432.493362 2.631287 
59432.525144 2.590299 
59432.556926 2.549890 
59432.588708 -0.000483 
