# time Tc_folded Tref_folded value value_err offset model full_model val_compare val_compare_err residuals residuals_err jitter jitter_flag offset_flag subset_flag 
59334.700184 25.856301 0.000000 12.513036 0.102000 9.857991 0.194280 10.900000 1.807316 0.102000 1.613036 0.102000 1.521186  -1   2  -1 
59334.703954 25.860071 0.000067 12.338036 0.102000 9.857991 0.195341 10.901994 1.631383 0.102000 1.436042 0.102000 1.521186  -1   2  -1 
59334.711459 25.867576 0.000200 11.786036 0.102000 9.857991 0.197452 10.905987 1.077501 0.102000 0.880049 0.102000 1.521186  -1   2  -1 
59334.934601 26.090718 0.004160 12.027445 0.113000 10.022383 0.259807 11.201564 1.085688 0.113000 0.825881 0.113000 1.521186  -1   3  -1 
59334.935678 26.091795 0.004179 9.957445 0.113000 10.022383 0.260106 11.202248 -0.984696 0.113000 -1.244803 0.113000 1.521186  -1   3  -1 
59334.936754 26.092871 0.004198 9.409445 0.113000 10.022383 0.260405 11.202931 -1.533081 0.113000 -1.793486 0.113000 1.521186  -1   3  -1 
59336.069824 27.225941 0.024304 9.820445 0.117000 10.022383 0.563428 11.930046 -1.546174 0.117000 -2.109601 0.117000 1.521186  -1   3  -1 
59336.071983 27.228100 0.024342 12.385445 0.117000 10.022383 0.563982 11.931070 1.018357 0.117000 0.454375 0.117000 1.521186  -1   3  -1 
59336.073065 27.229182 0.024361 11.459445 0.117000 10.022383 0.564259 11.931581 0.092123 0.117000 -0.472136 0.117000 1.521186  -1   3  -1 
59336.087932 27.244049 0.024625 12.299016 0.109000 8.353599 0.568070 10.269765 2.597321 0.109000 2.029251 0.109000 1.521186  -1   0  -1 
59336.113567 27.269684 0.025080 11.451016 0.109000 8.353599 0.574630 10.281493 1.744153 0.109000 1.169523 0.109000 1.521186  -1   0  -1 
59336.116529 27.272646 0.025132 10.632016 0.109000 8.353599 0.575387 10.282825 0.924578 0.109000 0.349191 0.109000 1.521186  -1   0  -1 
59337.794690 -27.404445 0.054911 11.758036 0.103000 9.857991 0.973506 11.737817 0.993725 0.103000 0.020219 0.103000 1.521186  -1   2  -1 
59337.802213 -27.396922 0.055044 11.947036 0.103000 9.857991 0.975145 11.735034 1.187147 0.103000 0.212002 0.103000 1.521186  -1   2  -1 
59337.805964 -27.393171 0.055111 11.783036 0.103000 9.857991 0.975962 11.733644 1.025354 0.103000 0.049392 0.103000 1.521186  -1   2  -1 
59338.101617 -27.097518 0.060357 12.022016 0.109000 8.353599 1.039282 10.116876 2.944422 0.109000 1.905140 0.109000 1.521186  -1   0  -1 
59338.106766 -27.092369 0.060448 11.620016 0.110000 8.353599 1.040366 10.114912 2.545470 0.110000 1.505104 0.110000 1.521186  -1   0  -1 
59338.111894 -27.087241 0.060539 11.480016 0.110000 8.353599 1.041445 10.112958 2.408503 0.110000 1.367058 0.110000 1.521186  -1   0  -1 
59340.098120 -25.101015 0.095784 7.644445 0.116000 10.022383 1.410769 11.400046 -2.344832 0.116000 -3.755601 0.116000 1.521186  -1   3  -1 
59340.099194 -25.099941 0.095803 10.253445 0.117000 10.022383 1.410942 11.400002 0.264385 0.117000 -1.146557 0.117000 1.521186  -1   3  -1 
59340.101354 -25.097781 0.095841 9.977445 0.116000 10.022383 1.411290 11.399914 -0.011179 0.116000 -1.422469 0.116000 1.521186  -1   3  -1 
59340.125153 -25.073982 0.096264 10.201016 0.104000 8.353599 1.415120 9.730152 1.885984 0.104000 0.470864 0.104000 1.521186  -1   0  -1 
59340.134329 -25.064806 0.096427 10.066016 0.104000 8.353599 1.416593 9.729770 1.752839 0.104000 0.336246 0.104000 1.521186  -1   0  -1 
59340.148161 -25.050974 0.096672 9.340016 0.104000 8.353599 1.418809 9.729189 1.029636 0.104000 -0.389173 0.104000 1.521186  -1   0  -1 
59341.954385 -23.244750 0.128723 12.591445 0.119000 10.022383 1.667721 11.058856 3.200310 0.119000 1.532589 0.119000 1.521186  -1   3  -1 
59341.957620 -23.241515 0.128780 11.846445 0.119000 10.022383 1.668096 11.057784 2.456757 0.119000 0.788661 0.119000 1.521186  -1   3  -1 
59341.958695 -23.240440 0.128799 11.125445 0.119000 10.022383 1.668221 11.057428 1.736237 0.119000 0.068017 0.119000 1.521186  -1   3  -1 
59341.996746 -23.202389 0.129474 9.912016 0.107000 8.353599 1.672607 9.376020 2.208604 0.107000 0.535996 0.107000 1.521186  -1   0  -1 
59342.000684 -23.198451 0.129544 11.168016 0.107000 8.353599 1.673059 9.374711 3.466364 0.107000 1.793305 0.107000 1.521186  -1   0  -1 
59343.674792 -21.524343 0.159251 12.265036 0.104000 9.857991 1.832293 10.608203 3.489125 0.104000 1.656833 0.104000 1.521186  -1   2  -1 
59343.682301 -21.516834 0.159384 11.495036 0.104000 9.857991 1.832862 10.609283 2.718615 0.104000 0.885753 0.104000 1.521186  -1   2  -1 
59343.689815 -21.509320 0.159517 11.638036 0.104000 9.857991 1.833431 10.610387 2.861080 0.104000 1.027649 0.104000 1.521186  -1   2  -1 
59344.038460 -21.160675 0.165704 9.612016 0.106000 8.353599 1.858428 9.182901 2.287543 0.106000 0.429115 0.106000 1.521186  -1   0  -1 
59344.047124 -21.152011 0.165857 9.678016 0.105000 8.353599 1.859015 9.185419 2.351612 0.105000 0.492597 0.105000 1.521186  -1   0  -1 
59344.054785 -21.144350 0.165993 9.704016 0.105000 8.353599 1.859533 9.187667 2.375881 0.105000 0.516349 0.105000 1.521186  -1   0  -1 
59344.090520 -21.108615 0.166628 10.762445 0.117000 10.022383 1.861930 10.867220 1.757155 0.117000 -0.104775 0.117000 1.521186  -1   3  -1 
59344.093753 -21.105382 0.166685 10.331445 0.117000 10.022383 1.862146 10.868216 1.325374 0.117000 -0.536771 0.117000 1.521186  -1   3  -1 
59344.094826 -21.104309 0.166704 12.097445 0.117000 10.022383 1.862217 10.868548 3.091114 0.117000 1.228897 0.117000 1.521186  -1   3  -1 
59345.052239 -20.146896 0.183693 9.690016 0.106000 8.353599 1.916055 9.606866 1.999205 0.106000 0.083150 0.106000 1.521186  -1   0  -1 
59345.054836 -20.144299 0.183739 9.351016 0.106000 8.353599 1.916174 9.608121 1.659070 0.106000 -0.257105 0.106000 1.521186  -1   0  -1 
59345.062635 -20.136500 0.183877 9.182016 0.105000 8.353599 1.916532 9.611887 1.486661 0.105000 -0.429871 0.105000 1.521186  -1   0  -1 
59348.691508 -16.507627 0.248270 9.657036 0.102000 9.857991 1.953022 12.319022 -0.708964 0.102000 -2.661986 0.102000 1.521186  -1   2  -1 
59348.699020 -16.500115 0.248403 11.244036 0.102000 9.857991 1.952845 12.322439 0.874442 0.102000 -1.078403 0.102000 1.521186  -1   2  -1 
59348.702790 -16.496345 0.248470 11.974036 0.103000 9.857991 1.952756 12.324157 1.602635 0.103000 -0.350121 0.103000 1.521186  -1   2  -1 
59349.021951 -16.177184 0.254134 7.957016 0.108000 8.353599 1.944332 10.971195 -1.069847 0.108000 -3.014179 0.108000 1.521186  -1   0  -1 
59349.026999 -16.172136 0.254223 5.714016 0.108000 8.353599 1.944185 10.973659 -3.315459 0.108000 -5.259643 0.108000 1.521186  -1   0  -1 
59349.032064 -16.167071 0.254313 9.298016 0.109000 8.353599 1.944037 10.976134 0.265919 0.109000 -1.678118 0.109000 1.521186  -1   0  -1 
59350.089948 -15.109187 0.273085 11.005016 0.104000 8.353599 1.903736 11.445598 1.463153 0.104000 -0.440582 0.104000 1.521186  -1   0  -1 
59350.092419 -15.106716 0.273129 11.321016 0.104000 8.353599 1.903620 11.446405 1.778231 0.104000 -0.125389 0.104000 1.521186  -1   0  -1 
59350.106715 -15.092420 0.273382 11.969016 0.104000 8.353599 1.902950 11.451028 2.420938 0.104000 0.517988 0.104000 1.521186  -1   0  -1 
59350.920251 -14.278884 0.287818 10.284016 0.105000 8.353599 1.859485 11.573430 0.570071 0.105000 -1.289414 0.105000 1.521186  -1   0  -1 
59351.708087 -13.491048 0.301798 10.082036 0.102000 9.857991 1.807708 12.908517 -1.018774 0.102000 -2.826481 0.102000 1.521186  -1   2  -1 
59351.715613 -13.483522 0.301932 8.813036 0.102000 9.857991 1.807168 12.905685 -2.285481 0.102000 -4.092649 0.102000 1.521186  -1   2  -1 
59351.726880 -13.472255 0.302131 9.479036 0.102000 9.857991 1.806359 12.901410 -1.616015 0.102000 -3.422374 0.102000 1.521186  -1   2  -1 
59352.098517 -13.100618 0.308726 10.912016 0.107000 8.353599 1.778637 11.234401 1.456252 0.107000 -0.322385 0.107000 1.521186  -1   0  -1 
59352.108322 -13.090813 0.308900 10.396016 0.107000 8.353599 1.777878 11.229619 0.944275 0.107000 -0.833603 0.107000 1.521186  -1   0  -1 
59352.122068 -13.077067 0.309144 11.479016 0.107000 8.353599 1.776812 11.222878 2.032950 0.107000 0.256138 0.107000 1.521186  -1   0  -1 
59353.715347 -11.483788 0.337416 12.882036 0.106000 9.857991 1.635289 11.842452 2.674873 0.106000 1.039584 0.106000 1.521186  -1   2  -1 
59353.719104 -11.480031 0.337483 13.429036 0.106000 9.857991 1.634914 11.840396 3.223554 0.106000 1.588640 0.106000 1.521186  -1   2  -1 
59353.722869 -11.476266 0.337549 15.656036 0.106000 9.857991 1.634538 11.838336 5.452238 0.106000 3.817700 0.106000 1.521186  -1   2  -1 
59354.076145 -11.122990 0.343818 10.993016 0.113000 8.353599 1.598448 10.142902 2.448561 0.113000 0.850114 0.113000 1.521186  -1   0  -1 
59354.101312 -11.097823 0.344265 10.347016 0.115000 8.353599 1.595814 10.129413 1.813417 0.115000 0.217603 0.115000 1.521186  -1   0  -1 
59354.104255 -11.094880 0.344317 10.555016 0.115000 8.353599 1.595505 10.127836 2.022685 0.115000 0.427180 0.115000 1.521186  -1   0  -1 
59356.710684 -8.488451 0.390567 8.178036 0.107000 9.857991 1.279639 10.145763 -0.688088 0.107000 -1.967727 0.107000 1.521186  -1   2  -1 
59356.721985 -8.477150 0.390768 8.616036 0.107000 9.857991 1.278092 10.139897 -0.245769 0.107000 -1.523861 0.107000 1.521186  -1   2  -1 
59356.725745 -8.473390 0.390834 7.224036 0.107000 9.857991 1.277577 10.137951 -1.636338 0.107000 -2.913915 0.107000 1.521186  -1   2  -1 
59357.087914 -8.111221 0.397261 11.478445 0.116000 10.022383 1.227205 10.130742 2.574908 0.116000 1.347703 0.116000 1.521186  -1   3  -1 
59357.090082 -8.109053 0.397299 9.046445 0.116000 10.022383 1.226899 10.129820 0.143524 0.116000 -1.083375 0.116000 1.521186  -1   3  -1 
59357.092248 -8.106887 0.397338 11.123445 0.116000 10.022383 1.226593 10.128900 2.221138 0.116000 0.994545 0.116000 1.521186  -1   3  -1 
59358.923301 -6.275834 0.429829 9.632016 0.111000 8.353599 0.949748 8.235747 2.346017 0.111000 1.396269 0.111000 1.521186  -1   0  -1 
59358.931249 -6.267886 0.429970 9.002016 0.111000 8.353599 0.948469 8.236862 1.713623 0.111000 0.765154 0.111000 1.521186  -1   0  -1 
59358.937426 -6.261709 0.430080 9.394016 0.111000 8.353599 0.947474 8.237736 2.103754 0.111000 1.156280 0.111000 1.521186  -1   0  -1 
59358.952972 -6.246163 0.430355 11.744445 0.116000 10.022383 0.944970 9.908749 2.780666 0.116000 1.835696 0.116000 1.521186  -1   3  -1 
59358.954053 -6.245082 0.430375 9.716445 0.116000 10.022383 0.944796 9.908906 0.752335 0.116000 -0.192461 0.116000 1.521186  -1   3  -1 
59358.956208 -6.242927 0.430413 9.905445 0.116000 10.022383 0.944448 9.909218 0.940675 0.116000 -0.003773 0.116000 1.521186  -1   3  -1 
59361.683491 -3.515644 0.478807 11.014036 0.106000 9.857991 0.469068 10.231053 1.252051 0.106000 0.782983 0.106000 1.521186  -1   2  -1 
59361.687248 -3.511887 0.478874 10.757036 0.106000 9.857991 0.468368 10.231737 0.993667 0.106000 0.525299 0.106000 1.521186  -1   2  -1 
59361.691012 -3.508123 0.478941 10.074036 0.106000 9.857991 0.467665 10.232422 0.309279 0.106000 -0.158386 0.106000 1.521186  -1   2  -1 
59361.944566 -3.254569 0.483440 10.255016 0.107000 8.353599 0.420082 8.776721 1.898377 0.107000 1.478295 0.107000 1.521186  -1   0  -1 
59361.947357 -3.251778 0.483490 8.539016 0.107000 8.353599 0.419555 8.777286 0.181285 0.107000 -0.238270 0.107000 1.521186  -1   0  -1 
59361.957166 -3.241969 0.483664 9.884016 0.108000 8.353599 0.417704 8.779278 1.522442 0.108000 1.104738 0.108000 1.521186  -1   0  -1 
59362.136140 -3.062995 0.486839 11.463445 0.116000 10.022383 0.383784 10.485858 1.361371 0.116000 0.977587 0.116000 1.521186  -1   3  -1 
59362.137220 -3.061915 0.486859 11.289445 0.116000 10.022383 0.383578 10.486095 1.186929 0.116000 0.803350 0.116000 1.521186  -1   3  -1 
59362.138308 -3.060827 0.486878 11.254445 0.116000 10.022383 0.383371 10.486333 1.151483 0.116000 0.768112 0.116000 1.521186  -1   3  -1 
59364.917885 -0.281250 0.536200 10.797445 0.117000 10.022383 -0.172789 10.861430 -0.236774 0.117000 -0.063985 0.117000 1.521186  -1   3  -1 
59364.918966 -0.280169 0.536219 13.743445 0.118000 10.022383 -0.173015 10.861235 2.709195 0.118000 2.882210 0.118000 1.521186  -1   3  -1 
59364.921142 -0.277993 0.536258 12.322445 0.117000 10.022383 -0.173469 10.860842 1.288135 0.117000 1.461603 0.117000 1.521186  -1   3  -1 
59365.067320 -0.131815 0.538852 12.372016 0.109000 8.353599 -0.204011 9.162644 3.005361 0.109000 3.209372 0.109000 1.521186  -1   0  -1 
59365.069993 -0.129142 0.538899 12.389016 0.109000 8.353599 -0.204571 9.162052 3.022393 0.109000 3.226964 0.109000 1.521186  -1   0  -1 
59365.075398 -0.123737 0.538995 13.155016 0.109000 8.353599 -0.205702 9.160851 3.788463 0.109000 3.994165 0.109000 1.521186  -1   0  -1 
59365.648355 0.449220 0.549162 10.628036 0.104000 9.857991 -0.326386 10.503213 -0.201562 0.104000 0.124823 0.104000 1.521186  -1   2  -1 
59365.652118 0.452983 0.549229 11.484036 0.104000 9.857991 -0.327183 10.501982 0.654872 0.104000 0.982054 0.104000 1.521186  -1   2  -1 
59365.659667 0.460532 0.549363 10.294036 0.105000 9.857991 -0.328782 10.499508 -0.534255 0.105000 -0.205472 0.105000 1.521186  -1   2  -1 
59365.941188 0.742053 0.554358 10.541016 0.109000 8.353599 -0.388587 8.900429 1.252000 0.109000 1.640587 0.109000 1.521186  -1   0  -1 
59365.959824 0.760689 0.554689 9.199016 0.108000 8.353599 -0.392556 8.894088 -0.087628 0.108000 0.304928 0.108000 1.521186  -1   0  -1 
59369.761210 4.562075 0.622143 8.228036 0.106000 9.857991 -1.210241 8.771961 -1.754166 0.106000 -0.543925 0.106000 1.521186  -1   2  -1 
59369.768738 4.569603 0.622277 6.325036 0.106000 9.857991 -1.211836 8.762263 -3.649062 0.106000 -2.437227 0.106000 1.521186  -1   2  -1 
59369.776263 4.577128 0.622410 7.991036 0.106000 9.857991 -1.213429 8.752526 -1.974919 0.106000 -0.761490 0.106000 1.521186  -1   2  -1 
59369.910940 4.711805 0.624800 7.933445 0.117000 10.022383 -1.241898 8.735642 -2.044095 0.117000 -0.802197 0.117000 1.521186  -1   3  -1 
59369.912028 4.712893 0.624819 8.050445 0.117000 10.022383 -1.242128 8.734125 -1.925808 0.117000 -0.683680 0.117000 1.521186  -1   3  -1 
59369.913108 4.713973 0.624838 8.183445 0.117000 10.022383 -1.242356 8.732618 -1.791529 0.117000 -0.549173 0.117000 1.521186  -1   3  -1 
59370.023276 4.824141 0.626793 6.073016 0.109000 8.353599 -1.265569 6.905977 -2.098531 0.109000 -0.832961 0.109000 1.521186  -1   0  -1 
59370.025654 4.826519 0.626835 7.180016 0.109000 8.353599 -1.266070 6.902482 -0.988536 0.109000 0.277534 0.109000 1.521186  -1   0  -1 
59370.030553 4.831418 0.626922 6.341016 0.110000 8.353599 -1.267100 6.895270 -1.821354 0.110000 -0.554254 0.110000 1.521186  -1   0  -1 
59374.802541 9.603406 0.711599 5.596036 0.107000 9.857991 -2.137302 6.562752 -3.104018 0.107000 -0.966716 0.107000 1.521186  -1   2  -1 
59374.806302 9.607167 0.711666 5.522036 0.107000 9.857991 -2.137822 6.566638 -3.182424 0.107000 -1.044602 0.107000 1.521186  -1   2  -1 
59374.810063 9.610928 0.711733 7.333036 0.107000 9.857991 -2.138342 6.570518 -1.375824 0.107000 0.762518 0.107000 1.521186  -1   2  -1 
59376.787767 11.588632 0.746826 6.897036 0.106000 9.857991 -2.354449 7.569123 -3.026536 0.106000 -0.672087 0.106000 1.521186  -1   2  -1 
59376.791518 11.592383 0.746893 6.839036 0.106000 9.857991 -2.354738 7.569332 -3.085034 0.106000 -0.730296 0.106000 1.521186  -1   2  -1 
59376.799035 11.599900 0.747026 4.539036 0.106000 9.857991 -2.355316 7.569742 -5.386022 0.106000 -3.030706 0.106000 1.521186  -1   2  -1 
59376.948922 11.749787 0.749686 7.490445 0.118000 10.022383 -2.366420 7.740453 -2.616428 0.118000 -0.250008 0.118000 1.521186  -1   3  -1 
59376.951075 11.751940 0.749724 9.995445 0.118000 10.022383 -2.366574 7.740523 -0.111651 0.118000 2.254922 0.118000 1.521186  -1   3  -1 
59376.952157 11.753022 0.749743 7.071445 0.118000 10.022383 -2.366651 7.740558 -3.035763 0.118000 -0.669113 0.118000 1.521186  -1   3  -1 
59377.106321 11.907186 0.752479 4.323016 0.105000 8.353599 -2.377200 6.075878 -4.130062 0.105000 -1.752862 0.105000 1.521186  -1   0  -1 
59377.108935 11.909800 0.752525 6.659016 0.106000 8.353599 -2.377372 6.075938 -1.794294 0.106000 0.583078 0.106000 1.521186  -1   0  -1 
59377.116326 11.917191 0.752656 6.710016 0.106000 8.353599 -2.377855 6.076107 -1.743946 0.106000 0.633909 0.106000 1.521186  -1   0  -1 
59377.628949 12.429814 0.761753 6.412036 0.103000 9.857991 -2.406311 7.600393 -3.594667 0.103000 -1.188357 0.103000 1.521186  -1   2  -1 
59377.636479 12.437344 0.761886 8.793036 0.104000 9.857991 -2.406653 7.600941 -1.214558 0.104000 1.192095 0.104000 1.521186  -1   2  -1 
59377.640253 12.441118 0.761953 8.817036 0.104000 9.857991 -2.406824 7.601220 -1.191008 0.104000 1.215816 0.104000 1.521186  -1   2  -1 
59378.026109 12.826974 0.768800 7.354016 0.112000 8.353599 -2.421284 6.141709 -1.208977 0.112000 1.212307 0.112000 1.521186  -1   0  -1 
59378.031599 12.832464 0.768898 6.618016 0.112000 8.353599 -2.421446 6.142604 -1.946034 0.112000 0.475412 0.112000 1.521186  -1   0  -1 
59378.035635 12.836500 0.768969 4.879016 0.113000 8.353599 -2.421565 6.143266 -3.685815 0.113000 -1.264250 0.113000 1.521186  -1   0  -1 
59379.024886 13.825751 0.786523 7.645016 0.112000 8.353599 -2.429975 6.413241 -1.198200 0.112000 1.231775 0.112000 1.521186  -1   0  -1 
59379.027585 13.828450 0.786571 6.054016 0.112000 8.353599 -2.429940 6.414176 -2.790100 0.112000 -0.360160 0.112000 1.521186  -1   0  -1 
59379.734125 14.534990 0.799108 7.982036 0.106000 9.857991 -2.409693 8.152001 -2.579659 0.106000 -0.169965 0.106000 1.521186  -1   2  -1 
59379.737891 14.538756 0.799175 7.372036 0.106000 9.857991 -2.409525 8.153064 -3.190554 0.106000 -0.781028 0.106000 1.521186  -1   2  -1 
59379.749170 14.550035 0.799375 5.973036 0.107000 9.857991 -2.409018 8.156229 -4.592211 0.107000 -2.183193 0.107000 1.521186  -1   2  -1 
59379.927944 14.728809 0.802547 6.373016 0.111000 8.353599 -2.400204 6.697882 -2.725070 0.111000 -0.324866 0.111000 1.521186  -1   0  -1 
59379.940910 14.741775 0.802777 6.288016 0.111000 8.353599 -2.399508 6.700896 -2.812388 0.111000 -0.412880 0.111000 1.521186  -1   0  -1 
59379.943737 14.744602 0.802828 7.458016 0.111000 8.353599 -2.399355 6.701547 -1.642886 0.111000 0.756469 0.111000 1.521186  -1   0  -1 
59380.041449 14.842314 0.804561 9.142445 0.118000 10.022383 -2.393851 8.391405 -1.642811 0.118000 0.751040 0.118000 1.521186  -1   3  -1 
59380.044695 14.845560 0.804619 7.565445 0.118000 10.022383 -2.393661 8.392056 -3.220272 0.118000 -0.826611 0.118000 1.521186  -1   3  -1 
59380.045775 14.846640 0.804638 9.611445 0.118000 10.022383 -2.393597 8.392272 -1.174425 0.118000 1.219173 0.118000 1.521186  -1   3  -1 
59381.742082 16.542947 0.834738 8.717036 0.105000 9.857991 -2.228043 8.091090 -1.602097 0.105000 0.625946 0.105000 1.521186  -1   2  -1 
59381.745840 16.546705 0.834805 8.304036 0.105000 9.857991 -2.227532 8.089940 -2.013436 0.105000 0.214096 0.105000 1.521186  -1   2  -1 
59381.749613 16.550478 0.834872 6.563036 0.106000 9.857991 -2.227017 8.088784 -3.752766 0.106000 -1.525748 0.106000 1.521186  -1   2  -1 
59381.964035 16.764900 0.838677 6.574016 0.108000 8.353599 -2.196749 6.516125 -2.138858 0.108000 0.057891 0.108000 1.521186  -1   0  -1 
59381.966642 16.767507 0.838723 8.862016 0.108000 8.353599 -2.196369 6.515270 0.150377 0.108000 2.346746 0.108000 1.521186  -1   0  -1 
59381.969218 16.770083 0.838769 7.504016 0.108000 8.353599 -2.195992 6.514425 -1.206401 0.108000 0.989591 0.108000 1.521186  -1   0  -1 
59382.115350 16.916215 0.841362 9.156445 0.114000 10.022383 -2.174173 8.134664 -1.152392 0.114000 1.021781 0.114000 1.521186  -1   3  -1 
59382.116432 16.917297 0.841381 8.099445 0.114000 10.022383 -2.174008 8.134301 -2.208865 0.114000 -0.034856 0.114000 1.521186  -1   3  -1 
59382.117507 16.918372 0.841400 7.782445 0.114000 10.022383 -2.173844 8.133941 -2.525340 0.114000 -0.351496 0.114000 1.521186  -1   3  -1 
59383.644277 18.445142 0.868492 7.106036 0.103000 9.857991 -1.892563 7.519560 -2.306087 0.103000 -0.413524 0.103000 1.521186  -1   2  -1 
59383.648053 18.448918 0.868559 6.152036 0.103000 9.857991 -1.891754 7.518674 -3.258392 0.103000 -1.366638 0.103000 1.521186  -1   2  -1 
59383.655584 18.456449 0.868693 4.102036 0.103000 9.857991 -1.890140 7.516907 -5.305011 0.103000 -3.414871 0.103000 1.521186  -1   2  -1 
59383.978595 18.779460 0.874424 8.054445 0.119000 10.022383 -1.818994 7.607462 -1.372011 0.119000 0.446983 0.119000 1.521186  -1   3  -1 
59383.979676 18.780541 0.874444 10.057445 0.119000 10.022383 -1.818749 7.607219 0.631477 0.119000 2.450226 0.119000 1.521186  -1   3  -1 
59383.981846 18.782711 0.874482 10.101445 0.119000 10.022383 -1.818259 7.606730 0.676456 0.119000 2.494715 0.119000 1.521186  -1   3  -1 
59383.992473 18.793338 0.874671 5.816016 0.106000 8.353599 -1.815855 5.935553 -1.935392 0.106000 -0.119537 0.106000 1.521186  -1   0  -1 
59384.002278 18.803143 0.874845 5.494016 0.107000 8.353599 -1.813634 5.933346 -2.252963 0.107000 -0.439330 0.107000 1.521186  -1   0  -1 
59384.007238 18.808103 0.874933 6.542016 0.106000 8.353599 -1.812509 5.932229 -1.202721 0.106000 0.609787 0.106000 1.521186  -1   0  -1 
59384.628010 19.428875 0.885948 7.086036 0.099000 9.857991 -1.665340 7.292343 -1.871646 0.099000 -0.206307 0.099000 1.521186  -1   2  -1 
59384.631782 19.432647 0.886015 7.844036 0.100000 9.857991 -1.664408 7.291415 -1.111787 0.100000 0.552621 0.100000 1.521186  -1   2  -1 
59384.635541 19.436406 0.886082 5.998036 0.100000 9.857991 -1.663480 7.290489 -2.955933 0.100000 -1.292453 0.100000 1.521186  -1   2  -1 
59385.055212 19.856077 0.893529 5.790016 0.108000 8.353599 -1.557268 5.677781 -1.445033 0.108000 0.112235 0.108000 1.521186  -1   0  -1 
59385.061472 19.862337 0.893640 5.595016 0.108000 8.353599 -1.555647 5.676098 -1.636729 0.108000 -0.081082 0.108000 1.521186  -1   0  -1 
59385.063906 19.864771 0.893683 5.283016 0.108000 8.353599 -1.555016 5.675444 -1.947444 0.108000 -0.392428 0.108000 1.521186  -1   0  -1 
59387.920967 22.721832 0.944380 6.280016 0.107000 8.353599 -0.736811 5.731509 -0.188304 0.107000 0.548507 0.107000 1.521186  -1   0  -1 
59387.926477 22.727342 0.944478 8.525016 0.107000 8.353599 -0.735143 5.734918 2.054954 0.107000 2.790098 0.107000 1.521186  -1   0  -1 
59387.929412 22.730277 0.944530 6.352016 0.107000 8.353599 -0.734255 5.736740 -0.118979 0.107000 0.615276 0.107000 1.521186  -1   0  -1 
59388.644350 23.445215 0.957216 8.653036 0.103000 9.857991 -0.517409 7.780439 0.355188 0.103000 0.872597 0.103000 1.521186  -1   2  -1 
59388.659397 23.460262 0.957483 7.371036 0.104000 9.857991 -0.512845 7.793313 -0.935121 0.104000 -0.422277 0.104000 1.521186  -1   2  -1 
59388.663148 23.464013 0.957550 8.175036 0.104000 9.857991 -0.511707 7.796528 -0.133199 0.104000 0.378508 0.104000 1.521186  -1   2  -1 
59388.965674 23.766539 0.962918 6.242016 0.109000 8.353599 -0.420055 6.557106 -0.735145 0.109000 -0.315090 0.109000 1.521186  -1   0  -1 
59388.967365 23.768230 0.962948 6.920445 0.117000 10.022383 -0.419544 8.227390 -1.726489 0.117000 -1.306945 0.117000 1.521186  -1   3  -1 
59388.968252 23.769117 0.962964 4.378016 0.109000 8.353599 -0.419276 6.559393 -2.600653 0.109000 -2.181377 0.109000 1.521186  -1   0  -1 
59388.968449 23.769314 0.962967 6.153445 0.117000 10.022383 -0.419216 8.228352 -2.494123 0.117000 -2.074907 0.117000 1.521186  -1   3  -1 
59388.969524 23.770389 0.962986 7.251445 0.117000 10.022383 -0.418891 8.229306 -1.396752 0.117000 -0.977861 0.117000 1.521186  -1   3  -1 
59388.970854 23.771719 0.963010 4.576016 0.109000 8.353599 -0.418489 6.561702 -2.404175 0.109000 -1.985686 0.109000 1.521186  -1   0  -1 
59389.809335 24.610200 0.977888 9.271036 0.098000 9.857991 -0.166881 8.780029 0.324127 0.098000 0.491007 0.098000 1.521186  -1   2  -1 
59389.828264 24.629129 0.978224 8.909036 0.097000 9.857991 -0.161261 8.794683 -0.046908 0.097000 0.114353 0.097000 1.521186  -1   2  -1 
59389.832028 24.632893 0.978291 9.154036 0.096000 9.857991 -0.160144 8.797586 0.196306 0.096000 0.356450 0.096000 1.521186  -1   2  -1 
59389.926150 24.727015 0.979961 10.903445 0.118000 10.022383 -0.132256 9.033397 1.737792 0.118000 1.870048 0.118000 1.521186  -1   3  -1 
59389.928313 24.729178 0.980000 8.793445 0.118000 10.022383 -0.131616 9.035011 -0.373183 0.118000 -0.241566 0.118000 1.521186  -1   3  -1 
59389.929388 24.730253 0.980019 8.906445 0.118000 10.022383 -0.131298 9.035813 -0.260666 0.118000 -0.129368 0.118000 1.521186  -1   3  -1 
59389.952568 24.753433 0.980430 6.474016 0.108000 8.353599 -0.124444 7.384245 -1.034672 0.108000 -0.910229 0.108000 1.521186  -1   0  -1 
59389.957794 24.758659 0.980523 5.317016 0.108000 8.353599 -0.122899 7.388106 -2.193989 0.108000 -2.071090 0.108000 1.521186  -1   0  -1 
59389.966851 24.767716 0.980684 6.199016 0.107000 8.353599 -0.120223 7.394781 -1.315988 0.107000 -1.195765 0.107000 1.521186  -1   0  -1 
59392.835547 27.636412 0.031587 10.331036 0.103000 9.857991 0.666977 10.731187 0.266826 0.103000 -0.400151 0.103000 1.521186  -1   2  -1 
59392.843066 27.643931 0.031721 10.441036 0.103000 9.857991 0.668840 10.738153 0.371723 0.103000 -0.297117 0.103000 1.521186  -1   2  -1 
59392.846825 27.647690 0.031787 9.767036 0.103000 9.857991 0.669772 10.741642 -0.304835 0.103000 -0.974606 0.103000 1.521186  -1   2  -1 
59393.111566 27.912431 0.036485 12.567016 0.109000 8.353599 0.734583 9.493200 3.808399 0.109000 3.073816 0.109000 1.521186  -1   0  -1 
59393.114447 27.915312 0.036536 11.103016 0.109000 8.353599 0.735280 9.496085 2.342211 0.109000 1.606931 0.109000 1.521186  -1   0  -1 
59393.123097 27.923962 0.036690 9.965016 0.109000 8.353599 0.737371 9.504758 1.197629 0.109000 0.460258 0.109000 1.521186  -1   0  -1 
59397.703574 -23.850813 0.117968 12.270036 0.104000 9.857991 1.593092 11.627865 2.235262 0.104000 0.642171 0.104000 1.521186  -1   2  -1 
59397.714844 -23.839543 0.118168 11.475036 0.104000 9.857991 1.594561 11.619891 1.449705 0.104000 -0.144855 0.104000 1.521186  -1   2  -1 
59397.718600 -23.835787 0.118235 11.622036 0.104000 9.857991 1.595049 11.617240 1.599846 0.104000 0.004796 0.104000 1.521186  -1   2  -1 
59397.891478 -23.662909 0.121303 10.351016 0.106000 8.353599 1.617180 9.994574 1.973622 0.106000 0.356442 0.106000 1.521186  -1   0  -1 
59397.896665 -23.657722 0.121395 10.505016 0.106000 8.353599 1.617833 9.991147 2.131701 0.106000 0.513869 0.106000 1.521186  -1   0  -1 
59397.899199 -23.655188 0.121440 10.793016 0.106000 8.353599 1.618151 9.989476 2.421691 0.106000 0.803540 0.106000 1.521186  -1   0  -1 
59398.093478 -23.460909 0.124887 9.225445 0.118000 10.022383 1.642121 11.535851 -0.668285 0.118000 -2.310406 0.118000 1.521186  -1   3  -1 
59398.094558 -23.459829 0.124906 12.796445 0.117000 10.022383 1.642252 11.535204 2.903493 0.117000 1.261241 0.117000 1.521186  -1   3  -1 
59398.096718 -23.457669 0.124945 10.478445 0.117000 10.022383 1.642513 11.533910 0.587048 0.117000 -1.055465 0.117000 1.521186  -1   3  -1 
59401.792180 -19.762207 0.190519 10.003036 0.105000 9.857991 1.932219 10.538290 1.396965 0.105000 -0.535254 0.105000 1.521186  -1   2  -1 
59401.795940 -19.758447 0.190586 9.622036 0.106000 9.857991 1.932362 10.537879 1.016519 0.106000 -0.915843 0.106000 1.521186  -1   2  -1 
59401.799701 -19.754686 0.190652 10.338036 0.105000 9.857991 1.932505 10.537469 1.733072 0.105000 -0.199433 0.105000 1.521186  -1   2  -1 
59401.885991 -19.668396 0.192184 9.301016 0.108000 8.353599 1.935697 9.024141 2.212572 0.108000 0.276875 0.108000 1.521186  -1   0  -1 
59401.888644 -19.665743 0.192231 10.478016 0.107000 8.353599 1.935793 9.023881 3.389927 0.107000 1.454135 0.107000 1.521186  -1   0  -1 
59401.892602 -19.661785 0.192301 10.397016 0.107000 8.353599 1.935935 9.023495 3.309456 0.107000 1.373521 0.107000 1.521186  -1   0  -1 
59401.927059 -19.627328 0.192912 10.789000 0.120000 10.896166 1.937162 11.562792 1.163371 0.120000 -0.773792 0.120000 1.521186  -1   1  -1 
59401.927765 -19.626622 0.192925 11.705000 0.120000 10.896166 1.937187 11.562726 2.079461 0.120000 0.142274 0.120000 1.521186  -1   1  -1 
59401.929177 -19.625210 0.192950 11.050000 0.120000 10.896166 1.937237 11.562596 1.424641 0.120000 -0.512596 0.120000 1.521186  -1   1  -1 
59401.992049 -19.562338 0.194066 12.236445 0.121000 10.022383 1.939412 10.683302 3.492555 0.121000 1.553143 0.121000 1.521186  -1   3  -1 
59401.994207 -19.560180 0.194104 12.383445 0.122000 10.022383 1.939485 10.683123 3.639807 0.122000 1.700322 0.122000 1.521186  -1   3  -1 
59401.995280 -19.559107 0.194123 11.654445 0.122000 10.022383 1.939521 10.683034 2.910932 0.122000 0.971411 0.122000 1.521186  -1   3  -1 
59402.794210 -18.760177 0.208300 10.546036 0.105000 9.857991 1.960179 10.516645 1.989570 0.105000 0.029391 0.105000 1.521186  -1   2  -1 
59402.797974 -18.756413 0.208366 9.392036 0.105000 9.857991 1.960246 10.516995 0.835287 0.105000 -1.124959 0.105000 1.521186  -1   2  -1 
59402.801729 -18.752658 0.208433 10.372036 0.105000 9.857991 1.960313 10.517349 1.815000 0.105000 -0.145313 0.105000 1.521186  -1   2  -1 
59402.966503 -18.587884 0.211357 11.189000 0.117000 10.896166 1.962982 11.574757 1.577225 0.117000 -0.385757 0.117000 1.521186  -1   1  -1 
59402.968621 -18.585766 0.211394 14.018000 0.117000 10.896166 1.963013 11.575052 4.405961 0.117000 2.442948 0.117000 1.521186  -1   1  -1 
59402.969327 -18.585060 0.211407 13.132000 0.117000 10.896166 1.963023 11.575150 3.519873 0.117000 1.556850 0.117000 1.521186  -1   1  -1 
59402.970612 -18.583775 0.211430 11.095445 0.117000 10.022383 1.963042 10.701548 2.356939 0.117000 0.393897 0.117000 1.521186  -1   3  -1 
59402.971692 -18.582695 0.211449 13.128445 0.117000 10.022383 1.963057 10.701699 4.389803 0.117000 2.426746 0.117000 1.521186  -1   3  -1 
59402.972765 -18.581622 0.211468 12.770445 0.117000 10.022383 1.963073 10.701850 4.031668 0.117000 2.068595 0.117000 1.521186  -1   3  -1 
59403.889282 -17.665105 0.227731 10.672000 0.121000 10.896166 1.968352 11.813682 0.826671 0.121000 -1.141682 0.121000 1.521186  -1   1  -1 
59403.890693 -17.663694 0.227756 11.039000 0.121000 10.896166 1.968348 11.814198 1.193150 0.121000 -0.775198 0.121000 1.521186  -1   1  -1 
59403.891398 -17.662989 0.227769 10.586000 0.121000 10.896166 1.968346 11.814457 0.739890 0.121000 -1.228457 0.121000 1.521186  -1   1  -1 
59403.992215 -17.562172 0.229558 8.990016 0.107000 8.353599 1.967965 9.309798 1.648183 0.107000 -0.319782 0.107000 1.521186  -1   0  -1 
59404.001960 -17.552427 0.229731 9.910016 0.108000 8.353599 1.967919 9.313559 2.564375 0.108000 0.596457 0.108000 1.521186  -1   0  -1 
59404.004362 -17.550025 0.229773 9.362016 0.108000 8.353599 1.967907 9.314489 2.015434 0.108000 0.047527 0.108000 1.521186  -1   0  -1 
59404.084675 -17.469712 0.231198 10.388445 0.117000 10.022383 1.967453 11.014911 1.340986 0.117000 -0.626466 0.117000 1.521186  -1   3  -1 
59404.085749 -17.468638 0.231217 12.446445 0.117000 10.022383 1.967446 11.015341 3.398549 0.117000 1.431104 0.117000 1.521186  -1   3  -1 
59404.086835 -17.467552 0.231237 11.398445 0.117000 10.022383 1.967439 11.015776 2.350107 0.117000 0.382669 0.117000 1.521186  -1   3  -1 
59405.737353 -15.817034 0.260524 13.281036 0.105000 9.857991 1.932751 11.597745 3.616042 0.105000 1.683291 0.105000 1.521186  -1   2  -1 
59405.748644 -15.805743 0.260725 13.121036 0.104000 9.857991 1.932353 11.602680 3.450709 0.104000 1.518356 0.104000 1.521186  -1   2  -1 
59405.756176 -15.798211 0.260858 12.271036 0.105000 9.857991 1.932086 11.605967 2.597155 0.105000 0.665069 0.105000 1.521186  -1   2  -1 
59405.855588 -15.698799 0.262622 13.100000 0.119000 10.896166 1.928476 12.687100 2.341377 0.119000 0.412900 0.119000 1.521186  -1   1  -1 
59405.857000 -15.697387 0.262647 13.186000 0.119000 10.896166 1.928424 12.687704 2.426720 0.119000 0.498296 0.119000 1.521186  -1   1  -1 
59405.857706 -15.696681 0.262660 13.044000 0.120000 10.896166 1.928398 12.688006 2.284392 0.120000 0.355994 0.120000 1.521186  -1   1  -1 
59406.106963 -15.447424 0.267083 13.801445 0.114000 10.022383 1.918621 11.918083 3.801983 0.114000 1.883362 0.114000 1.521186  -1   3  -1 
59406.108044 -15.446343 0.267102 12.581445 0.114000 10.022383 1.918577 11.918521 2.581501 0.114000 0.662924 0.114000 1.521186  -1   3  -1 
59406.109128 -15.445259 0.267121 12.133445 0.114000 10.022383 1.918532 11.918960 2.133017 0.114000 0.214485 0.114000 1.521186  -1   3  -1 
59407.864238 -13.690149 0.298265 14.678000 0.122000 10.896166 1.821671 13.281103 3.218568 0.122000 1.396897 0.122000 1.521186  -1   1  -1 
59407.866356 -13.688031 0.298303 12.817000 0.122000 10.896166 1.821525 13.281311 1.357214 0.122000 -0.464311 0.122000 1.521186  -1   1  -1 
59407.867063 -13.687324 0.298315 12.694000 0.122000 10.896166 1.821477 13.281380 1.234097 0.122000 -0.587380 0.122000 1.521186  -1   1  -1 
59408.161045 -13.393342 0.303532 10.715016 0.108000 8.353599 1.800641 10.754888 1.760769 0.108000 -0.039872 0.108000 1.521186  -1   0  -1 
59408.163430 -13.390957 0.303574 10.337016 0.108000 8.353599 1.800467 10.754911 1.382572 0.108000 -0.417895 0.108000 1.521186  -1   0  -1 
59408.165807 -13.388580 0.303616 9.894016 0.108000 8.353599 1.800293 10.754933 0.939377 0.108000 -0.860917 0.108000 1.521186  -1   0  -1 
59411.082909 -10.471478 0.355379 10.267445 0.119000 10.022383 1.527626 11.616404 0.178667 0.119000 -1.348959 0.119000 1.521186  -1   3  -1 
59411.083984 -10.470403 0.355398 12.253445 0.119000 10.022383 1.527504 11.616296 2.164653 0.119000 0.637149 0.119000 1.521186  -1   3  -1 
59411.085060 -10.469327 0.355417 9.185445 0.119000 10.022383 1.527383 11.616189 -0.903361 0.119000 -2.430744 0.119000 1.521186  -1   3  -1 
59411.109436 -10.444951 0.355850 10.787016 0.107000 8.353599 1.524627 9.945138 2.366504 0.107000 0.841878 0.107000 1.521186  -1   0  -1 
59411.114634 -10.439753 0.355942 8.018016 0.107000 8.353599 1.524038 9.944696 -0.402642 0.107000 -1.926680 0.107000 1.521186  -1   0  -1 
59411.121738 -10.432649 0.356068 8.342016 0.108000 8.353599 1.523233 9.944114 -0.078864 0.108000 -1.602098 0.108000 1.521186  -1   0  -1 
59418.956092 -2.598295 0.495085 5.977016 0.107000 8.353599 0.294536 7.808809 -1.537257 0.107000 -1.831793 0.107000 1.521186  -1   0  -1 
59418.958787 -2.595600 0.495133 6.395016 0.107000 8.353599 0.294013 7.809376 -1.120347 0.107000 -1.414360 0.107000 1.521186  -1   0  -1 
59418.965560 -2.588827 0.495253 6.673016 0.107000 8.353599 0.292700 7.810809 -0.845093 0.107000 -1.137793 0.107000 1.521186  -1   0  -1 
59418.981323 -2.573064 0.495533 7.893445 0.107000 10.022383 0.289643 9.482963 -1.299876 0.107000 -1.589518 0.107000 1.521186  -1   3  -1 
59418.982407 -2.571980 0.495552 8.979445 0.107000 10.022383 0.289432 9.483197 -0.214319 0.107000 -0.503752 0.107000 1.521186  -1   3  -1 
59418.983485 -2.570902 0.495571 8.108445 0.107000 10.022383 0.289223 9.483429 -1.085761 0.107000 -1.374984 0.107000 1.521186  -1   3  -1 
59419.756507 -1.797880 0.509288 11.061036 0.103000 9.857991 0.137047 9.510715 1.687368 0.103000 1.550321 0.103000 1.521186  -1   2  -1 
59419.775306 -1.779081 0.509622 12.721036 0.103000 9.857991 0.133294 9.515315 3.339015 0.103000 3.205721 0.103000 1.521186  -1   2  -1 
59419.779068 -1.775319 0.509689 13.350036 0.103000 9.857991 0.132543 9.516232 3.966346 0.103000 3.833804 0.103000 1.521186  -1   2  -1 
59419.947893 -1.606494 0.512684 7.333016 0.111000 8.353599 0.098728 8.051800 -0.620055 0.111000 -0.718784 0.111000 1.521186  -1   0  -1 
59419.986504 -1.567883 0.513370 5.470016 0.111000 8.353599 0.090968 8.060580 -2.499596 0.111000 -2.590564 0.111000 1.521186  -1   0  -1 
59419.990052 -1.564335 0.513432 5.020016 0.111000 8.353599 0.090255 8.061380 -2.951109 0.111000 -3.041364 0.111000 1.521186  -1   0  -1 
59420.037408 -1.516979 0.514273 6.331445 0.104000 10.022383 0.080723 9.740723 -3.328556 0.104000 -3.409278 0.104000 1.521186  -1   3  -1 
59420.038492 -1.515895 0.514292 6.759445 0.104000 10.022383 0.080504 9.740963 -2.901013 0.104000 -2.981518 0.104000 1.521186  -1   3  -1 
59420.040662 -1.513725 0.514331 9.441445 0.104000 10.022383 0.080067 9.741441 -0.219929 0.104000 -0.299996 0.104000 1.521186  -1   3  -1 
59420.700637 -0.853750 0.526041 11.222036 0.104000 9.857991 -0.054247 9.704268 1.463521 0.104000 1.517768 0.104000 1.521186  -1   2  -1 
59420.708153 -0.846234 0.526175 12.511036 0.104000 9.857991 -0.055792 9.705571 2.749674 0.104000 2.805465 0.104000 1.521186  -1   2  -1 
59420.715676 -0.838711 0.526308 9.715036 0.104000 9.857991 -0.057338 9.706873 -0.049175 0.104000 0.008163 0.104000 1.521186  -1   2  -1 
59420.873617 -0.680770 0.529111 11.323000 0.133000 10.896166 -0.089877 10.772236 0.460887 0.133000 0.550764 0.133000 1.521186  -1   1  -1 
59420.874323 -0.680064 0.529123 10.582000 0.133000 10.896166 -0.090023 10.772358 -0.280381 0.133000 -0.190358 0.133000 1.521186  -1   1  -1 
59420.875735 -0.678652 0.529149 13.235000 0.133000 10.896166 -0.090314 10.772601 2.372085 0.133000 2.462399 0.133000 1.521186  -1   1  -1 
59420.988150 -0.566237 0.531143 11.459445 0.109000 10.022383 -0.113560 9.918270 1.427615 0.109000 1.541175 0.109000 1.521186  -1   3  -1 
59420.990293 -0.564094 0.531181 8.740445 0.109000 10.022383 -0.114003 9.918644 -1.292202 0.109000 -1.178199 0.109000 1.521186  -1   3  -1 
59420.991383 -0.563004 0.531201 9.562445 0.109000 10.022383 -0.114229 9.918834 -0.470618 0.109000 -0.356389 0.109000 1.521186  -1   3  -1 
59421.112099 -0.442288 0.533343 4.962016 0.109000 8.353599 -0.139268 8.271397 -3.448649 0.109000 -3.309381 0.109000 1.521186  -1   0  -1 
59421.130285 -0.424102 0.533665 6.401016 0.109000 8.353599 -0.143047 8.274672 -2.016703 0.109000 -1.873656 0.109000 1.521186  -1   0  -1 
59421.136709 -0.417678 0.533779 5.004016 0.109000 8.353599 -0.144382 8.275833 -3.416199 0.109000 -3.271817 0.109000 1.521186  -1   0  -1 
59422.687448 1.133061 0.561297 11.492036 0.105000 9.857991 -0.472105 10.139119 0.880812 0.105000 1.352917 0.105000 1.521186  -1   2  -1 
59422.694983 1.140596 0.561430 12.344036 0.105000 9.857991 -0.473719 10.140761 1.729555 0.105000 2.203275 0.105000 1.521186  -1   2  -1 
59422.702516 1.148129 0.561564 10.777036 0.105000 9.857991 -0.475333 10.142392 0.159310 0.105000 0.634644 0.105000 1.521186  -1   2  -1 
59422.871553 1.317166 0.564563 10.382000 0.132000 10.896166 -0.511588 11.213865 -1.343453 0.132000 -0.831865 0.132000 1.521186  -1   1  -1 
59422.873670 1.319283 0.564601 9.373000 0.132000 10.896166 -0.512043 11.214237 -2.353280 0.132000 -1.841237 0.132000 1.521186  -1   1  -1 
59422.874376 1.319989 0.564614 10.685000 0.132000 10.896166 -0.512195 11.214360 -1.041555 0.132000 -0.529360 0.132000 1.521186  -1   1  -1 
59423.678423 2.124036 0.578881 12.215036 0.105000 9.857991 -0.685504 10.185250 1.344282 0.105000 2.029786 0.105000 1.521186  -1   2  -1 
59423.685999 2.131612 0.579015 12.980036 0.105000 9.857991 -0.687142 10.183724 2.109171 0.105000 2.796312 0.105000 1.521186  -1   2  -1 
59423.689751 2.135364 0.579082 12.776036 0.105000 9.857991 -0.687953 10.182954 1.905129 0.105000 2.593082 0.105000 1.521186  -1   2  -1 
