# time model 
59325.801227 8.830760 
59325.833009 9.317972 
59325.864791 9.808917 
59325.896573 10.302940 
59325.928355 10.799373 
59325.960137 11.297535 
59325.991919 11.796732 
59326.023701 12.296260 
59326.055483 12.795401 
59326.087265 13.293432 
59326.119047 13.789616 
59326.150829 14.283214 
59326.182611 14.773474 
59326.214393 15.259643 
59326.246175 15.740961 
59326.277957 16.216664 
59326.309739 16.685985 
59326.341521 17.148157 
59326.373303 17.602410 
59326.405085 18.047976 
59326.436867 18.484088 
59326.468649 18.909979 
59326.500431 19.324888 
59326.532213 19.728059 
59326.563995 20.118740 
59326.595777 20.496186 
59326.627559 20.859659 
59326.659341 21.208430 
59326.691123 21.541782 
59326.722905 21.859005 
59326.754687 22.159404 
59326.786469 22.442294 
59326.818251 22.707007 
59326.850033 22.952888 
59326.881815 23.179297 
59326.913597 23.385612 
59326.945379 23.571228 
59326.977161 23.735559 
59327.008943 23.878038 
59327.040725 23.998120 
59327.072507 24.095279 
59327.104289 24.169011 
59327.136071 24.218837 
59327.167853 24.244299 
59327.199635 24.244966 
59327.231417 24.220429 
59327.263199 24.170308 
59327.294981 24.094247 
59327.326763 23.991917 
59327.358545 23.863018 
59327.390327 23.707278 
59327.422109 23.524451 
59327.453891 23.314324 
59327.485673 23.076711 
59327.517455 22.811457 
59327.549237 22.518436 
59327.581019 22.197555 
59327.612801 21.848749 
59327.644583 21.471988 
59327.676365 21.067269 
59327.708147 20.634624 
59327.739929 20.174115 
59327.771711 19.685836 
59327.803493 19.169914 
59327.835275 18.626506 
59327.867057 18.055802 
59327.898839 17.458024 
59327.930621 16.833424 
59327.962402 16.182287 
59327.994184 15.504929 
59328.025966 14.801696 
59328.057748 14.072967 
59328.089530 13.319147 
59328.121312 12.540677 
59328.153094 11.738021 
59328.184876 10.911679 
59328.216658 10.062173 
59328.248440 9.190059 
59328.280222 8.295917 
59328.312004 7.380354 
59328.343786 6.444006 
59328.375568 5.487532 
59328.407350 4.511618 
59328.439132 3.516972 
59328.470914 2.504328 
59328.502696 1.474442 
59328.534478 0.428090 
59328.566260 -0.633929 
59328.598042 -1.710796 
59328.629824 -2.801672 
59328.661606 -3.905703 
59328.693388 -5.022015 
59328.725170 -6.149717 
59328.756952 -7.287905 
59328.788734 -8.435659 
59328.820516 -9.592046 
59328.852298 -10.756121 
59328.884080 -11.926928 
59328.915862 -13.103501 
59328.947644 -14.284865 
59328.979426 -15.470036 
59329.011208 -16.658026 
59329.042990 -17.847840 
59329.074772 -19.038477 
59329.106554 -20.228936 
59329.138336 -21.418210 
59329.170118 -22.605296 
59329.201900 -23.789187 
59329.233682 -24.968879 
59329.265464 -26.143371 
59329.297246 -27.311665 
59329.329028 -28.472769 
59329.360810 -29.625695 
59329.392592 -30.769464 
59329.424374 -31.903105 
59329.456156 -33.025656 
59329.487938 -34.136164 
59329.519720 -35.233692 
59329.551502 -36.317311 
59329.583284 -37.386108 
59329.615066 -38.439185 
59329.646848 -39.475659 
59329.678630 -40.494664 
59329.710412 -41.495352 
59329.742194 -42.476894 
59329.773976 -43.438480 
59329.805758 -44.379320 
59329.837540 -45.298648 
59329.869322 -46.195718 
59329.901104 -47.069807 
59329.932886 -47.920219 
59329.964668 -48.746278 
59329.996450 -49.547338 
59330.028232 -50.322776 
59330.060014 -51.071997 
59330.091796 -51.794434 
59330.123578 -52.489546 
59330.155360 -53.156823 
59330.187142 -53.795782 
59330.218924 -54.405971 
59330.250706 -54.986968 
59330.282488 -55.538381 
59330.314270 -56.059848 
59330.346052 -56.551039 
59330.377834 -57.011655 
59330.409616 -57.441430 
59330.441398 -57.840128 
59330.473180 -58.207546 
59330.504962 -58.543513 
59330.536744 -58.847890 
59330.568526 -59.120571 
59330.600308 -59.361482 
59330.632090 -59.570580 
59330.663871 -59.747856 
59330.695653 -59.893332 
59330.727435 -60.007063 
59330.759217 -60.089134 
59330.790999 -60.139664 
59330.822781 -60.158800 
59330.854563 -60.146722 
59330.886345 -60.103642 
59330.918127 -60.029798 
59330.949909 -59.925461 
59330.981691 -59.790931 
59331.013473 -59.626536 
59331.045255 -59.432632 
59331.077037 -59.209605 
59331.108819 -58.957864 
59331.140601 -58.677849 
59331.172383 -58.370024 
59331.204165 -58.034876 
59331.235947 -57.672921 
59331.267729 -57.284695 
59331.299511 -56.870758 
59331.331293 -56.431693 
59331.363075 -55.968104 
59331.394857 -55.480615 
59331.426639 -54.969871 
59331.458421 -54.436534 
59331.490203 -53.881284 
59331.521985 -53.304821 
59331.553767 -52.707857 
59331.585549 -52.091121 
59331.617331 -51.455357 
59331.649113 -50.801321 
59331.680895 -50.129782 
59331.712677 -49.441518 
59331.744459 -48.737320 
59331.776241 -48.017986 
59331.808023 -47.284325 
59331.839805 -46.537149 
59331.871587 -45.777280 
59331.903369 -45.005543 
59331.935151 -44.222767 
59331.966933 -43.429786 
59331.998715 -42.627433 
59332.030497 -41.816544 
59332.062279 -40.997956 
59332.094061 -40.172501 
59332.125843 -39.341013 
59332.157625 -38.504322 
59332.189407 -37.663252 
59332.221189 -36.818625 
59332.252971 -35.971255 
59332.284753 -35.121950 
59332.316535 -34.271509 
59332.348317 -33.420726 
59332.380099 -32.570380 
59332.411881 -31.721244 
59332.443663 -30.874078 
59332.475445 -30.029630 
59332.507227 -29.188636 
59332.539009 -28.351815 
59332.570791 -27.519877 
59332.602573 -26.693511 
59332.634355 -25.873396 
59332.666137 -25.060189 
59332.697919 -24.254534 
59332.729701 -23.457054 
59332.761483 -22.668355 
59332.793265 -21.889025 
59332.825047 -21.119632 
59332.856829 -20.360721 
59332.888611 -19.612821 
59332.920393 -18.876437 
59332.952175 -18.152054 
59332.983957 -17.440135 
59333.015739 -16.741121 
59333.047521 -16.055429 
59333.079303 -15.383456 
59333.111085 -14.725574 
59333.142867 -14.082133 
59333.174649 -13.453460 
59333.206431 -12.839857 
59333.238213 -12.241604 
59333.269995 -11.658956 
59333.301777 -11.092146 
59333.333559 -10.541381 
59333.365340 -10.006846 
59333.397122 -9.488703 
59333.428904 -8.987088 
59333.460686 -8.502117 
59333.492468 -8.033878 
59333.524250 -7.582441 
59333.556032 -7.147850 
59333.587814 -6.730126 
59333.619596 -6.329271 
59333.651378 -5.945261 
59333.683160 -5.578053 
59333.714942 -5.227580 
59333.746724 -4.893757 
59333.778506 -4.576477 
59333.810288 -4.275611 
59333.842070 -3.991014 
59333.873852 -3.722519 
59333.905634 -3.469942 
59333.937416 -3.233078 
59333.969198 -3.011708 
59334.000980 -2.805594 
59334.032762 -2.614480 
59334.064544 -2.438098 
59334.096326 -2.276161 
59334.128108 -2.128369 
59334.159890 -1.994409 
59334.191672 -1.873952 
59334.223454 -1.766658 
59334.255236 -1.672176 
59334.287018 -1.590141 
59334.318800 -1.520180 
59334.350582 -1.461909 
59334.382364 -1.414935 
59334.414146 -1.378857 
59334.445928 -1.353265 
59334.477710 -1.337744 
59334.509492 -1.331871 
59334.541274 -1.335218 
59334.573056 -1.347354 
59334.604838 -1.367842 
59334.636620 -1.396242 
59334.668402 -1.432112 
59334.700184 -1.475008 
59334.731966 -1.524485 
59334.763748 -1.580098 
59334.795530 -1.641402 
59334.827312 -1.707953 
59334.859094 -1.779308 
59334.890876 -1.855028 
59334.922658 -1.934677 
59334.954440 -2.017820 
59334.986222 -2.104030 
59335.018004 -2.192884 
59335.049786 -2.283962 
59335.081568 -2.376854 
59335.113350 -2.471155 
59335.145132 -2.566467 
59335.176914 -2.662402 
59335.208696 -2.758576 
59335.240478 -2.854620 
59335.272260 -2.950169 
59335.304042 -3.044871 
59335.335824 -3.138384 
59335.367606 -3.230377 
59335.399388 -3.320527 
59335.431170 -3.408528 
59335.462952 -3.494081 
59335.494734 -3.576903 
59335.526516 -3.656720 
59335.558298 -3.733274 
59335.590080 -3.806319 
59335.621862 -3.875620 
59335.653644 -3.940960 
59335.685426 -4.002133 
59335.717208 -4.058946 
59335.748990 -4.111222 
59335.780772 -4.158798 
59335.812554 -4.201524 
59335.844336 -4.239265 
59335.876118 -4.271901 
59335.907900 -4.299324 
59335.939682 -4.321444 
59335.971464 -4.338183 
59336.003246 -4.349476 
59336.035028 -4.355274 
59336.066809 -4.355543 
59336.098591 -4.350260 
59336.130373 -4.339419 
59336.162155 -4.323024 
59336.193937 -4.301096 
59336.225719 -4.273666 
59336.257501 -4.240781 
59336.289283 -4.202498 
59336.321065 -4.158888 
59336.352847 -4.110034 
59336.384629 -4.056030 
59336.416411 -3.996981 
59336.448193 -3.933006 
59336.479975 -3.864231 
59336.511757 -3.790795 
59336.543539 -3.712846 
59336.575321 -3.630542 
59336.607103 -3.544049 
59336.638885 -3.453544 
59336.670667 -3.359211 
59336.702449 -3.261240 
59336.734231 -3.159832 
59336.766013 -3.055192 
59336.797795 -2.947533 
59336.829577 -2.837073 
59336.861359 -2.724036 
59336.893141 -2.608652 
59336.924923 -2.491153 
59336.956705 -2.371777 
59336.988487 -2.250764 
59337.020269 -2.128358 
59337.052051 -2.004806 
59337.083833 -1.880354 
59337.115615 -1.755253 
59337.147397 -1.629753 
59337.179179 -1.504105 
59337.210961 -1.378559 
59337.242743 -1.253365 
59337.274525 -1.128772 
59337.306307 -1.005028 
59337.338089 -0.882378 
59337.369871 -0.761065 
59337.401653 -0.641328 
59337.433435 -0.523404 
59337.465217 -0.407526 
59337.496999 -0.293921 
59337.528781 -0.182813 
59337.560563 -0.074421 
59337.592345 0.031043 
59337.624127 0.133371 
59337.655909 0.232364 
59337.687691 0.327827 
59337.719473 0.419573 
59337.751255 0.507423 
59337.783037 0.591204 
59337.814819 0.670753 
59337.846601 0.745913 
59337.878383 0.816537 
59337.910165 0.882486 
59337.941947 0.943631 
59337.973729 0.999850 
59338.005511 1.051033 
59338.037293 1.097077 
59338.069075 1.137890 
59338.100857 1.173390 
59338.132639 1.203503 
59338.164421 1.228168 
59338.196203 1.247332 
59338.227985 1.260953 
59338.259767 1.268998 
59338.291549 1.271446 
59338.323331 1.268284 
59338.355113 1.259511 
59338.386895 1.245136 
59338.418677 1.225177 
59338.450459 1.199663 
59338.482241 1.168632 
59338.514023 1.132133 
59338.545805 1.090225 
59338.577587 1.042973 
59338.609369 0.990457 
59338.641151 0.932762 
59338.672933 0.869983 
59338.704715 0.802225 
59338.736497 0.729601 
59338.768278 0.652231 
59338.800060 0.570245 
59338.831842 0.483781 
59338.863624 0.392983 
59338.895406 0.298003 
59338.927188 0.199000 
59338.958970 0.096140 
59338.990752 -0.010405 
59339.022534 -0.120456 
59339.054316 -0.233831 
59339.086098 -0.350338 
59339.117880 -0.469786 
59339.149662 -0.591974 
59339.181444 -0.716699 
59339.213226 -0.843756 
59339.245008 -0.972932 
59339.276790 -1.104016 
59339.308572 -1.236791 
59339.340354 -1.371038 
59339.372136 -1.506537 
59339.403918 -1.643066 
59339.435700 -1.780403 
59339.467482 -1.918324 
59339.499264 -2.056605 
59339.531046 -2.195023 
59339.562828 -2.333354 
59339.594610 -2.471376 
59339.626392 -2.608867 
59339.658174 -2.745610 
59339.689956 -2.881387 
59339.721738 -3.015982 
59339.753520 -3.149185 
59339.785302 -3.280786 
59339.817084 -3.410581 
59339.848866 -3.538369 
59339.880648 -3.663952 
59339.912430 -3.787139 
59339.944212 -3.907743 
59339.975994 -4.025581 
59340.007776 -4.140477 
59340.039558 -4.252260 
59340.071340 -4.360767 
59340.103122 -4.465839 
59340.134904 -4.567325 
59340.166686 -4.665081 
59340.198468 -4.758969 
59340.230250 -4.848860 
59340.262032 -4.934631 
59340.293814 -5.016169 
59340.325596 -5.093367 
59340.357378 -5.166126 
59340.389160 -5.234357 
59340.420942 -5.297977 
59340.452724 -5.356915 
59340.484506 -5.411105 
59340.516288 -5.460491 
59340.548070 -5.505028 
59340.579852 -5.544676 
59340.611634 -5.579407 
59340.643416 -5.609201 
59340.675198 -5.634045 
59340.706980 -5.653938 
59340.738762 -5.668885 
59340.770544 -5.678903 
59340.802326 -5.684015 
59340.834108 -5.684255 
59340.865890 -5.679662 
59340.897672 -5.670289 
59340.929454 -5.656192 
59340.961236 -5.637438 
59340.993018 -5.614103 
59341.024800 -5.586269 
59341.056582 -5.554026 
59341.088364 -5.517473 
59341.120146 -5.476716 
59341.151928 -5.431867 
59341.183710 -5.383046 
59341.215492 -5.330379 
59341.247274 -5.274001 
59341.279056 -5.214050 
59341.310838 -5.150671 
59341.342620 -5.084015 
59341.374402 -5.014240 
59341.406184 -4.941506 
59341.437965 -4.865981 
59341.469747 -4.787834 
59341.501529 -4.707241 
59341.533311 -4.624381 
59341.565093 -4.539436 
59341.596875 -4.452592 
59341.628657 -4.364039 
59341.660439 -4.273965 
59341.692221 -4.182566 
59341.724003 -4.090036 
59341.755785 -3.996571 
59341.787567 -3.902369 
59341.819349 -3.807629 
59341.851131 -3.712548 
59341.882913 -3.617326 
59341.914695 -3.522162 
59341.946477 -3.427252 
59341.978259 -3.332793 
59342.010041 -3.238982 
59342.041823 -3.146010 
59342.073605 -3.054070 
59342.105387 -2.963351 
59342.137169 -2.874039 
59342.168951 -2.786317 
59342.200733 -2.700365 
59342.232515 -2.616359 
59342.264297 -2.534471 
59342.296079 -2.454869 
59342.327861 -2.377715 
59342.359643 -2.303169 
59342.391425 -2.231382 
59342.423207 -2.162503 
59342.454989 -2.096674 
59342.486771 -2.034030 
59342.518553 -1.974701 
59342.550335 -1.918810 
59342.582117 -1.866475 
59342.613899 -1.817804 
59342.645681 -1.772902 
59342.677463 -1.731863 
59342.709245 -1.694776 
59342.741027 -1.661723 
59342.772809 -1.632776 
59342.804591 -1.608002 
59342.836373 -1.587457 
59342.868155 -1.571192 
59342.899937 -1.559249 
59342.931719 -1.551662 
59342.963501 -1.548456 
59342.995283 -1.549648 
59343.027065 -1.555249 
59343.058847 -1.565259 
59343.090629 -1.579671 
59343.122411 -1.598470 
59343.154193 -1.621633 
59343.185975 -1.649129 
59343.217757 -1.680917 
59343.249539 -1.716952 
59343.281321 -1.757177 
59343.313103 -1.801529 
59343.344885 -1.849939 
59343.376667 -1.902329 
59343.408449 -1.958612 
59343.440231 -2.018696 
59343.472013 -2.082482 
59343.503795 -2.149864 
59343.535577 -2.220728 
59343.567359 -2.294955 
59343.599141 -2.372419 
59343.630923 -2.452988 
59343.662705 -2.536525 
59343.694487 -2.622887 
59343.726269 -2.711925 
59343.758051 -2.803487 
59343.789833 -2.897413 
59343.821615 -2.993542 
59343.853397 -3.091706 
59343.885179 -3.191735 
59343.916961 -3.293455 
59343.948743 -3.396688 
59343.980525 -3.501253 
59344.012307 -3.606968 
59344.044089 -3.713646 
59344.075871 -3.821101 
59344.107653 -3.929142 
59344.139434 -4.037580 
59344.171216 -4.146222 
59344.202998 -4.254876 
59344.234780 -4.363350 
59344.266562 -4.471449 
59344.298344 -4.578982 
59344.330126 -4.685756 
59344.361908 -4.791581 
59344.393690 -4.896267 
59344.425472 -4.999625 
59344.457254 -5.101468 
59344.489036 -5.201614 
59344.520818 -5.299879 
59344.552600 -5.396086 
59344.584382 -5.490058 
59344.616164 -5.581624 
59344.647946 -5.670615 
59344.679728 -5.756866 
59344.711510 -5.840218 
59344.743292 -5.920514 
59344.775074 -5.997604 
59344.806856 -6.071342 
59344.838638 -6.141588 
59344.870420 -6.208206 
59344.902202 -6.271068 
59344.933984 -6.330050 
59344.965766 -6.385036 
59344.997548 -6.435915 
59345.029330 -6.482583 
59345.061112 -6.524942 
59345.092894 -6.562903 
59345.124676 -6.596382 
59345.156458 -6.625302 
59345.188240 -6.649596 
59345.220022 -6.669201 
59345.251804 -6.684064 
59345.283586 -6.694137 
59345.315368 -6.699384 
59345.347150 -6.699772 
59345.378932 -6.695279 
59345.410714 -6.685888 
59345.442496 -6.671593 
59345.474278 -6.652394 
59345.506060 -6.628299 
59345.537842 -6.599324 
59345.569624 -6.565492 
59345.601406 -6.526836 
59345.633188 -6.483393 
59345.664970 -6.435211 
59345.696752 -6.382344 
59345.728534 -6.324853 
59345.760316 -6.262808 
59345.792098 -6.196284 
59345.823880 -6.125365 
59345.855662 -6.050141 
59345.887444 -5.970708 
59345.919226 -5.887171 
59345.951008 -5.799639 
59345.982790 -5.708228 
59346.014572 -5.613060 
59346.046354 -5.514264 
59346.078136 -5.411973 
59346.109918 -5.306325 
59346.141700 -5.197466 
59346.173482 -5.085543 
59346.205264 -4.970712 
59346.237046 -4.853129 
59346.268828 -4.732958 
59346.300610 -4.610365 
59346.332392 -4.485519 
59346.364174 -4.358594 
59346.395956 -4.229765 
59346.427738 -4.099212 
59346.459520 -3.967115 
59346.491302 -3.833660 
59346.523084 -3.699030 
59346.554866 -3.563414 
59346.586648 -3.426999 
59346.618430 -3.289974 
59346.650212 -3.152530 
59346.681994 -3.014856 
59346.713776 -2.877143 
59346.745558 -2.739581 
59346.777340 -2.602359 
59346.809122 -2.465665 
59346.840903 -2.329688 
59346.872685 -2.194612 
59346.904467 -2.060622 
59346.936249 -1.927901 
59346.968031 -1.796627 
59346.999813 -1.666978 
59347.031595 -1.539127 
59347.063377 -1.413247 
59347.095159 -1.289504 
59347.126941 -1.168062 
59347.158723 -1.049081 
59347.190505 -0.932717 
59347.222287 -0.819121 
59347.254069 -0.708440 
59347.285851 -0.600815 
59347.317633 -0.496383 
59347.349415 -0.395275 
59347.381197 -0.297617 
59347.412979 -0.203530 
59347.444761 -0.113126 
59347.476543 -0.026516 
59347.508325 0.056200 
59347.540107 0.134925 
59347.571889 0.209570 
59347.603671 0.280053 
59347.635453 0.346296 
59347.667235 0.408232 
59347.699017 0.465798 
59347.730799 0.518937 
59347.762581 0.567602 
59347.794363 0.611751 
59347.826145 0.651349 
59347.857927 0.686370 
59347.889709 0.716794 
59347.921491 0.742606 
59347.953273 0.763803 
59347.985055 0.780384 
59348.016837 0.792358 
59348.048619 0.799741 
59348.080401 0.802555 
59348.112183 0.800829 
59348.143965 0.794600 
59348.175747 0.783911 
59348.207529 0.768810 
59348.239311 0.749355 
59348.271093 0.725607 
59348.302875 0.697636 
59348.334657 0.665517 
59348.366439 0.629331 
59348.398221 0.589164 
59348.430003 0.545109 
59348.461785 0.497265 
59348.493567 0.445735 
59348.525349 0.390628 
59348.557131 0.332056 
59348.588913 0.270138 
59348.620695 0.204998 
59348.652477 0.136761 
59348.684259 0.065560 
59348.716041 -0.008472 
59348.747823 -0.085195 
59348.779605 -0.164468 
59348.811387 -0.246146 
59348.843169 -0.330080 
59348.874951 -0.416121 
59348.906733 -0.504116 
59348.938515 -0.593910 
59348.970297 -0.685346 
59349.002079 -0.778267 
59349.033861 -0.872513 
59349.065643 -0.967924 
59349.097425 -1.064338 
59349.129207 -1.161594 
59349.160989 -1.259531 
59349.192771 -1.357986 
59349.224553 -1.456798 
59349.256335 -1.555807 
59349.288117 -1.654852 
59349.319899 -1.753776 
59349.351681 -1.852420 
59349.383463 -1.950629 
59349.415245 -2.048248 
59349.447027 -2.145127 
59349.478809 -2.241116 
59349.510591 -2.336068 
59349.542372 -2.429839 
59349.574154 -2.522289 
59349.605936 -2.613279 
59349.637718 -2.702676 
59349.669500 -2.790348 
59349.701282 -2.876170 
59349.733064 -2.960019 
59349.764846 -3.041776 
59349.796628 -3.121328 
59349.828410 -3.198565 
59349.860192 -3.273383 
59349.891974 -3.345681 
59349.923756 -3.415366 
59349.955538 -3.482347 
59349.987320 -3.546540 
59350.019102 -3.607866 
59350.050884 -3.666252 
59350.082666 -3.721628 
59350.114448 -3.773934 
59350.146230 -3.823112 
59350.178012 -3.869111 
59350.209794 -3.911887 
59350.241576 -3.951398 
59350.273358 -3.987613 
59350.305140 -4.020503 
59350.336922 -4.050046 
59350.368704 -4.076227 
59350.400486 -4.099036 
59350.432268 -4.118467 
59350.464050 -4.134523 
59350.495832 -4.147211 
59350.527614 -4.156543 
59350.559396 -4.162539 
59350.591178 -4.165222 
59350.622960 -4.164622 
59350.654742 -4.160774 
59350.686524 -4.153718 
59350.718306 -4.143500 
59350.750088 -4.130169 
59350.781870 -4.113781 
59350.813652 -4.094396 
59350.845434 -4.072078 
59350.877216 -4.046898 
59350.908998 -4.018928 
59350.940780 -3.988246 
59350.972562 -3.954934 
59351.004344 -3.919076 
59351.036126 -3.880763 
59351.067908 -3.840086 
59351.099690 -3.797142 
59351.131472 -3.752028 
59351.163254 -3.704847 
59351.195036 -3.655703 
59351.226818 -3.604702 
59351.258600 -3.551953 
59351.290382 -3.497567 
59351.322164 -3.441657 
59351.353946 -3.384336 
59351.385728 -3.325720 
59351.417510 -3.265926 
59351.449292 -3.205071 
59351.481074 -3.143273 
59351.512856 -3.080650 
59351.544638 -3.017321 
59351.576420 -2.953405 
59351.608202 -2.889020 
59351.639984 -2.824284 
59351.671766 -2.759314 
59351.703548 -2.694226 
59351.735330 -2.629136 
59351.767112 -2.564157 
59351.798894 -2.499402 
59351.830676 -2.434981 
59351.862458 -2.371002 
59351.894240 -2.307573 
59351.926022 -2.244796 
59351.957804 -2.182775 
59351.989586 -2.121607 
59352.021368 -2.061388 
59352.053150 -2.002212 
59352.084932 -1.944169 
59352.116714 -1.887344 
59352.148496 -1.831821 
59352.180278 -1.777679 
59352.212060 -1.724994 
59352.243841 -1.673836 
59352.275623 -1.624275 
59352.307405 -1.576373 
59352.339187 -1.530190 
59352.370969 -1.485780 
59352.402751 -1.443195 
59352.434533 -1.402481 
59352.466315 -1.363678 
59352.498097 -1.326825 
59352.529879 -1.291954 
59352.561661 -1.259092 
59352.593443 -1.228262 
59352.625225 -1.199484 
59352.657007 -1.172770 
59352.688789 -1.148130 
59352.720571 -1.125567 
59352.752353 -1.105082 
59352.784135 -1.086669 
59352.815917 -1.070318 
59352.847699 -1.056014 
59352.879481 -1.043740 
59352.911263 -1.033471 
59352.943045 -1.025179 
59352.974827 -1.018833 
59353.006609 -1.014396 
59353.038391 -1.011826 
59353.070173 -1.011080 
59353.101955 -1.012109 
59353.133737 -1.014860 
59353.165519 -1.019278 
59353.197301 -1.025301 
59353.229083 -1.032868 
59353.260865 -1.041911 
59353.292647 -1.052361 
59353.324429 -1.064146 
59353.356211 -1.077189 
59353.387993 -1.091412 
59353.419775 -1.106735 
59353.451557 -1.123074 
59353.483339 -1.140345 
59353.515121 -1.158460 
59353.546903 -1.177331 
59353.578685 -1.196866 
59353.610467 -1.216974 
59353.642249 -1.237561 
59353.674031 -1.258534 
59353.705813 -1.279798 
59353.737595 -1.301256 
59353.769377 -1.322813 
59353.801159 -1.344372 
59353.832941 -1.365838 
59353.864723 -1.387114 
59353.896505 -1.408105 
59353.928287 -1.428715 
59353.960069 -1.448850 
59353.991851 -1.468417 
59354.023633 -1.487324 
59354.055415 -1.505480 
59354.087197 -1.522795 
59354.118979 -1.539183 
59354.150761 -1.554557 
59354.182543 -1.568835 
59354.214325 -1.581934 
59354.246107 -1.593777 
59354.277889 -1.604287 
59354.309671 -1.613390 
59354.341453 -1.621017 
59354.373235 -1.627100 
59354.405017 -1.631574 
59354.436799 -1.634379 
59354.468581 -1.635458 
59354.500363 -1.634757 
59354.532145 -1.632226 
59354.563927 -1.627818 
59354.595709 -1.621491 
59354.627491 -1.613208 
59354.659273 -1.602934 
59354.691055 -1.590639 
59354.722837 -1.576297 
59354.754619 -1.559887 
59354.786401 -1.541392 
59354.818183 -1.520800 
59354.849965 -1.498103 
59354.881747 -1.473296 
59354.913529 -1.446381 
59354.945310 -1.417364 
59354.977092 -1.386253 
59355.008874 -1.353065 
59355.040656 -1.317817 
59355.072438 -1.280533 
59355.104220 -1.241242 
59355.136002 -1.199975 
59355.167784 -1.156770 
59355.199566 -1.111666 
59355.231348 -1.064711 
59355.263130 -1.015952 
59355.294912 -0.965445 
59355.326694 -0.913246 
59355.358476 -0.859416 
59355.390258 -0.804022 
59355.422040 -0.747132 
59355.453822 -0.688819 
59355.485604 -0.629159 
59355.517386 -0.568231 
59355.549168 -0.506119 
59355.580950 -0.442907 
59355.612732 -0.378684 
59355.644514 -0.313542 
59355.676296 -0.247574 
59355.708078 -0.180878 
59355.739860 -0.113550 
59355.771642 -0.045694 
59355.803424 0.022591 
59355.835206 0.091198 
59355.866988 0.160022 
59355.898770 0.228955 
59355.930552 0.297891 
59355.962334 0.366718 
59355.994116 0.435327 
59356.025898 0.503607 
59356.057680 0.571447 
59356.089462 0.638737 
59356.121244 0.705363 
59356.153026 0.771217 
59356.184808 0.836186 
59356.216590 0.900161 
59356.248372 0.963033 
59356.280154 1.024694 
59356.311936 1.085036 
59356.343718 1.143955 
59356.375500 1.201345 
59356.407282 1.257106 
59356.439064 1.311137 
59356.470846 1.363340 
59356.502628 1.413619 
59356.534410 1.461881 
59356.566192 1.508035 
59356.597974 1.551994 
59356.629756 1.593674 
59356.661538 1.632992 
59356.693320 1.669871 
59356.725102 1.704235 
59356.756884 1.736015 
59356.788666 1.765142 
59356.820448 1.791553 
59356.852230 1.815188 
59356.884012 1.835992 
59356.915794 1.853914 
59356.947576 1.868907 
59356.979358 1.880928 
59357.011140 1.889940 
59357.042922 1.895908 
59357.074704 1.898804 
59357.106486 1.898603 
59357.138268 1.895286 
59357.170050 1.888839 
59357.201832 1.879252 
59357.233614 1.866518 
59357.265396 1.850639 
59357.297178 1.831618 
59357.328960 1.809466 
59357.360742 1.784196 
59357.392524 1.755827 
59357.424306 1.724385 
59357.456088 1.689897 
59357.487870 1.652397 
59357.519652 1.611923 
59357.551434 1.568518 
59357.583216 1.522229 
59357.614997 1.473109 
59357.646779 1.421213 
59357.678561 1.366603 
59357.710343 1.309343 
59357.742125 1.249502 
59357.773907 1.187153 
59357.805689 1.122373 
59357.837471 1.055243 
59357.869253 0.985847 
59357.901035 0.914272 
59357.932817 0.840611 
59357.964599 0.764957 
59357.996381 0.687409 
59358.028163 0.608065 
59358.059945 0.527030 
59358.091727 0.444409 
59358.123509 0.360310 
59358.155291 0.274843 
59358.187073 0.188121 
59358.218855 0.100257 
59358.250637 0.011368 
59358.282419 -0.078429 
59358.314201 -0.169017 
59358.345983 -0.260274 
59358.377765 -0.352081 
59358.409547 -0.444317 
59358.441329 -0.536859 
59358.473111 -0.629587 
59358.504893 -0.722377 
59358.536675 -0.815109 
59358.568457 -0.907660 
59358.600239 -0.999909 
59358.632021 -1.091737 
59358.663803 -1.183023 
59358.695585 -1.273649 
59358.727367 -1.363498 
59358.759149 -1.452455 
59358.790931 -1.540405 
59358.822713 -1.627238 
59358.854495 -1.712841 
59358.886277 -1.797108 
59358.918059 -1.879934 
59358.949841 -1.961214 
59358.981623 -2.040850 
59359.013405 -2.118743 
59359.045187 -2.194800 
59359.076969 -2.268929 
59359.108751 -2.341042 
59359.140533 -2.411054 
59359.172315 -2.478886 
59359.204097 -2.544459 
59359.235879 -2.607700 
59359.267661 -2.668540 
59359.299443 -2.726913 
59359.331225 -2.782758 
59359.363007 -2.836017 
59359.394789 -2.886637 
59359.426571 -2.934570 
59359.458353 -2.979771 
59359.490135 -3.022201 
59359.521917 -3.061823 
59359.553699 -3.098608 
59359.585481 -3.132529 
59359.617263 -3.163564 
59359.649045 -3.191696 
59359.680827 -3.216913 
59359.712609 -3.239205 
59359.744391 -3.258571 
59359.776173 -3.275011 
59359.807955 -3.288531 
59359.839737 -3.299141 
59359.871519 -3.306855 
59359.903301 -3.311693 
59359.935083 -3.313677 
59359.966865 -3.312836 
59359.998647 -3.309200 
59360.030429 -3.302807 
59360.062211 -3.293695 
59360.093993 -3.281908 
59360.125775 -3.267494 
59360.157557 -3.250505 
59360.189339 -3.230994 
59360.221121 -3.209020 
59360.252903 -3.184644 
59360.284685 -3.157932 
59360.316466 -3.128951 
59360.348248 -3.097771 
59360.380030 -3.064467 
59360.411812 -3.029113 
59360.443594 -2.991789 
59360.475376 -2.952575 
59360.507158 -2.911553 
59360.538940 -2.868808 
59360.570722 -2.824427 
59360.602504 -2.778498 
59360.634286 -2.731109 
59360.666068 -2.682352 
59360.697850 -2.632317 
59360.729632 -2.581098 
59360.761414 -2.528787 
59360.793196 -2.475477 
59360.824978 -2.421262 
59360.856760 -2.366237 
59360.888542 -2.310494 
59360.920324 -2.254127 
59360.952106 -2.197229 
59360.983888 -2.139892 
59361.015670 -2.082208 
59361.047452 -2.024267 
59361.079234 -1.966159 
59361.111016 -1.907970 
59361.142798 -1.849788 
59361.174580 -1.791697 
59361.206362 -1.733780 
59361.238144 -1.676118 
59361.269926 -1.618789 
59361.301708 -1.561869 
59361.333490 -1.505433 
59361.365272 -1.449551 
59361.397054 -1.394292 
59361.428836 -1.339723 
59361.460618 -1.285904 
59361.492400 -1.232896 
59361.524182 -1.180756 
59361.555964 -1.129537 
59361.587746 -1.079287 
59361.619528 -1.030055 
59361.651310 -0.981882 
59361.683092 -0.934807 
59361.714874 -0.888867 
59361.746656 -0.844092 
59361.778438 -0.800512 
59361.810220 -0.758150 
59361.842002 -0.717026 
59361.873784 -0.677158 
59361.905566 -0.638558 
59361.937348 -0.601235 
59361.969130 -0.565194 
59362.000912 -0.530437 
59362.032694 -0.496960 
59362.064476 -0.464757 
59362.096258 -0.433819 
59362.128040 -0.404132 
59362.159822 -0.375677 
59362.191604 -0.348435 
59362.223386 -0.322381 
59362.255168 -0.297487 
59362.286950 -0.273722 
59362.318732 -0.251052 
59362.350514 -0.229439 
59362.382296 -0.208842 
59362.414078 -0.189219 
59362.445860 -0.170523 
59362.477642 -0.152706 
59362.509424 -0.135717 
59362.541206 -0.119501 
59362.572988 -0.104004 
59362.604770 -0.089168 
59362.636552 -0.074932 
59362.668334 -0.061236 
59362.700116 -0.048018 
59362.731898 -0.035212 
59362.763680 -0.022755 
59362.795462 -0.010578 
59362.827244 0.001384 
59362.859026 0.013199 
59362.890808 0.024935 
59362.922590 0.036661 
59362.954372 0.048444 
59362.986154 0.060353 
59363.017935 0.072455 
59363.049717 0.084818 
59363.081499 0.097507 
59363.113281 0.110588 
59363.145063 0.124125 
59363.176845 0.138181 
59363.208627 0.152816 
59363.240409 0.168090 
59363.272191 0.184060 
59363.303973 0.200782 
59363.335755 0.218308 
59363.367537 0.236688 
59363.399319 0.255969 
59363.431101 0.276197 
59363.462883 0.297413 
59363.494665 0.319654 
59363.526447 0.342957 
59363.558229 0.367351 
59363.590011 0.392865 
59363.621793 0.419522 
59363.653575 0.447342 
59363.685357 0.476341 
59363.717139 0.506529 
59363.748921 0.537914 
59363.780703 0.570498 
59363.812485 0.604280 
59363.844267 0.639251 
59363.876049 0.675402 
59363.907831 0.712715 
59363.939613 0.751169 
59363.971395 0.790739 
59364.003177 0.831393 
59364.034959 0.873096 
59364.066741 0.915806 
59364.098523 0.959478 
59364.130305 1.004059 
59364.162087 1.049495 
59364.193869 1.095724 
59364.225651 1.142680 
59364.257433 1.190292 
59364.289215 1.238484 
59364.320997 1.287175 
59364.352779 1.336281 
59364.384561 1.385711 
59364.416343 1.435371 
59364.448125 1.485161 
59364.479907 1.534979 
59364.511689 1.584716 
59364.543471 1.634260 
59364.575253 1.683498 
59364.607035 1.732308 
59364.638817 1.780569 
59364.670599 1.828154 
59364.702381 1.874933 
59364.734163 1.920773 
59364.765945 1.965541 
59364.797727 2.009096 
59364.829509 2.051300 
59364.861291 2.092008 
59364.893073 2.131078 
59364.924855 2.168363 
59364.956637 2.203715 
59364.988419 2.236985 
59365.020201 2.268024 
59365.051983 2.296682 
59365.083765 2.322808 
59365.115547 2.346251 
59365.147329 2.366860 
59365.179111 2.384487 
59365.210893 2.398982 
59365.242675 2.410197 
59365.274457 2.417984 
59365.306239 2.422200 
59365.338021 2.422702 
59365.369803 2.419349 
59365.401585 2.412003 
59365.433367 2.400529 
59365.465149 2.384795 
59365.496931 2.364674 
59365.528713 2.340041 
59365.560495 2.310776 
59365.592277 2.276764 
59365.624059 2.237892 
59365.655841 2.194057 
59365.687623 2.145157 
59365.719404 2.091098 
59365.751186 2.031791 
59365.782968 1.967152 
59365.814750 1.897107 
59365.846532 1.821585 
59365.878314 1.740524 
59365.910096 1.653869 
59365.941878 1.561572 
59365.973660 1.463593 
59366.005442 1.359900 
59366.037224 1.250469 
59366.069006 1.135285 
59366.100788 1.014341 
59366.132570 0.887637 
59366.164352 0.755186 
59366.196134 0.617006 
59366.227916 0.473127 
59366.259698 0.323586 
59366.291480 0.168432 
59366.323262 0.007721 
59366.355044 -0.158479 
59366.386826 -0.330091 
59366.418608 -0.507030 
59366.450390 -0.689199 
59366.482172 -0.876492 
59366.513954 -1.068791 
59366.545736 -1.265972 
59366.577518 -1.467898 
59366.609300 -1.674423 
59366.641082 -1.885391 
59366.672864 -2.100636 
59366.704646 -2.319983 
59366.736428 -2.543246 
59366.768210 -2.770231 
59366.799992 -3.000734 
59366.831774 -3.234541 
59366.863556 -3.471429 
59366.895338 -3.711166 
59366.927120 -3.953511 
59366.958902 -4.198216 
59366.990684 -4.445022 
59367.022466 -4.693663 
59367.054248 -4.943866 
59367.086030 -5.195347 
59367.117812 -5.447819 
59367.149594 -5.700984 
59367.181376 -5.954538 
59367.213158 -6.208173 
59367.244940 -6.461570 
59367.276722 -6.714409 
59367.308504 -6.966361 
59367.340286 -7.217093 
59367.372068 -7.466266 
59367.403850 -7.713538 
59367.435632 -7.958563 
59367.467414 -8.200989 
59367.499196 -8.440464 
59367.530978 -8.676630 
59367.562760 -8.909127 
59367.594542 -9.137596 
59367.626324 -9.361674 
59367.658106 -9.580995 
59367.689888 -9.795197 
59367.721670 -10.003914 
59367.753452 -10.206781 
59367.785234 -10.403435 
59367.817016 -10.593514 
59367.848798 -10.776657 
59367.880580 -10.952505 
59367.912362 -11.120701 
59367.944144 -11.280894 
59367.975926 -11.432735 
59368.007708 -11.575877 
59368.039490 -11.709982 
59368.071272 -11.834713 
59368.103054 -11.949741 
59368.134836 -12.054743 
59368.166618 -12.149401 
59368.198400 -12.233405 
59368.230182 -12.306454 
59368.261964 -12.368252 
59368.293746 -12.418513 
59368.325528 -12.456961 
59368.357310 -12.483327 
59368.389092 -12.497354 
59368.420873 -12.498793 
59368.452655 -12.487407 
59368.484437 -12.462969 
59368.516219 -12.425266 
59368.548001 -12.374092 
59368.579783 -12.309259 
59368.611565 -12.230587 
59368.643347 -12.137910 
59368.675129 -12.031077 
59368.706911 -11.909948 
59368.738693 -11.774398 
59368.770475 -11.624316 
59368.802257 -11.459606 
59368.834039 -11.280185 
59368.865821 -11.085987 
59368.897603 -10.876960 
59368.929385 -10.653066 
59368.961167 -10.414285 
59368.992949 -10.160611 
59369.024731 -9.892054 
59369.056513 -9.608641 
59369.088295 -9.310413 
59369.120077 -8.997429 
59369.151859 -8.669763 
59369.183641 -8.327507 
59369.215423 -7.970767 
59369.247205 -7.599666 
59369.278987 -7.214344 
59369.310769 -6.814957 
59369.342551 -6.401678 
59369.374333 -5.974694 
59369.406115 -5.534209 
59369.437897 -5.080444 
59369.469679 -4.613635 
59369.501461 -4.134033 
59369.533243 -3.641905 
59369.565025 -3.137534 
59369.596807 -2.621217 
59369.628589 -2.093266 
59369.660371 -1.554008 
59369.692153 -1.003784 
59369.723935 -0.442949 
59369.755717 0.128128 
59369.787499 0.709066 
59369.819281 1.299468 
59369.851063 1.898928 
59369.882845 2.507026 
59369.914627 3.123329 
59369.946409 3.747395 
59369.978191 4.378769 
59370.009973 5.016986 
59370.041755 5.661573 
59370.073537 6.312043 
59370.105319 6.967905 
59370.137101 7.628655 
59370.168883 8.293784 
59370.200665 8.962773 
59370.232447 9.635098 
59370.264229 10.310229 
59370.296011 10.987627 
59370.327793 11.666750 
59370.359575 12.347051 
59370.391357 13.027980 
59370.423139 13.708980 
59370.454921 14.389496 
59370.486703 15.068965 
59370.518485 15.746827 
59370.550267 16.422519 
59370.582049 17.095478 
59370.613831 17.765139 
59370.645613 18.430942 
59370.677395 19.092325 
59370.709177 19.748729 
59370.740959 20.399597 
59370.772741 21.044377 
59370.804523 21.682520 
59370.836305 22.313481 
59370.868087 22.936721 
59370.899869 23.551706 
59370.931651 24.157909 
59370.963433 24.754809 
59370.995215 25.341895 
59371.026997 25.918660 
59371.058779 26.484611 
59371.090561 27.039259 
59371.122342 27.582128 
59371.154124 28.112753 
59371.185906 28.630677 
59371.217688 29.135457 
59371.249470 29.626661 
59371.281252 30.103868 
59371.313034 30.566674 
59371.344816 31.014685 
59371.376598 31.447521 
59371.408380 31.864817 
59371.440162 32.266224 
59371.471944 32.651406 
59371.503726 33.020044 
59371.535508 33.371833 
59371.567290 33.706488 
59371.599072 34.023736 
59371.630854 34.323323 
59371.662636 34.605014 
59371.694418 34.868587 
59371.726200 35.113842 
59371.757982 35.340595 
59371.789764 35.548680 
59371.821546 35.737949 
59371.853328 35.908273 
59371.885110 36.059542 
59371.916892 36.191664 
59371.948674 36.304566 
59371.980456 36.398195 
59372.012238 36.472514 
59372.044020 36.527509 
59372.075802 36.563181 
59372.107584 36.579552 
59372.139366 36.576664 
59372.171148 36.554575 
59372.202930 36.513364 
59372.234712 36.453128 
59372.266494 36.373982 
59372.298276 36.276061 
59372.330058 36.159515 
59372.361840 36.024516 
59372.393622 35.871250 
59372.425404 35.699924 
59372.457186 35.510760 
59372.488968 35.303997 
59372.520750 35.079893 
59372.552532 34.838719 
59372.584314 34.580765 
59372.616096 34.306335 
59372.647878 34.015750 
59372.679660 33.709343 
59372.711442 33.387464 
59372.743224 33.050477 
59372.775006 32.698759 
59372.806788 32.332700 
59372.838570 31.952703 
59372.870352 31.559183 
59372.902134 31.152568 
59372.933916 30.733295 
59372.965698 30.301814 
59372.997480 29.858584 
59373.029262 29.404073 
59373.061044 28.938759 
59373.092826 28.463129 
59373.124608 27.977677 
59373.156390 27.482904 
59373.188172 26.979319 
59373.219954 26.467436 
59373.251736 25.947775 
59373.283518 25.420861 
59373.315300 24.887223 
59373.347082 24.347395 
59373.378864 23.801911 
59373.410646 23.251312 
59373.442428 22.696137 
59373.474210 22.136927 
59373.505992 21.574226 
59373.537774 21.008574 
59373.569556 20.440515 
59373.601338 19.870588 
59373.633120 19.299331 
59373.664902 18.727281 
59373.696684 18.154971 
59373.728466 17.582931 
59373.760248 17.011685 
59373.792029 16.441753 
59373.823811 15.873652 
59373.855593 15.307890 
59373.887375 14.744969 
59373.919157 14.185386 
59373.950939 13.629629 
59373.982721 13.078177 
59374.014503 12.531502 
59374.046285 11.990067 
59374.078067 11.454324 
59374.109849 10.924717 
59374.141631 10.401678 
59374.173413 9.885629 
59374.205195 9.376979 
59374.236977 8.876129 
59374.268759 8.383464 
59374.300541 7.899359 
59374.332323 7.424175 
59374.364105 6.958260 
59374.395887 6.501949 
59374.427669 6.055565 
59374.459451 5.619412 
59374.491233 5.193786 
59374.523015 4.778963 
59374.554797 4.375208 
59374.586579 3.982770 
59374.618361 3.601882 
59374.650143 3.232763 
59374.681925 2.875616 
59374.713707 2.530629 
59374.745489 2.197973 
59374.777271 1.877805 
59374.809053 1.570266 
59374.840835 1.275480 
59374.872617 0.993558 
59374.904399 0.724591 
59374.936181 0.468658 
59374.967963 0.225821 
59374.999745 -0.003874 
59375.031527 -0.220396 
59375.063309 -0.423731 
59375.095091 -0.613877 
59375.126873 -0.790850 
59375.158655 -0.954681 
59375.190437 -1.105414 
59375.222219 -1.243108 
59375.254001 -1.367839 
59375.285783 -1.479695 
59375.317565 -1.578777 
59375.349347 -1.665201 
59375.381129 -1.739097 
59375.412911 -1.800608 
59375.444693 -1.849888 
59375.476475 -1.887106 
59375.508257 -1.912440 
59375.540039 -1.926083 
59375.571821 -1.928238 
59375.603603 -1.919119 
59375.635385 -1.898951 
59375.667167 -1.867968 
59375.698949 -1.826416 
59375.730731 -1.774549 
59375.762513 -1.712630 
59375.794295 -1.640931 
59375.826077 -1.559732 
59375.857859 -1.469321 
59375.889641 -1.369993 
59375.921423 -1.262049 
59375.953205 -1.145797 
59375.984987 -1.021551 
59376.016769 -0.889631 
59376.048551 -0.750359 
59376.080333 -0.604065 
59376.112115 -0.451081 
59376.143897 -0.291743 
59376.175679 -0.126388 
59376.207461 0.044642 
59376.239243 0.221003 
59376.271025 0.402352 
59376.302807 0.588342 
59376.334589 0.778629 
59376.366371 0.972865 
59376.398153 1.170704 
59376.429935 1.371803 
59376.461717 1.575817 
59376.493498 1.782405 
59376.525280 1.991227 
59376.557062 2.201946 
59376.588844 2.414228 
59376.620626 2.627742 
59376.652408 2.842164 
59376.684190 3.057169 
59376.715972 3.272441 
59376.747754 3.487667 
59376.779536 3.702540 
59376.811318 3.916759 
59376.843100 4.130029 
59376.874882 4.342061 
59376.906664 4.552573 
59376.938446 4.761291 
59376.970228 4.967948 
59377.002010 5.172283 
59377.033792 5.374045 
59377.065574 5.572990 
59377.097356 5.768883 
59377.129138 5.961498 
59377.160920 6.150617 
59377.192702 6.336032 
59377.224484 6.517542 
59377.256266 6.694959 
59377.288048 6.868101 
59377.319830 7.036798 
59377.351612 7.200889 
59377.383394 7.360222 
59377.415176 7.514657 
59377.446958 7.664061 
59377.478740 7.808315 
59377.510522 7.947307 
59377.542304 8.080935 
59377.574086 8.209110 
59377.605868 8.331751 
59377.637650 8.448787 
59377.669432 8.560158 
59377.701214 8.665813 
59377.732996 8.765711 
59377.764778 8.859823 
59377.796560 8.948127 
59377.828342 9.030611 
59377.860124 9.107275 
59377.891906 9.178125 
59377.923688 9.243179 
59377.955470 9.302462 
59377.987252 9.356010 
59378.019034 9.403865 
59378.050816 9.446080 
59378.082598 9.482715 
59378.114380 9.513838 
59378.146162 9.539525 
59378.177944 9.559861 
59378.209726 9.574936 
59378.241508 9.584850 
59378.273290 9.589705 
59378.305072 9.589616 
59378.336854 9.584698 
59378.368636 9.575077 
59378.400418 9.560881 
59378.432200 9.542246 
59378.463982 9.519312 
59378.495764 9.492223 
59378.527546 9.461129 
59378.559328 9.426183 
59378.591110 9.387542 
59378.622892 9.345368 
59378.654674 9.299823 
59378.686456 9.251075 
59378.718238 9.199293 
59378.750020 9.144649 
59378.781802 9.087315 
59378.813584 9.027467 
59378.845366 8.965280 
59378.877148 8.900932 
59378.908930 8.834600 
59378.940712 8.766462 
59378.972494 8.696696 
59379.004276 8.625478 
59379.036058 8.552987 
59379.067840 8.479396 
59379.099622 8.404882 
59379.131404 8.329616 
59379.163186 8.253770 
59379.194967 8.177512 
59379.226749 8.101009 
59379.258531 8.024425 
59379.290313 7.947920 
59379.322095 7.871653 
59379.353877 7.795777 
59379.385659 7.720444 
59379.417441 7.645800 
59379.449223 7.571987 
59379.481005 7.499145 
59379.512787 7.427408 
59379.544569 7.356904 
59379.576351 7.287758 
59379.608133 7.220091 
59379.639915 7.154015 
59379.671697 7.089641 
59379.703479 7.027073 
59379.735261 6.966407 
59379.767043 6.907738 
59379.798825 6.851152 
59379.830607 6.796731 
59379.862389 6.744548 
59379.894171 6.694675 
59379.925953 6.647174 
59379.957735 6.602103 
59379.989517 6.559513 
59380.021299 6.519450 
59380.053081 6.481952 
59380.084863 6.447053 
59380.116645 6.414781 
59380.148427 6.385156 
59380.180209 6.358194 
59380.211991 6.333904 
59380.243773 6.312291 
59380.275555 6.293352 
59380.307337 6.277079 
59380.339119 6.263459 
59380.370901 6.252474 
59380.402683 6.244099 
59380.434465 6.238305 
59380.466247 6.235058 
59380.498029 6.234319 
59380.529811 6.236044 
59380.561593 6.240184 
59380.593375 6.246686 
59380.625157 6.255492 
59380.656939 6.266543 
59380.688721 6.279771 
59380.720503 6.295108 
59380.752285 6.312482 
59380.784067 6.331816 
59380.815849 6.353033 
59380.847631 6.376049 
59380.879413 6.400780 
59380.911195 6.427140 
59380.942977 6.455040 
59380.974759 6.484387 
59381.006541 6.515090 
59381.038323 6.547054 
59381.070105 6.580183 
59381.101887 6.614380 
59381.133669 6.649548 
59381.165451 6.685588 
59381.197233 6.722403 
59381.229015 6.759892 
59381.260797 6.797958 
59381.292579 6.836503 
59381.324361 6.875429 
59381.356143 6.914638 
59381.387925 6.954035 
59381.419707 6.993526 
59381.451489 7.033017 
59381.483271 7.072417 
59381.515053 7.111636 
59381.546835 7.150586 
59381.578617 7.189183 
59381.610399 7.227344 
59381.642181 7.264987 
59381.673963 7.302037 
59381.705745 7.338418 
59381.737527 7.374060 
59381.769309 7.408895 
59381.801091 7.442858 
59381.832873 7.475889 
59381.864655 7.507930 
59381.896436 7.538928 
59381.928218 7.568835 
59381.960000 7.597606 
59381.991782 7.625199 
59382.023564 7.651577 
59382.055346 7.676710 
59382.087128 7.700569 
59382.118910 7.723131 
59382.150692 7.744377 
59382.182474 7.764294 
59382.214256 7.782871 
59382.246038 7.800105 
59382.277820 7.815995 
59382.309602 7.830546 
59382.341384 7.843767 
59382.373166 7.855672 
59382.404948 7.866280 
59382.436730 7.875614 
59382.468512 7.883701 
59382.500294 7.890575 
59382.532076 7.896271 
59382.563858 7.900830 
59382.595640 7.904298 
59382.627422 7.906724 
59382.659204 7.908163 
59382.690986 7.908670 
59382.722768 7.908308 
59382.754550 7.907142 
59382.786332 7.905240 
59382.818114 7.902675 
59382.849896 7.899521 
59382.881678 7.895858 
59382.913460 7.891767 
59382.945242 7.887332 
59382.977024 7.882639 
59383.008806 7.877780 
59383.040588 7.872844 
59383.072370 7.867926 
59383.104152 7.863121 
59383.135934 7.858527 
59383.167716 7.854241 
59383.199498 7.850365 
59383.231280 7.846997 
59383.263062 7.844242 
59383.294844 7.842199 
59383.326626 7.840973 
59383.358408 7.840665 
59383.390190 7.841379 
59383.421972 7.843217 
59383.453754 7.846280 
59383.485536 7.850669 
59383.517318 7.856485 
59383.549100 7.863826 
59383.580882 7.872789 
59383.612664 7.883469 
59383.644446 7.895962 
59383.676228 7.910357 
59383.708010 7.926744 
59383.739792 7.945210 
59383.771574 7.965839 
59383.803356 7.988711 
59383.835138 8.013905 
59383.866920 8.041494 
59383.898702 8.071549 
59383.930484 8.104138 
59383.962266 8.139324 
59383.994048 8.177164 
59384.025830 8.217715 
59384.057612 8.261027 
59384.089394 8.307145 
59384.121176 8.356110 
59384.152958 8.407959 
59384.184740 8.462722 
59384.216522 8.520426 
59384.248304 8.581092 
59384.280086 8.644735 
59384.311868 8.711364 
59384.343650 8.780986 
59384.375432 8.853598 
59384.407214 8.929194 
59384.438996 9.007762 
59384.470778 9.089284 
59384.502560 9.173736 
59384.534342 9.261088 
59384.566124 9.351304 
59384.597905 9.444344 
59384.629687 9.540161 
59384.661469 9.638700 
59384.693251 9.739905 
59384.725033 9.843710 
59384.756815 9.950045 
59384.788597 10.058835 
59384.820379 10.169998 
59384.852161 10.283447 
59384.883943 10.399091 
59384.915725 10.516832 
59384.947507 10.636567 
59384.979289 10.758189 
59385.011071 10.881585 
59385.042853 11.006638 
59385.074635 11.133226 
59385.106417 11.261221 
59385.138199 11.390494 
59385.169981 11.520910 
59385.201763 11.652329 
59385.233545 11.784608 
59385.265327 11.917602 
59385.297109 12.051161 
59385.328891 12.185133 
59385.360673 12.319360 
59385.392455 12.453686 
59385.424237 12.587948 
59385.456019 12.721985 
59385.487801 12.855631 
59385.519583 12.988718 
59385.551365 13.121079 
59385.583147 13.252545 
59385.614929 13.382944 
59385.646711 13.512106 
59385.678493 13.639858 
59385.710275 13.766030 
59385.742057 13.890449 
59385.773839 14.012944 
59385.805621 14.133344 
59385.837403 14.251480 
59385.869185 14.367184 
59385.900967 14.480288 
59385.932749 14.590626 
59385.964531 14.698037 
59385.996313 14.802359 
59386.028095 14.903434 
59386.059877 15.001106 
59386.091659 15.095223 
59386.123441 15.185637 
59386.155223 15.272201 
59386.187005 15.354775 
59386.218787 15.433222 
59386.250569 15.507408 
59386.282351 15.577205 
59386.314133 15.642491 
59386.345915 15.703146 
59386.377697 15.759058 
59386.409479 15.810120 
59386.441261 15.856229 
59386.473043 15.897290 
59386.504825 15.933214 
59386.536607 15.963916 
59386.568389 15.989321 
59386.600171 16.009357 
59386.631953 16.023961 
59386.663735 16.033077 
59386.695517 16.036655 
59386.727299 16.034653 
59386.759081 16.027035 
59386.790863 16.013774 
59386.822645 15.994850 
59386.854427 15.970249 
59386.886209 15.939967 
59386.917991 15.904006 
59386.949773 15.862378 
59386.981555 15.815098 
59387.013337 15.762195 
59387.045119 15.703700 
59387.076901 15.639655 
59387.108683 15.570110 
59387.140465 15.495122 
59387.172247 15.414754 
59387.204029 15.329079 
59387.235811 15.238176 
59387.267593 15.142133 
59387.299374 15.041045 
59387.331156 14.935012 
59387.362938 14.824145 
59387.394720 14.708558 
59387.426502 14.588376 
59387.458284 14.463728 
59387.490066 14.334750 
59387.521848 14.201585 
59387.553630 14.064382 
59387.585412 13.923296 
59387.617194 13.778489 
59387.648976 13.630126 
59387.680758 13.478380 
59387.712540 13.323429 
59387.744322 13.165454 
59387.776104 13.004643 
59387.807886 12.841186 
59387.839668 12.675280 
59387.871450 12.507124 
59387.903232 12.336921 
59387.935014 12.164878 
59387.966796 11.991204 
59387.998578 11.816112 
59388.030360 11.639817 
59388.062142 11.462535 
59388.093924 11.284485 
59388.125706 11.105888 
59388.157488 10.926966 
59388.189270 10.747940 
59388.221052 10.569033 
59388.252834 10.390469 
59388.284616 10.212471 
59388.316398 10.035261 
59388.348180 9.859062 
59388.379962 9.684093 
59388.411744 9.510574 
59388.443526 9.338723 
59388.475308 9.168754 
59388.507090 9.000882 
59388.538872 8.835315 
59388.570654 8.672261 
59388.602436 8.511923 
59388.634218 8.354502 
59388.666000 8.200193 
59388.697782 8.049187 
59388.729564 7.901672 
59388.761346 7.757829 
59388.793128 7.617835 
59388.824910 7.481860 
59388.856692 7.350071 
59388.888474 7.222626 
59388.920256 7.099677 
59388.952038 6.981373 
59388.983820 6.867851 
59389.015602 6.759243 
59389.047384 6.655676 
59389.079166 6.557267 
59389.110948 6.464125 
59389.142730 6.376352 
59389.174512 6.294042 
59389.206294 6.217281 
59389.238076 6.146146 
59389.269858 6.080705 
59389.301640 6.021019 
59389.333422 5.967137 
59389.365204 5.919103 
59389.396986 5.876949 
59389.428768 5.840700 
59389.460550 5.810369 
59389.492332 5.785963 
59389.524114 5.767478 
59389.555896 5.754900 
59389.587678 5.748208 
59389.619460 5.747368 
59389.651242 5.752341 
59389.683024 5.763075 
59389.714806 5.779511 
59389.746588 5.801580 
59389.778370 5.829203 
59389.810152 5.862294 
59389.841934 5.900755 
59389.873716 5.944483 
59389.905498 5.993363 
59389.937280 6.047272 
59389.969061 6.106081 
59390.000843 6.169648 
59390.032625 6.237827 
59390.064407 6.310462 
59390.096189 6.387390 
59390.127971 6.468440 
59390.159753 6.553434 
59390.191535 6.642187 
59390.223317 6.734506 
59390.255099 6.830193 
59390.286881 6.929043 
59390.318663 7.030843 
59390.350445 7.135377 
59390.382227 7.242423 
59390.414009 7.351753 
59390.445791 7.463133 
59390.477573 7.576327 
59390.509355 7.691093 
59390.541137 7.807185 
59390.572919 7.924355 
59390.604701 8.042349 
59390.636483 8.160913 
59390.668265 8.279789 
59390.700047 8.398717 
59390.731829 8.517436 
59390.763611 8.635681 
59390.795393 8.753188 
59390.827175 8.869693 
59390.858957 8.984930 
59390.890739 9.098634 
59390.922521 9.210540 
59390.954303 9.320384 
59390.986085 9.427902 
59391.017867 9.532835 
59391.049649 9.634922 
59391.081431 9.733906 
59391.113213 9.829533 
59391.144995 9.921552 
59391.176777 10.009715 
59391.208559 10.093777 
59391.240341 10.173500 
59391.272123 10.248647 
59391.303905 10.318988 
59391.335687 10.384297 
59391.367469 10.444356 
59391.399251 10.498949 
59391.431033 10.547870 
59391.462815 10.590916 
59391.494597 10.627894 
59391.526379 10.658616 
59391.558161 10.682902 
59391.589943 10.700581 
59391.621725 10.711486 
59391.653507 10.715463 
59391.685289 10.712363 
59391.717071 10.702048 
59391.748853 10.684388 
59391.780635 10.659260 
59391.812417 10.626554 
59391.844199 10.586167 
59391.875981 10.538007 
59391.907763 10.481991 
59391.939545 10.418045 
59391.971327 10.346107 
59392.003109 10.266126 
59392.034891 10.178057 
59392.066673 10.081871 
59392.098455 9.977544 
59392.130237 9.865068 
59392.162019 9.744441 
59392.193801 9.615674 
59392.225583 9.478789 
59392.257365 9.333817 
59392.289147 9.180801 
59392.320929 9.019794 
59392.352711 8.850860 
59392.384493 8.674073 
59392.416275 8.489518 
59392.448057 8.297289 
59392.479839 8.097494 
59392.511621 7.890246 
59392.543403 7.675673 
59392.575185 7.453908 
59392.606967 7.225099 
59392.638749 6.989400 
59392.670530 6.746975 
59392.702312 6.497998 
59392.734094 6.242652 
59392.765876 5.981128 
59392.797658 5.713626 
59392.829440 5.440355 
59392.861222 5.161531 
59392.893004 4.877378 
59392.924786 4.588128 
59392.956568 4.294021 
59392.988350 3.995301 
59393.020132 3.692223 
59393.051914 3.385045 
59393.083696 3.074031 
59393.115478 2.759454 
59393.147260 2.441588 
59393.179042 2.120716 
59393.210824 1.797122 
59393.242606 1.471096 
59393.274388 1.142934 
59393.306170 0.812931 
59393.337952 0.481390 
59393.369734 0.148612 
59393.401516 -0.185095 
59393.433298 -0.519423 
59393.465080 -0.854065 
59393.496862 -1.188707 
59393.528644 -1.523040 
59393.560426 -1.856750 
59393.592208 -2.189525 
59393.623990 -2.521055 
59393.655772 -2.851027 
59393.687554 -3.179131 
59393.719336 -3.505059 
59393.751118 -3.828505 
59393.782900 -4.149164 
59393.814682 -4.466734 
59393.846464 -4.780917 
59393.878246 -5.091418 
59393.910028 -5.397945 
59393.941810 -5.700211 
59393.973592 -5.997933 
59394.005374 -6.290833 
59394.037156 -6.578640 
59394.068938 -6.861084 
59394.100720 -7.137907 
59394.132502 -7.408851 
59394.164284 -7.673669 
59394.196066 -7.932120 
59394.227848 -8.183968 
59394.259630 -8.428986 
59394.291412 -8.666955 
59394.323194 -8.897663 
59394.354976 -9.120907 
59394.386758 -9.336492 
59394.418540 -9.544231 
59394.450322 -9.743947 
59394.482104 -9.935472 
59394.513886 -10.118647 
59394.545668 -10.293322 
59394.577450 -10.459356 
59394.609232 -10.616621 
59394.641014 -10.764995 
59394.672796 -10.904368 
59394.704578 -11.034641 
59394.736360 -11.155723 
59394.768142 -11.267534 
59394.799924 -11.370007 
59394.831706 -11.463082 
59394.863488 -11.546711 
59394.895270 -11.620856 
59394.927052 -11.685492 
59394.958834 -11.740601 
59394.990616 -11.786177 
59395.022398 -11.822226 
59395.054180 -11.848762 
59395.085962 -11.865812 
59395.117744 -11.873411 
59395.149526 -11.871605 
59395.181308 -11.860451 
59395.213090 -11.840016 
59395.244872 -11.810377 
59395.276654 -11.771618 
59395.308436 -11.723838 
59395.340218 -11.667141 
59395.371999 -11.601642 
59395.403781 -11.527466 
59395.435563 -11.444745 
59395.467345 -11.353621 
59395.499127 -11.254245 
59395.530909 -11.146776 
59395.562691 -11.031380 
59395.594473 -10.908232 
59395.626255 -10.777514 
59395.658037 -10.639416 
59395.689819 -10.494134 
59395.721601 -10.341872 
59395.753383 -10.182840 
59395.785165 -10.017253 
59395.816947 -9.845334 
59395.848729 -9.667309 
59395.880511 -9.483412 
59395.912293 -9.293880 
59395.944075 -9.098955 
59395.975857 -8.898883 
59396.007639 -8.693915 
59396.039421 -8.484305 
59396.071203 -8.270309 
59396.102985 -8.052188 
59396.134767 -7.830204 
59396.166549 -7.604621 
59396.198331 -7.375706 
59396.230113 -7.143727 
59396.261895 -6.908953 
59396.293677 -6.671654 
59396.325459 -6.432100 
59396.357241 -6.190561 
59396.389023 -5.947307 
59396.420805 -5.702608 
59396.452587 -5.456732 
59396.484369 -5.209946 
59396.516151 -4.962516 
59396.547933 -4.714704 
59396.579715 -4.466773 
59396.611497 -4.218980 
59396.643279 -3.971581 
59396.675061 -3.724830 
59396.706843 -3.478973 
59396.738625 -3.234256 
59396.770407 -2.990921 
59396.802189 -2.749203 
59396.833971 -2.509334 
59396.865753 -2.271540 
59396.897535 -2.036044 
59396.929317 -1.803061 
59396.961099 -1.572801 
59396.992881 -1.345469 
59397.024663 -1.121263 
59397.056445 -0.900375 
59397.088227 -0.682989 
59397.120009 -0.469286 
59397.151791 -0.259435 
59397.183573 -0.053601 
59397.215355 0.148057 
59397.247137 0.345391 
59397.278919 0.538258 
59397.310701 0.726524 
59397.342483 0.910061 
59397.374265 1.088751 
59397.406047 1.262483 
59397.437829 1.431153 
59397.469611 1.594667 
59397.501393 1.752937 
59397.533175 1.905885 
59397.564957 2.053441 
59397.596739 2.195542 
59397.628521 2.332133 
59397.660303 2.463170 
59397.692085 2.588615 
59397.723867 2.708437 
59397.755649 2.822616 
59397.787431 2.931137 
59397.819213 3.033996 
59397.850995 3.131194 
59397.882777 3.222743 
59397.914559 3.308659 
59397.946341 3.388968 
59397.978123 3.463704 
59398.009905 3.532906 
59398.041687 3.596622 
59398.073468 3.654907 
59398.105250 3.707822 
59398.137032 3.755435 
59398.168814 3.797821 
59398.200596 3.835060 
59398.232378 3.867241 
59398.264160 3.894456 
59398.295942 3.916804 
59398.327724 3.934389 
59398.359506 3.947323 
59398.391288 3.955719 
59398.423070 3.959697 
59398.454852 3.959382 
59398.486634 3.954902 
59398.518416 3.946391 
59398.550198 3.933985 
59398.581980 3.917826 
59398.613762 3.898056 
59398.645544 3.874823 
59398.677326 3.848276 
59398.709108 3.818569 
59398.740890 3.785857 
59398.772672 3.750295 
59398.804454 3.712043 
59398.836236 3.671260 
59398.868018 3.628110 
59398.899800 3.582753 
59398.931582 3.535354 
59398.963364 3.486075 
59398.995146 3.435081 
59399.026928 3.382536 
59399.058710 3.328604 
59399.090492 3.273446 
59399.122274 3.217226 
59399.154056 3.160105 
59399.185838 3.102242 
59399.217620 3.043796 
59399.249402 2.984923 
59399.281184 2.925778 
59399.312966 2.866513 
59399.344748 2.807277 
59399.376530 2.748218 
59399.408312 2.689481 
59399.440094 2.631205 
59399.471876 2.573530 
59399.503658 2.516590 
59399.535440 2.460516 
59399.567222 2.405434 
59399.599004 2.351469 
59399.630786 2.298738 
59399.662568 2.247357 
59399.694350 2.197437 
59399.726132 2.149082 
59399.757914 2.102395 
59399.789696 2.057472 
59399.821478 2.014404 
59399.853260 1.973279 
59399.885042 1.934177 
59399.916824 1.897176 
59399.948606 1.862348 
59399.980388 1.829757 
59400.012170 1.799465 
59400.043952 1.771528 
59400.075734 1.745996 
59400.107516 1.722914 
59400.139298 1.702321 
59400.171080 1.684252 
59400.202862 1.668735 
59400.234644 1.655794 
59400.266426 1.645447 
59400.298208 1.637707 
59400.329990 1.632582 
59400.361772 1.630073 
59400.393554 1.630178 
59400.425336 1.632890 
59400.457118 1.638195 
59400.488900 1.646076 
59400.520682 1.656510 
59400.552464 1.669470 
59400.584246 1.684925 
59400.616028 1.702837 
59400.647810 1.723166 
59400.679592 1.745868 
59400.711374 1.770892 
59400.743156 1.798186 
59400.774937 1.827693 
59400.806719 1.859353 
59400.838501 1.893100 
59400.870283 1.928867 
59400.902065 1.966583 
59400.933847 2.006175 
59400.965629 2.047566 
59400.997411 2.090676 
59401.029193 2.135422 
59401.060975 2.181722 
59401.092757 2.229487 
59401.124539 2.278629 
59401.156321 2.329057 
59401.188103 2.380680 
59401.219885 2.433405 
59401.251667 2.487135 
59401.283449 2.541775 
59401.315231 2.597228 
59401.347013 2.653398 
59401.378795 2.710185 
59401.410577 2.767491 
59401.442359 2.825218 
59401.474141 2.883268 
59401.505923 2.941542 
59401.537705 2.999942 
59401.569487 3.058371 
59401.601269 3.116733 
59401.633051 3.174932 
59401.664833 3.232874 
59401.696615 3.290464 
59401.728397 3.347613 
59401.760179 3.404228 
59401.791961 3.460223 
59401.823743 3.515509 
59401.855525 3.570003 
59401.887307 3.623622 
59401.919089 3.676286 
59401.950871 3.727917 
59401.982653 3.778440 
59402.014435 3.827782 
59402.046217 3.875873 
59402.077999 3.922647 
59402.109781 3.968039 
59402.141563 4.011988 
59402.173345 4.054437 
59402.205127 4.095330 
59402.236909 4.134617 
59402.268691 4.172250 
59402.300473 4.208183 
59402.332255 4.242376 
59402.364037 4.274791 
59402.395819 4.305394 
59402.427601 4.334155 
59402.459383 4.361045 
59402.491165 4.386043 
59402.522947 4.409128 
59402.554729 4.430284 
59402.586511 4.449499 
59402.618293 4.466764 
59402.650075 4.482074 
59402.681857 4.495426 
59402.713639 4.506823 
59402.745421 4.516270 
59402.777203 4.523776 
59402.808985 4.529353 
59402.840767 4.533016 
59402.872549 4.534785 
59402.904331 4.534682 
59402.936113 4.532732 
59402.967895 4.528963 
59402.999677 4.523407 
59403.031459 4.516099 
59403.063241 4.507074 
59403.095023 4.496374 
59403.126805 4.484042 
59403.158587 4.470121 
59403.190369 4.454660 
59403.222151 4.437709 
59403.253933 4.419320 
59403.285715 4.399547 
59403.317497 4.378447 
59403.349279 4.356077 
59403.381061 4.332498 
59403.412843 4.307772 
59403.444624 4.281960 
59403.476406 4.255129 
59403.508188 4.227343 
59403.539970 4.198670 
59403.571752 4.169177 
59403.603534 4.138932 
59403.635316 4.108007 
59403.667098 4.076470 
59403.698880 4.044392 
59403.730662 4.011844 
59403.762444 3.978897 
59403.794226 3.945623 
59403.826008 3.912092 
59403.857790 3.878377 
59403.889572 3.844547 
59403.921354 3.810673 
59403.953136 3.776826 
59403.984918 3.743074 
59404.016700 3.709487 
59404.048482 3.676132 
59404.080264 3.643075 
59404.112046 3.610385 
59404.143828 3.578124 
59404.175610 3.546356 
59404.207392 3.515145 
59404.239174 3.484550 
59404.270956 3.454632 
59404.302738 3.425448 
59404.334520 3.397054 
59404.366302 3.369506 
59404.398084 3.342857 
59404.429866 3.317156 
59404.461648 3.292455 
59404.493430 3.268800 
59404.525212 3.246237 
59404.556994 3.224809 
59404.588776 3.204559 
59404.620558 3.185524 
59404.652340 3.167744 
59404.684122 3.151253 
59404.715904 3.136085 
59404.747686 3.122271 
59404.779468 3.109840 
59404.811250 3.098820 
59404.843032 3.089235 
59404.874814 3.081109 
59404.906596 3.074462 
59404.938378 3.069313 
59404.970160 3.065680 
59405.001942 3.063576 
59405.033724 3.063017 
59405.065506 3.064011 
59405.097288 3.066570 
59405.129070 3.070700 
59405.160852 3.076407 
59405.192634 3.083695 
59405.224416 3.092568 
59405.256198 3.103025 
59405.287980 3.115066 
59405.319762 3.128689 
59405.351544 3.143890 
59405.383326 3.160666 
59405.415108 3.179010 
59405.446890 3.198915 
59405.478672 3.220372 
59405.510454 3.243373 
59405.542236 3.267908 
59405.574018 3.293966 
59405.605800 3.321534 
59405.637582 3.350601 
59405.669364 3.381155 
59405.701146 3.413180 
59405.732928 3.446664 
59405.764710 3.481593 
59405.796492 3.517952 
59405.828274 3.555726 
59405.860056 3.594901 
59405.891838 3.635461 
59405.923620 3.677393 
59405.955402 3.720682 
59405.987184 3.765313 
59406.018966 3.811272 
59406.050748 3.858545 
59406.082530 3.907120 
59406.114312 3.956982 
59406.146093 4.008120 
59406.177875 4.060522 
59406.209657 4.114176 
59406.241439 4.169072 
59406.273221 4.225200 
59406.305003 4.282551 
59406.336785 4.341116 
59406.368567 4.400888 
59406.400349 4.461860 
59406.432131 4.524026 
59406.463913 4.587381 
59406.495695 4.651921 
59406.527477 4.717642 
59406.559259 4.784542 
59406.591041 4.852620 
59406.622823 4.921875 
59406.654605 4.992307 
59406.686387 5.063917 
59406.718169 5.136706 
59406.749951 5.210678 
59406.781733 5.285835 
59406.813515 5.362182 
59406.845297 5.439724 
59406.877079 5.518464 
59406.908861 5.598410 
59406.940643 5.679568 
59406.972425 5.761943 
59407.004207 5.845544 
59407.035989 5.930376 
59407.067771 6.016449 
59407.099553 6.103768 
59407.131335 6.192342 
59407.163117 6.282178 
59407.194899 6.373283 
59407.226681 6.465664 
59407.258463 6.559327 
59407.290245 6.654278 
59407.322027 6.750523 
59407.353809 6.848066 
59407.385591 6.946910 
59407.417373 7.047059 
59407.449155 7.148513 
59407.480937 7.251272 
59407.512719 7.355336 
59407.544501 7.460702 
59407.576283 7.567366 
59407.608065 7.675320 
59407.639847 7.784558 
59407.671629 7.895068 
59407.703411 8.006839 
59407.735193 8.119855 
59407.766975 8.234100 
59407.798757 8.349553 
59407.830539 8.466193 
59407.862321 8.583993 
59407.894103 8.702925 
59407.925885 8.822958 
59407.957667 8.944056 
59407.989449 9.066181 
59408.021231 9.189292 
59408.053013 9.313343 
59408.084795 9.438285 
59408.116577 9.564065 
59408.148359 9.690626 
59408.180141 9.817906 
59408.211923 9.945842 
59408.243705 10.074363 
59408.275487 10.203395 
59408.307269 10.332861 
59408.339051 10.462678 
59408.370833 10.592758 
59408.402615 10.723010 
59408.434397 10.853338 
59408.466179 10.983639 
59408.497961 11.113810 
59408.529743 11.243738 
59408.561525 11.373308 
59408.593307 11.502401 
59408.625089 11.630891 
59408.656871 11.758648 
59408.688653 11.885538 
59408.720435 12.011421 
59408.752217 12.136153 
59408.783999 12.259586 
59408.815781 12.381566 
59408.847562 12.501935 
59408.879344 12.620530 
59408.911126 12.737185 
59408.942908 12.851728 
59408.974690 12.963984 
59409.006472 13.073773 
59409.038254 13.180910 
59409.070036 13.285210 
59409.101818 13.386479 
59409.133600 13.484524 
59409.165382 13.579145 
59409.197164 13.670141 
59409.228946 13.757308 
59409.260728 13.840436 
59409.292510 13.919317 
59409.324292 13.993736 
59409.356074 14.063478 
59409.387856 14.128327 
59409.419638 14.188062 
59409.451420 14.242463 
59409.483202 14.291306 
59409.514984 14.334370 
59409.546766 14.371429 
59409.578548 14.402259 
59409.610330 14.426633 
59409.642112 14.444328 
59409.673894 14.455117 
59409.705676 14.458777 
59409.737458 14.455083 
59409.769240 14.443813 
59409.801022 14.424745 
59409.832804 14.397662 
59409.864586 14.362344 
59409.896368 14.318578 
59409.928150 14.266150 
59409.959932 14.204853 
59409.991714 14.134480 
59410.023496 14.054830 
59410.055278 13.965704 
59410.087060 13.866908 
59410.118842 13.758255 
59410.150624 13.639560 
59410.182406 13.510645 
59410.214188 13.371336 
59410.245970 13.221468 
59410.277752 13.060880 
59410.309534 12.889419 
59410.341316 12.706937 
59410.373098 12.513296 
59410.404880 12.308363 
59410.436662 12.092016 
59410.468444 11.864138 
59410.500226 11.624623 
59410.532008 11.373372 
59410.563790 11.110297 
59410.595572 10.835318 
59410.627354 10.548365 
59410.659136 10.249378 
59410.690918 9.938308 
59410.722700 9.615114 
59410.754482 9.279768 
59410.786264 8.932251 
59410.818046 8.572558 
59410.849828 8.200692 
59410.881610 7.816669 
59410.913392 7.420516 
59410.945174 7.012273 
59410.976956 6.591990 
59411.008738 6.159732 
59411.040520 5.715572 
59411.072302 5.259600 
59411.104084 4.791914 
59411.135866 4.312627 
59411.167648 3.821864 
59411.199430 3.319764 
59411.231212 2.806475 
59411.262994 2.282160 
59411.294776 1.746996 
59411.326558 1.201170 
59411.358340 0.644882 
59411.390122 0.078347 
59411.421904 -0.498212 
59411.453686 -1.084555 
59411.485468 -1.680433 
59411.517250 -2.285582 
59411.549031 -2.899729 
59411.580813 -3.522587 
59411.612595 -4.153858 
59411.644377 -4.793232 
59411.676159 -5.440388 
59411.707941 -6.094993 
59411.739723 -6.756705 
59411.771505 -7.425169 
59411.803287 -8.100022 
59411.835069 -8.780888 
59411.866851 -9.467383 
59411.898633 -10.159114 
59411.930415 -10.855676 
59411.962197 -11.556658 
59411.993979 -12.261639 
59412.025761 -12.970190 
59412.057543 -13.681874 
59412.089325 -14.396247 
59412.121107 -15.112858 
59412.152889 -15.831248 
59412.184671 -16.550954 
59412.216453 -17.271505 
59412.248235 -17.992426 
59412.280017 -18.713238 
59412.311799 -19.433455 
59412.343581 -20.152588 
59412.375363 -20.870147 
59412.407145 -21.585635 
59412.438927 -22.298556 
59412.470709 -23.008410 
59412.502491 -23.714696 
59412.534273 -24.416912 
59412.566055 -25.114557 
59412.597837 -25.807128 
59412.629619 -26.494124 
59412.661401 -27.175045 
59412.693183 -27.849392 
59412.724965 -28.516668 
59412.756747 -29.176381 
59412.788529 -29.828040 
59412.820311 -30.471159 
59412.852093 -31.105256 
59412.883875 -31.729854 
59412.915657 -32.344482 
59412.947439 -32.948674 
59412.979221 -33.541972 
59413.011003 -34.123923 
59413.042785 -34.694082 
59413.074567 -35.252014 
59413.106349 -35.797291 
59413.138131 -36.329495 
59413.169913 -36.848215 
59413.201695 -37.353052 
59413.233477 -37.843619 
59413.265259 -38.319537 
59413.297041 -38.780439 
59413.328823 -39.225972 
59413.360605 -39.655792 
59413.392387 -40.069570 
59413.424169 -40.466989 
59413.455951 -40.847746 
59413.487733 -41.211550 
59413.519515 -41.558127 
59413.551297 -41.887215 
59413.583079 -42.198567 
59413.614861 -42.491953 
59413.646643 -42.767157 
59413.678425 -43.023978 
59413.710207 -43.262231 
59413.741989 -43.481748 
59413.773771 -43.682377 
59413.805553 -43.863982 
59413.837335 -44.026445 
59413.869117 -44.169662 
59413.900899 -44.293549 
59413.932681 -44.398037 
59413.964463 -44.483075 
59413.996245 -44.548630 
59414.028027 -44.594684 
59414.059809 -44.621238 
59414.091591 -44.628311 
59414.123373 -44.615938 
59414.155155 -44.584170 
59414.186937 -44.533078 
59414.218719 -44.462749 
59414.250500 -44.373286 
59414.282282 -44.264811 
59414.314064 -44.137460 
59414.345846 -43.991389 
59414.377628 -43.826768 
59414.409410 -43.643783 
59414.441192 -43.442639 
59414.472974 -43.223552 
59414.504756 -42.986759 
59414.536538 -42.732509 
59414.568320 -42.461066 
59414.600102 -42.172709 
59414.631884 -41.867732 
59414.663666 -41.546444 
59414.695448 -41.209164 
59414.727230 -40.856227 
59414.759012 -40.487981 
59414.790794 -40.104786 
59414.822576 -39.707013 
59414.854358 -39.295045 
59414.886140 -38.869278 
59414.917922 -38.430116 
59414.949704 -37.977975 
59414.981486 -37.513279 
59415.013268 -37.036463 
59415.045050 -36.547969 
59415.076832 -36.048249 
59415.108614 -35.537760 
59415.140396 -35.016969 
59415.172178 -34.486348 
59415.203960 -33.946374 
59415.235742 -33.397532 
59415.267524 -32.840308 
59415.299306 -32.275197 
59415.331088 -31.702694 
59415.362870 -31.123298 
59415.394652 -30.537512 
59415.426434 -29.945838 
59415.458216 -29.348783 
59415.489998 -28.746851 
59415.521780 -28.140549 
59415.553562 -27.530383 
59415.585344 -26.916857 
59415.617126 -26.300474 
59415.648908 -25.681735 
59415.680690 -25.061139 
59415.712472 -24.439180 
59415.744254 -23.816351 
59415.776036 -23.193136 
59415.807818 -22.570020 
59415.839600 -21.947478 
59415.871382 -21.325981 
59415.903164 -20.705992 
59415.934946 -20.087971 
59415.966728 -19.472365 
59415.998510 -18.859617 
59416.030292 -18.250161 
59416.062074 -17.644422 
59416.093856 -17.042814 
59416.125638 -16.445743 
59416.157420 -15.853606 
59416.189202 -15.266787 
59416.220984 -14.685661 
59416.252766 -14.110590 
59416.284548 -13.541927 
59416.316330 -12.980011 
59416.348112 -12.425170 
59416.379894 -11.877718 
59416.411676 -11.337959 
59416.443458 -10.806180 
59416.475240 -10.282660 
59416.507022 -9.767659 
59416.538804 -9.261428 
59416.570586 -8.764201 
59416.602368 -8.276201 
59416.634150 -7.797633 
59416.665932 -7.328692 
59416.697714 -6.869557 
59416.729496 -6.420391 
59416.761278 -5.981345 
59416.793060 -5.552555 
59416.824842 -5.134141 
59416.856624 -4.726212 
59416.888406 -4.328859 
59416.920188 -3.942161 
59416.951969 -3.566181 
59416.983751 -3.200970 
59417.015533 -2.846564 
59417.047315 -2.502983 
59417.079097 -2.170237 
59417.110879 -1.848319 
59417.142661 -1.537212 
59417.174443 -1.236882 
59417.206225 -0.947286 
59417.238007 -0.668365 
59417.269789 -0.400048 
59417.301571 -0.142255 
59417.333353 0.105111 
59417.365135 0.342153 
59417.396917 0.568991 
59417.428699 0.785751 
59417.460481 0.992573 
59417.492263 1.189606 
59417.524045 1.377008 
59417.555827 1.554947 
59417.587609 1.723601 
59417.619391 1.883157 
59417.651173 2.033807 
59417.682955 2.175755 
59417.714737 2.309211 
59417.746519 2.434389 
59417.778301 2.551515 
59417.810083 2.660816 
59417.841865 2.762528 
59417.873647 2.856890 
59417.905429 2.944147 
59417.937211 3.024548 
59417.968993 3.098345 
59418.000775 3.165795 
59418.032557 3.227155 
59418.064339 3.282686 
59418.096121 3.332652 
59418.127903 3.377316 
59418.159685 3.416944 
59418.191467 3.451801 
59418.223249 3.482153 
59418.255031 3.508264 
59418.286813 3.530399 
59418.318595 3.548821 
59418.350377 3.563790 
59418.382159 3.575566 
59418.413941 3.584404 
59418.445723 3.590557 
59418.477505 3.594275 
59418.509287 3.595804 
59418.541069 3.595386 
59418.572851 3.593256 
59418.604633 3.589647 
59418.636415 3.584786 
59418.668197 3.578894 
59418.699979 3.572185 
59418.731761 3.564868 
59418.763543 3.557145 
59418.795325 3.549212 
59418.827107 3.541256 
59418.858889 3.533459 
59418.890671 3.525994 
59418.922453 3.519026 
59418.954235 3.512713 
59418.986017 3.507204 
59419.017799 3.502639 
59419.049581 3.499153 
59419.081363 3.496867 
59419.113145 3.495898 
59419.144927 3.496353 
59419.176709 3.498327 
59419.208491 3.501910 
59419.240273 3.507182 
59419.272055 3.514213 
59419.303837 3.523065 
59419.335619 3.533790 
59419.367401 3.546432 
59419.399183 3.561025 
59419.430965 3.577596 
59419.462747 3.596162 
59419.494529 3.616730 
59419.526311 3.639302 
59419.558093 3.663869 
59419.589875 3.690413 
59419.621656 3.718911 
59419.653438 3.749329 
59419.685220 3.781628 
59419.717002 3.815759 
59419.748784 3.851667 
59419.780566 3.889290 
59419.812348 3.928559 
59419.844130 3.969399 
59419.875912 4.011727 
59419.907694 4.055457 
59419.939476 4.100495 
59419.971258 4.146743 
59420.003040 4.194096 
59420.034822 4.242446 
59420.066604 4.291681 
59420.098386 4.341684 
59420.130168 4.392335 
59420.161950 4.443510 
59420.193732 4.495081 
59420.225514 4.546921 
59420.257296 4.598898 
59420.289078 4.650878 
59420.320860 4.702727 
59420.352642 4.754308 
59420.384424 4.805487 
59420.416206 4.856125 
59420.447988 4.906087 
59420.479770 4.955236 
59420.511552 5.003436 
59420.543334 5.050555 
59420.575116 5.096458 
59420.606898 5.141017 
59420.638680 5.184102 
59420.670462 5.225588 
59420.702244 5.265353 
59420.734026 5.303277 
59420.765808 5.339246 
59420.797590 5.373148 
59420.829372 5.404876 
59420.861154 5.434328 
59420.892936 5.461407 
59420.924718 5.486022 
59420.956500 5.508086 
59420.988282 5.527519 
59421.020064 5.544246 
59421.051846 5.558200 
59421.083628 5.569320 
59421.115410 5.577550 
59421.147192 5.582844 
59421.178974 5.585162 
59421.210756 5.584470 
59421.242538 5.580744 
59421.274320 5.573965 
59421.306102 5.564125 
59421.337884 5.551220 
59421.369666 5.535258 
59421.401448 5.516252 
59421.433230 5.494225 
59421.465012 5.469207 
59421.496794 5.441238 
59421.528576 5.410364 
59421.560358 5.376640 
59421.592140 5.340129 
59421.623922 5.300904 
59421.655704 5.259044 
59421.687486 5.214636 
59421.719268 5.167776 
59421.751050 5.118567 
59421.782832 5.067120 
59421.814614 5.013552 
59421.846396 4.957991 
59421.878178 4.900567 
59421.909960 4.841422 
59421.941742 4.780701 
59421.973524 4.718558 
59422.005306 4.655150 
59422.037088 4.590644 
59422.068870 4.525209 
59422.100652 4.459023 
59422.132434 4.392265 
59422.164216 4.325122 
59422.195998 4.257785 
59422.227780 4.190446 
59422.259562 4.123306 
59422.291344 4.056564 
59422.323125 3.990426 
59422.354907 3.925098 
59422.386689 3.860790 
59422.418471 3.797712 
59422.450253 3.736078 
59422.482035 3.676099 
59422.513817 3.617991 
59422.545599 3.561967 
59422.577381 3.508241 
59422.609163 3.457026 
59422.640945 3.408533 
59422.672727 3.362973 
59422.704509 3.320554 
59422.736291 3.281480 
59422.768073 3.245955 
59422.799855 3.214178 
59422.831637 3.186343 
59422.863419 3.162643 
59422.895201 3.143262 
59422.926983 3.128382 
59422.958765 3.118179 
59422.990547 3.112822 
59423.022329 3.112474 
59423.054111 3.117291 
59423.085893 3.127423 
59423.117675 3.143011 
59423.149457 3.164188 
59423.181239 3.191080 
59423.213021 3.223803 
59423.244803 3.262464 
59423.276585 3.307162 
59423.308367 3.357986 
59423.340149 3.415013 
59423.371931 3.478312 
59423.403713 3.547940 
59423.435495 3.623945 
59423.467277 3.706363 
59423.499059 3.795218 
59423.530841 3.890524 
59423.562623 3.992282 
59423.594405 4.100482 
59423.626187 4.215102 
59423.657969 4.336109 
59423.689751 4.463455 
59423.721533 4.597083 
59423.753315 4.736922 
59423.785097 4.882888 
59423.816879 5.034887 
59423.848661 5.192810 
59423.880443 5.356538 
59423.912225 5.525937 
59423.944007 5.700864 
59423.975789 5.881161 
59424.007571 6.066660 
59424.039353 6.257180 
59424.071135 6.452529 
59424.102917 6.652502 
59424.134699 6.856883 
59424.166481 7.065448 
59424.198263 7.277956 
59424.230045 7.494162 
59424.261827 7.713806 
59424.293609 7.936619 
59424.325391 8.162322 
59424.357173 8.390629 
59424.388955 8.621242 
59424.420737 8.853856 
59424.452519 9.088156 
59424.484301 9.323822 
59424.516083 9.560523 
59424.547865 9.797923 
59424.579647 10.035680 
59424.611429 10.273446 
59424.643211 10.510865 
59424.674993 10.747579 
59424.706775 10.983223 
59424.738557 11.217430 
59424.770339 11.449828 
59424.802121 11.680044 
59424.833903 11.907701 
59424.865685 12.132421 
59424.897467 12.353824 
59424.929249 12.571531 
59424.961031 12.785161 
59424.992813 12.994337 
59425.024594 13.198679 
59425.056376 13.397811 
59425.088158 13.591362 
59425.119940 13.778958 
59425.151722 13.960236 
59425.183504 14.134831 
59425.215286 14.302386 
59425.247068 14.462551 
59425.278850 14.614978 
59425.310632 14.759330 
59425.342414 14.895276 
59425.374196 15.022491 
59425.405978 15.140661 
59425.437760 15.249480 
59425.469542 15.348654 
59425.501324 15.437895 
59425.533106 15.516930 
59425.564888 15.585494 
59425.596670 15.643338 
59425.628452 15.690221 
59425.660234 15.725918 
59425.692016 15.750216 
59425.723798 15.762916 
59425.755580 15.763833 
59425.787362 15.752799 
59425.819144 15.729658 
59425.850926 15.694271 
59425.882708 15.646514 
59425.914490 15.586281 
59425.946272 15.513482 
59425.978054 15.428041 
59426.009836 15.329904 
59426.041618 15.219030 
59426.073400 15.095398 
59426.105182 14.959004 
59426.136964 14.809862 
59426.168746 14.648004 
59426.200528 14.473481 
59426.232310 14.286361 
59426.264092 14.086731 
59426.295874 13.874697 
59426.327656 13.650383 
59426.359438 13.413930 
59426.391220 13.165500 
59426.423002 12.905270 
59426.454784 12.633439 
59426.486566 12.350222 
59426.518348 12.055850 
59426.550130 11.750575 
59426.581912 11.434665 
59426.613694 11.108404 
59426.645476 10.772096 
59426.677258 10.426058 
59426.709040 10.070627 
59426.740822 9.706151 
59426.772604 9.332999 
59426.804386 8.951552 
59426.836168 8.562206 
59426.867950 8.165371 
59426.899732 7.761472 
59426.931514 7.350946 
59426.963296 6.934242 
59426.995078 6.511824 
59427.026860 6.084165 
59427.058642 5.651749 
59427.090424 5.215071 
59427.122206 4.774636 
59427.153988 4.330956 
59427.185770 3.884554 
59427.217552 3.435958 
59427.249334 2.985705 
59427.281116 2.534337 
59427.312898 2.082401 
59427.344680 1.630449 
59427.376462 1.179037 
59427.408244 0.728723 
59427.440026 0.280069 
59427.471808 -0.166362 
59427.503590 -0.610009 
59427.535372 -1.050308 
59427.567154 -1.486698 
59427.598936 -1.918618 
59427.630718 -2.345513 
59427.662500 -2.766828 
59427.694282 -3.182015 
59427.726063 -3.590531 
59427.757845 -3.991836 
59427.789627 -4.385402 
59427.821409 -4.770705 
59427.853191 -5.147232 
59427.884973 -5.514476 
59427.916755 -5.871945 
59427.948537 -6.219154 
59427.980319 -6.555633 
59428.012101 -6.880921 
59428.043883 -7.194573 
59428.075665 -7.496159 
59428.107447 -7.785261 
59428.139229 -8.061478 
59428.171011 -8.324426 
59428.202793 -8.573737 
59428.234575 -8.809060 
59428.266357 -9.030065 
59428.298139 -9.236438 
59428.329921 -9.427886 
59428.361703 -9.604135 
59428.393485 -9.764933 
59428.425267 -9.910048 
59428.457049 -10.039270 
59428.488831 -10.152411 
59428.520613 -10.249307 
59428.552395 -10.329814 
59428.584177 -10.393814 
59428.615959 -10.441211 
59428.647741 -10.471934 
59428.679523 -10.485935 
59428.711305 -10.483192 
59428.743087 -10.463707 
59428.774869 -10.427506 
59428.806651 -10.374642 
59428.838433 -10.305192 
59428.870215 -10.219257 
59428.901997 -10.116966 
59428.933779 -9.998472 
59428.965561 -9.863951 
59428.997343 -9.713608 
59429.029125 -9.547671 
59429.060907 -9.366392 
59429.092689 -9.170050 
59429.124471 -8.958947 
59429.156253 -8.733409 
59429.188035 -8.493788 
59429.219817 -8.240456 
59429.251599 -7.973812 
59429.283381 -7.694277 
59429.315163 -7.402292 
59429.346945 -7.098323 
59429.378727 -6.782856 
59429.410509 -6.456398 
59429.442291 -6.119477 
59429.474073 -5.772641 
59429.505855 -5.416455 
59429.537637 -5.051506 
59429.569419 -4.678397 
59429.601201 -4.297747 
59429.632983 -3.910192 
59429.664765 -3.516386 
59429.696547 -3.116995 
59429.728329 -2.712699 
59429.760111 -2.304193 
59429.791893 -1.892183 
59429.823675 -1.477387 
59429.855457 -1.060532 
59429.887239 -0.642356 
59429.919021 -0.223606 
59429.950803 0.194966 
59429.982585 0.612598 
59430.014367 1.028526 
59430.046149 1.441978 
59430.077931 1.852180 
59430.109713 2.258356 
59430.141495 2.659729 
59430.173277 3.055518 
59430.205059 3.444947 
59430.236841 3.827240 
59430.268623 4.201623 
59430.300405 4.567326 
59430.332187 4.923585 
59430.363969 5.269641 
59430.395751 5.604743 
59430.427532 5.928146 
59430.459314 6.239117 
59430.491096 6.536931 
59430.522878 6.820875 
59430.554660 7.090249 
59430.586442 7.344364 
59430.618224 7.582547 
59430.650006 7.804141 
59430.681788 8.008503 
59430.713570 8.195010 
59430.745352 8.363054 
59430.777134 8.512048 
59430.808916 8.641424 
59430.840698 8.750637 
59430.872480 8.839160 
59430.904262 8.906491 
59430.936044 8.952151 
59430.967826 8.975684 
59430.999608 8.976659 
59431.031390 8.954672 
59431.063172 8.909344 
59431.094954 8.840322 
59431.126736 8.747282 
59431.158518 8.629926 
59431.190300 8.487986 
59431.222082 8.321223 
59431.253864 8.129427 
59431.285646 7.912419 
59431.317428 7.670047 
59431.349210 7.402194 
59431.380992 7.108772 
59431.412774 6.789723 
59431.444556 6.445022 
59431.476338 6.074676 
59431.508120 5.678722 
59431.539902 5.257231 
59431.571684 4.810305 
59431.603466 4.338078 
59431.635248 3.840715 
59431.667030 3.318415 
59431.698812 2.771408 
59431.730594 2.199955 
59431.762376 1.604349 
59431.794158 0.984914 
59431.825940 0.342005 
59431.857722 -0.323991 
59431.889504 -1.012659 
59431.921286 -1.723553 
59431.953068 -2.456196 
59431.984850 -3.210085 
59432.016632 -3.984686 
59432.048414 -4.779439 
59432.080196 -5.593755 
59432.111978 -6.427018 
59432.143760 -7.278589 
59432.175542 -8.147800 
59432.207324 -9.033961 
59432.239106 -9.936356 
59432.270888 -10.854249 
59432.302670 -11.786878 
59432.334452 -12.733463 
59432.366234 -13.693201 
59432.398016 -14.665273 
59432.429798 -15.648837 
59432.461580 -16.643037 
59432.493362 -17.646999 
59432.525144 -18.659833 
59432.556926 -19.680635 
59432.588708 -0.000002 
