# time Tc_folded Tref_folded value value_err offset model full_model val_compare val_compare_err residuals residuals_err jitter jitter_flag offset_flag subset_flag 
59334.700184 0.000000 0.000000 12.513036 0.102000 10.004924 0.034919 11.081376 1.466579 0.102000 1.431660 0.102000 1.525562  -1   2  -1 
59334.703954 0.000000 0.000000 12.338036 0.102000 10.004924 0.034375 11.083724 1.288687 0.102000 1.254312 0.102000 1.525562  -1   2  -1 
59334.711459 0.000000 0.000000 11.786036 0.102000 10.004924 0.033330 11.088429 0.730937 0.102000 0.697607 0.102000 1.525562  -1   2  -1 
59334.934601 0.000000 0.000000 12.027445 0.113000 10.037744 0.022954 11.277476 0.772923 0.113000 0.749969 0.113000 1.525562  -1   3  -1 
59334.935678 0.000000 0.000000 9.957445 0.113000 10.037744 0.022993 11.278297 -1.297859 0.113000 -1.320852 0.113000 1.525562  -1   3  -1 
59334.936754 0.000000 0.000000 9.409445 0.113000 10.037744 0.023033 11.279117 -1.846640 0.113000 -1.869672 0.113000 1.525562  -1   3  -1 
59336.069824 0.000000 0.000000 9.820445 0.117000 10.037744 0.259087 12.168994 -2.089462 0.117000 -2.348549 0.117000 1.525562  -1   3  -1 
59336.071983 0.000000 0.000000 12.385445 0.117000 10.037744 0.259495 12.170259 0.474682 0.117000 0.215186 0.117000 1.525562  -1   3  -1 
59336.073065 0.000000 0.000000 11.459445 0.117000 10.037744 0.259700 12.170891 -0.451747 0.117000 -0.711446 0.117000 1.525562  -1   3  -1 
59336.087932 0.000000 0.000000 12.299016 0.109000 8.459423 0.262469 10.601181 1.960304 0.109000 1.697835 0.109000 1.525562  -1   0  -1 
59336.113567 0.000000 0.000000 11.451016 0.109000 8.459423 0.267079 10.615676 1.102419 0.109000 0.835340 0.109000 1.525562  -1   0  -1 
59336.116529 0.000000 0.000000 10.632016 0.109000 8.459423 0.267598 10.617322 0.282292 0.109000 0.014694 0.109000 1.525562  -1   0  -1 
59337.794690 0.000000 0.000000 11.758036 0.103000 10.004924 0.053063 12.085748 -0.274649 0.103000 -0.327712 0.103000 1.525562  -1   2  -1 
59337.802213 0.000000 0.000000 11.947036 0.103000 10.004924 0.050816 12.082174 -0.084322 0.103000 -0.135138 0.103000 1.525562  -1   2  -1 
59337.805964 0.000000 0.000000 11.783036 0.103000 10.004924 0.049698 12.080389 -0.247655 0.103000 -0.297353 0.103000 1.525562  -1   2  -1 
59338.101617 0.000000 0.000000 12.022016 0.109000 8.459423 -0.032418 10.390970 1.598627 0.109000 1.631046 0.109000 1.525562  -1   0  -1 
59338.106766 0.000000 0.000000 11.620016 0.110000 8.459423 -0.033701 10.388463 1.197852 0.110000 1.231553 0.110000 1.525562  -1   0  -1 
59338.111894 0.000000 0.000000 11.480016 0.110000 8.459423 -0.034973 10.385968 1.059076 0.110000 1.094048 0.110000 1.525562  -1   0  -1 
59340.098120 0.000000 0.000000 7.644445 0.116000 10.037744 0.145202 11.527443 -3.737796 0.116000 -3.882998 0.116000 1.525562  -1   3  -1 
59340.099194 0.000000 0.000000 10.253445 0.117000 10.037744 0.145543 11.527458 -1.128470 0.117000 -1.274013 0.117000 1.525562  -1   3  -1 
59340.101354 0.000000 0.000000 9.977445 0.116000 10.037744 0.146228 11.527488 -1.403815 0.116000 -1.550043 0.116000 1.525562  -1   3  -1 
59340.125153 0.000000 0.000000 10.201016 0.104000 8.459423 0.153758 9.949504 0.405270 0.104000 0.251512 0.104000 1.525562  -1   0  -1 
59340.134329 0.000000 0.000000 10.066016 0.104000 8.459423 0.156653 9.949636 0.273033 0.104000 0.116380 0.104000 1.525562  -1   0  -1 
59340.148161 0.000000 0.000000 9.340016 0.104000 8.459423 0.161007 9.949836 -0.448812 0.104000 -0.609820 0.104000 1.525562  -1   0  -1 
59341.954385 0.000000 0.000000 12.591445 0.119000 10.037744 0.305511 11.275641 1.621315 0.119000 1.315804 0.119000 1.525562  -1   3  -1 
59341.957620 0.000000 0.000000 11.846445 0.119000 10.037744 0.304888 11.274604 0.876729 0.119000 0.571841 0.119000 1.525562  -1   3  -1 
59341.958695 0.000000 0.000000 11.125445 0.119000 10.037744 0.304681 11.274259 0.155866 0.119000 -0.148814 0.119000 1.525562  -1   3  -1 
59341.996746 0.000000 0.000000 9.912016 0.107000 8.459423 0.297201 9.683679 0.525538 0.107000 0.228337 0.107000 1.525562  -1   0  -1 
59342.000684 0.000000 0.000000 11.168016 0.107000 8.459423 0.296412 9.682405 1.782023 0.107000 1.485611 0.107000 1.525562  -1   0  -1 
59343.674792 0.000000 0.000000 12.265036 0.104000 10.004924 0.054715 10.934613 1.385137 0.104000 1.330423 0.104000 1.525562  -1   2  -1 
59343.682301 0.000000 0.000000 11.495036 0.104000 10.004924 0.055186 10.935555 0.614667 0.104000 0.559481 0.104000 1.525562  -1   2  -1 
59343.689815 0.000000 0.000000 11.638036 0.104000 10.004924 0.055676 10.936523 0.757190 0.104000 0.701513 0.104000 1.525562  -1   2  -1 
59344.038460 0.000000 0.000000 9.612016 0.106000 8.459423 0.097432 9.461875 0.247573 0.106000 0.150141 0.106000 1.525562  -1   0  -1 
59344.047124 0.000000 0.000000 9.678016 0.105000 8.459423 0.098906 9.464247 0.312676 0.105000 0.213769 0.105000 1.525562  -1   0  -1 
59344.054785 0.000000 0.000000 9.704016 0.105000 8.459423 0.100226 9.466367 0.337875 0.105000 0.237649 0.105000 1.525562  -1   0  -1 
59344.090520 0.000000 0.000000 10.762445 0.117000 10.037744 0.106575 11.054858 -0.185838 0.117000 -0.292413 0.117000 1.525562  -1   3  -1 
59344.093753 0.000000 0.000000 10.331445 0.117000 10.037744 0.107165 11.055800 -0.617191 0.117000 -0.724355 0.117000 1.525562  -1   3  -1 
59344.094826 0.000000 0.000000 12.097445 0.117000 10.037744 0.107361 11.056114 1.148692 0.117000 1.041331 0.117000 1.525562  -1   3  -1 
59345.052239 0.000000 0.000000 9.690016 0.106000 8.459423 0.336165 9.863367 0.162815 0.106000 -0.173351 0.106000 1.525562  -1   0  -1 
59345.054836 0.000000 0.000000 9.351016 0.106000 8.459423 0.336763 9.864532 -0.176753 0.106000 -0.513516 0.106000 1.525562  -1   0  -1 
59345.062635 0.000000 0.000000 9.182016 0.105000 8.459423 0.338550 9.868029 -0.347462 0.105000 -0.686013 0.105000 1.525562  -1   0  -1 
59348.691508 0.000000 0.000000 9.657036 0.102000 10.004924 -0.084737 12.450298 -2.877999 0.102000 -2.793262 0.102000 1.525562  -1   2  -1 
59348.699020 0.000000 0.000000 11.244036 0.102000 10.004924 -0.084450 12.454339 -1.294753 0.102000 -1.210303 0.102000 1.525562  -1   2  -1 
59348.702790 0.000000 0.000000 11.974036 0.103000 10.004924 -0.084299 12.456372 -0.566635 0.103000 -0.482336 0.103000 1.525562  -1   2  -1 
59349.021951 0.000000 0.000000 7.957016 0.108000 8.459423 -0.056322 11.094955 -3.194260 0.108000 -3.137939 0.108000 1.525562  -1   0  -1 
59349.026999 0.000000 0.000000 5.714016 0.108000 8.459423 -0.055655 11.098024 -5.439663 0.108000 -5.384008 0.108000 1.525562  -1   0  -1 
59349.032064 0.000000 0.000000 9.298016 0.109000 8.459423 -0.054981 11.101107 -1.858072 0.109000 -1.803091 0.109000 1.525562  -1   0  -1 
59350.089948 0.000000 0.000000 11.005016 0.104000 8.459423 0.159847 11.729165 -0.564302 0.104000 -0.724149 0.104000 1.525562  -1   0  -1 
59350.092419 0.000000 0.000000 11.321016 0.104000 8.459423 0.160357 11.730350 -0.248976 0.104000 -0.409334 0.104000 1.525562  -1   0  -1 
59350.106715 0.000000 0.000000 11.969016 0.104000 8.459423 0.163295 11.737156 0.395155 0.104000 0.231860 0.104000 1.525562  -1   0  -1 
59350.920251 0.000000 0.000000 10.284016 0.105000 8.459423 0.269176 11.955913 -1.402721 0.105000 -1.671897 0.105000 1.525562  -1   0  -1 
59351.708087 0.000000 0.000000 10.082036 0.102000 10.004924 0.230366 13.348465 -3.036062 0.102000 -3.266429 0.102000 1.525562  -1   2  -1 
59351.715613 0.000000 0.000000 8.813036 0.102000 10.004924 0.229454 13.345413 -4.302923 0.102000 -4.532377 0.102000 1.525562  -1   2  -1 
59351.726880 0.000000 0.000000 9.479036 0.102000 10.004924 0.228075 13.340797 -3.633686 0.102000 -3.861761 0.102000 1.525562  -1   2  -1 
59352.098517 0.000000 0.000000 10.912016 0.107000 8.459423 0.176294 11.614507 -0.526196 0.107000 -0.702491 0.107000 1.525562  -1   0  -1 
59352.108322 0.000000 0.000000 10.396016 0.107000 8.459423 0.174830 11.609089 -1.038243 0.107000 -1.213073 0.107000 1.525562  -1   0  -1 
59352.122068 0.000000 0.000000 11.479016 0.107000 8.459423 0.172774 11.601446 0.050345 0.107000 -0.122430 0.107000 1.525562  -1   0  -1 
59353.715347 0.000000 0.000000 12.882036 0.106000 10.004924 0.051573 12.144390 0.789219 0.106000 0.737646 0.106000 1.525562  -1   2  -1 
59353.719104 0.000000 0.000000 13.429036 0.106000 10.004924 0.051701 12.142160 1.338577 0.106000 1.286876 0.106000 1.525562  -1   2  -1 
59353.722869 0.000000 0.000000 15.656036 0.106000 10.004924 0.051831 12.139926 3.567940 0.106000 3.516110 0.106000 1.525562  -1   2  -1 
59354.076145 0.000000 0.000000 10.993016 0.113000 8.459423 0.069860 10.390763 0.672113 0.113000 0.602253 0.113000 1.525562  -1   0  -1 
59354.101312 0.000000 0.000000 10.347016 0.115000 8.459423 0.071467 10.376647 0.041836 0.115000 -0.029631 0.115000 1.525562  -1   0  -1 
59354.104255 0.000000 0.000000 10.555016 0.115000 8.459423 0.071656 10.374999 0.251673 0.115000 0.180017 0.115000 1.525562  -1   0  -1 
59356.710684 0.000000 0.000000 8.178036 0.107000 10.004924 -0.060899 10.434387 -2.317249 0.107000 -2.256351 0.107000 1.525562  -1   2  -1 
59356.721985 0.000000 0.000000 8.616036 0.107000 10.004924 -0.062624 10.428402 -1.874990 0.107000 -1.812366 0.107000 1.525562  -1   2  -1 
59356.725745 0.000000 0.000000 7.224036 0.107000 10.004924 -0.063195 10.426417 -3.265576 0.107000 -3.202381 0.107000 1.525562  -1   2  -1 
59357.087914 0.000000 0.000000 11.478445 0.116000 10.037744 -0.111427 10.282894 1.084123 0.116000 1.195551 0.116000 1.525562  -1   3  -1 
59357.090082 0.000000 0.000000 9.046445 0.116000 10.037744 -0.111664 10.281939 -1.347158 0.116000 -1.235494 0.116000 1.525562  -1   3  -1 
59357.092248 0.000000 0.000000 11.123445 0.116000 10.037744 -0.111899 10.280986 0.730559 0.116000 0.842459 0.116000 1.525562  -1   3  -1 
59358.923301 0.000000 0.000000 9.632016 0.111000 8.459423 0.019769 8.434156 1.217629 0.111000 1.197860 0.111000 1.525562  -1   0  -1 
59358.931249 0.000000 0.000000 9.002016 0.111000 8.459423 0.021407 8.434960 0.588463 0.111000 0.567056 0.111000 1.525562  -1   0  -1 
59358.937426 0.000000 0.000000 9.394016 0.111000 8.459423 0.022681 8.435591 0.981106 0.111000 0.958425 0.111000 1.525562  -1   0  -1 
59358.952972 0.000000 0.000000 11.744445 0.116000 10.037744 0.025890 10.015525 1.754810 0.116000 1.728920 0.116000 1.525562  -1   3  -1 
59358.954053 0.000000 0.000000 9.716445 0.116000 10.037744 0.026113 10.015638 -0.273080 0.116000 -0.299193 0.116000 1.525562  -1   3  -1 
59358.956208 0.000000 0.000000 9.905445 0.116000 10.037744 0.026558 10.015865 -0.083862 0.116000 -0.110420 0.116000 1.525562  -1   3  -1 
59361.683491 0.000000 0.000000 11.014036 0.106000 10.004924 0.106794 10.249115 0.871715 0.106000 0.764921 0.106000 1.525562  -1   2  -1 
59361.687248 0.000000 0.000000 10.757036 0.106000 10.004924 0.106321 10.249509 0.613848 0.106000 0.507527 0.106000 1.525562  -1   2  -1 
59361.691012 0.000000 0.000000 10.074036 0.106000 10.004924 0.105849 10.249906 -0.070021 0.106000 -0.175870 0.106000 1.525562  -1   2  -1 
59361.944566 0.000000 0.000000 10.255016 0.107000 8.459423 0.075465 8.735839 1.594642 0.107000 1.519177 0.107000 1.525562  -1   0  -1 
59361.947357 0.000000 0.000000 8.539016 0.107000 8.459423 0.075152 8.736241 -0.122073 0.107000 -0.197225 0.107000 1.525562  -1   0  -1 
59361.957166 0.000000 0.000000 9.884016 0.108000 8.459423 0.074056 8.737663 1.220409 0.108000 1.146353 0.108000 1.525562  -1   0  -1 
59362.136140 0.000000 0.000000 11.463445 0.116000 10.037744 0.055416 10.344799 1.174062 0.116000 1.118646 0.116000 1.525562  -1   3  -1 
59362.137220 0.000000 0.000000 11.289445 0.116000 10.037744 0.055312 10.344989 0.999768 0.116000 0.944456 0.116000 1.525562  -1   3  -1 
59362.138308 0.000000 0.000000 11.254445 0.116000 10.037744 0.055207 10.345182 0.964471 0.116000 0.909263 0.116000 1.525562  -1   3  -1 
59364.917885 0.000000 0.000000 10.797445 0.117000 10.037744 -0.085766 10.909128 -0.197448 0.117000 -0.111683 0.117000 1.525562  -1   3  -1 
59364.918966 0.000000 0.000000 13.743445 0.118000 10.037744 -0.085911 10.909035 2.748499 0.118000 2.834410 0.118000 1.525562  -1   3  -1 
59364.921142 0.000000 0.000000 12.322445 0.117000 10.037744 -0.086205 10.908846 1.327394 0.117000 1.413599 0.117000 1.525562  -1   3  -1 
59365.067320 0.000000 0.000000 12.372016 0.109000 8.459423 -0.106355 9.314144 2.951517 0.109000 3.057872 0.109000 1.525562  -1   0  -1 
59365.069993 0.000000 0.000000 12.389016 0.109000 8.459423 -0.106729 9.313778 2.968509 0.109000 3.075238 0.109000 1.525562  -1   0  -1 
59365.075398 0.000000 0.000000 13.155016 0.109000 8.459423 -0.107486 9.313029 3.734501 0.109000 3.841987 0.109000 1.525562  -1   0  -1 
59365.648355 0.000000 0.000000 10.628036 0.104000 10.004924 -0.179897 10.731669 -0.283530 0.104000 -0.103633 0.104000 1.525562  -1   2  -1 
59365.652118 0.000000 0.000000 11.484036 0.104000 10.004924 -0.180249 10.730583 0.573204 0.104000 0.753453 0.104000 1.525562  -1   2  -1 
59365.659667 0.000000 0.000000 10.294036 0.105000 10.004924 -0.180947 10.728398 -0.615308 0.105000 -0.434362 0.105000 1.525562  -1   2  -1 
59365.941188 0.000000 0.000000 10.541016 0.109000 8.459423 -0.197939 9.095980 1.247098 0.109000 1.445036 0.109000 1.525562  -1   0  -1 
59365.959824 0.000000 0.000000 9.199016 0.108000 8.459423 -0.198339 9.089962 -0.089285 0.108000 0.109054 0.108000 1.525562  -1   0  -1 
59369.761210 0.000000 0.000000 8.228036 0.106000 10.004924 0.632068 8.997326 -0.137222 0.106000 -0.769290 0.106000 1.525562  -1   2  -1 
59369.768738 0.000000 0.000000 6.325036 0.106000 10.004924 0.626596 8.986873 -2.035241 0.106000 -2.661837 0.106000 1.525562  -1   2  -1 
59369.776263 0.000000 0.000000 7.991036 0.106000 10.004924 0.621070 8.976374 -0.364268 0.106000 -0.985338 0.106000 1.525562  -1   2  -1 
59369.910940 0.000000 0.000000 7.933445 0.117000 10.037744 0.512750 8.812984 -0.366789 0.117000 -0.879539 0.117000 1.525562  -1   3  -1 
59369.912028 0.000000 0.000000 8.050445 0.117000 10.037744 0.511803 8.811336 -0.249088 0.117000 -0.760891 0.117000 1.525562  -1   3  -1 
59369.913108 0.000000 0.000000 8.183445 0.117000 10.037744 0.510862 8.809699 -0.115392 0.117000 -0.626254 0.117000 1.525562  -1   3  -1 
59370.023276 0.000000 0.000000 6.073016 0.109000 8.459423 0.409203 7.059461 -0.577241 0.109000 -0.986445 0.109000 1.525562  -1   0  -1 
59370.025654 0.000000 0.000000 7.180016 0.109000 8.459423 0.406887 7.055644 0.531259 0.109000 0.124372 0.109000 1.525562  -1   0  -1 
59370.030553 0.000000 0.000000 6.341016 0.110000 8.459423 0.402099 7.047768 -0.304653 0.110000 -0.706752 0.110000 1.525562  -1   0  -1 
59374.802541 0.000000 0.000000 5.596036 0.107000 10.004924 -0.435206 6.408786 -1.247956 0.107000 -0.812750 0.107000 1.525562  -1   2  -1 
59374.806302 0.000000 0.000000 5.522036 0.107000 10.004924 -0.431416 6.412932 -1.322312 0.107000 -0.890896 0.107000 1.525562  -1   2  -1 
59374.810063 0.000000 0.000000 7.333036 0.107000 10.004924 -0.427636 6.417071 0.488330 0.107000 0.915965 0.107000 1.525562  -1   2  -1 
59376.787767 0.000000 0.000000 6.897036 0.106000 10.004924 0.018891 7.376299 -0.460371 0.106000 -0.479263 0.106000 1.525562  -1   2  -1 
59376.791518 0.000000 0.000000 6.839036 0.106000 10.004924 0.017307 7.376264 -0.519921 0.106000 -0.537228 0.106000 1.525562  -1   2  -1 
59376.799035 0.000000 0.000000 4.539036 0.106000 10.004924 0.014121 7.376189 -2.823032 0.106000 -2.837153 0.106000 1.525562  -1   2  -1 
59376.948922 0.000000 0.000000 7.490445 0.118000 10.037744 -0.052264 7.406211 0.031971 0.118000 0.084234 0.118000 1.525562  -1   3  -1 
59376.951075 0.000000 0.000000 9.995445 0.118000 10.037744 -0.053250 7.406159 2.536036 0.118000 2.589286 0.118000 1.525562  -1   3  -1 
59376.952157 0.000000 0.000000 7.071445 0.118000 10.037744 -0.053746 7.406133 -0.388433 0.118000 -0.334688 0.118000 1.525562  -1   3  -1 
59377.106321 0.000000 0.000000 4.323016 0.105000 8.459423 -0.125898 5.824045 -1.626927 0.105000 -1.501029 0.105000 1.525562  -1   0  -1 
59377.108935 0.000000 0.000000 6.659016 0.106000 8.459423 -0.127139 5.823988 0.707889 0.106000 0.835028 0.106000 1.525562  -1   0  -1 
59377.116326 0.000000 0.000000 6.710016 0.106000 8.459423 -0.130649 5.823829 0.755538 0.106000 0.886187 0.106000 1.525562  -1   0  -1 
59377.628949 0.000000 0.000000 6.412036 0.103000 10.004924 -0.364863 7.380798 -1.333624 0.103000 -0.968762 0.103000 1.525562  -1   2  -1 
59377.636479 0.000000 0.000000 8.793036 0.104000 10.004924 -0.367961 7.381471 1.043604 0.104000 1.411565 0.104000 1.525562  -1   2  -1 
59377.640253 0.000000 0.000000 8.817036 0.104000 10.004924 -0.369508 7.381815 1.065712 0.104000 1.435221 0.104000 1.525562  -1   2  -1 
59378.026109 0.000000 0.000000 7.354016 0.112000 8.459423 -0.503787 5.899149 0.951080 0.112000 1.454867 0.112000 1.525562  -1   0  -1 
59378.031599 0.000000 0.000000 6.618016 0.112000 8.459423 -0.505311 5.900464 0.212241 0.112000 0.717552 0.112000 1.525562  -1   0  -1 
59378.035635 0.000000 0.000000 4.879016 0.113000 8.459423 -0.506424 5.901439 -1.528847 0.113000 -1.022423 0.113000 1.525562  -1   0  -1 
59379.024886 0.000000 0.000000 7.645016 0.112000 8.459423 -0.584839 6.316145 0.744033 0.112000 1.328871 0.112000 1.525562  -1   0  -1 
59379.027585 0.000000 0.000000 6.054016 0.112000 8.459423 -0.584586 6.317617 -0.848187 0.112000 -0.263601 0.112000 1.525562  -1   0  -1 
59379.734125 0.000000 0.000000 7.982036 0.106000 10.004924 -0.475878 8.243215 -0.737057 0.106000 -0.261179 0.106000 1.525562  -1   2  -1 
59379.737891 0.000000 0.000000 7.372036 0.106000 10.004924 -0.475199 8.245036 -1.348199 0.106000 -0.873000 0.106000 1.525562  -1   2  -1 
59379.749170 0.000000 0.000000 5.973036 0.107000 10.004924 -0.473166 8.250467 -2.750597 0.107000 -2.277431 0.107000 1.525562  -1   2  -1 
59379.927944 0.000000 0.000000 6.373016 0.111000 8.459423 -0.441636 6.785805 -0.854425 0.111000 -0.412789 0.111000 1.525562  -1   0  -1 
59379.940910 0.000000 0.000000 6.288016 0.111000 8.459423 -0.439429 6.791248 -0.942660 0.111000 -0.503232 0.111000 1.525562  -1   0  -1 
59379.943737 0.000000 0.000000 7.458016 0.111000 8.459423 -0.438949 6.792426 0.226641 0.111000 0.665590 0.111000 1.525562  -1   0  -1 
59380.041449 0.000000 0.000000 9.142445 0.118000 10.037744 -0.422851 8.409620 0.309974 0.118000 0.732825 0.118000 1.525562  -1   3  -1 
59380.044695 0.000000 0.000000 7.565445 0.118000 10.037744 -0.422333 8.410847 -1.267735 0.118000 -0.845402 0.118000 1.525562  -1   3  -1 
59380.045775 0.000000 0.000000 9.611445 0.118000 10.037744 -0.422161 8.411255 0.778029 0.118000 1.200190 0.118000 1.525562  -1   3  -1 
59381.742082 0.000000 0.000000 8.717036 0.105000 10.004924 -0.393982 8.371226 -0.048173 0.105000 0.345810 0.105000 1.525562  -1   2  -1 
59381.745840 0.000000 0.000000 8.304036 0.105000 10.004924 -0.394334 8.370046 -0.460344 0.105000 -0.066010 0.105000 1.525562  -1   2  -1 
59381.749613 0.000000 0.000000 6.563036 0.106000 10.004924 -0.394688 8.368858 -2.200510 0.106000 -1.805822 0.106000 1.525562  -1   2  -1 
59381.964035 0.000000 0.000000 6.574016 0.108000 8.459423 -0.414946 6.752322 -0.593252 0.108000 -0.178306 0.108000 1.525562  -1   0  -1 
59381.966642 0.000000 0.000000 8.862016 0.108000 8.459423 -0.415189 6.751424 1.695403 0.108000 2.110592 0.108000 1.525562  -1   0  -1 
59381.969218 0.000000 0.000000 7.504016 0.108000 8.459423 -0.415429 6.750536 0.338050 0.108000 0.753480 0.108000 1.525562  -1   0  -1 
59382.115350 0.000000 0.000000 9.156445 0.114000 10.037744 -0.428646 8.277702 0.450097 0.114000 0.878743 0.114000 1.525562  -1   3  -1 
59382.116432 0.000000 0.000000 8.099445 0.114000 10.037744 -0.428741 8.277319 -0.606614 0.114000 -0.177874 0.114000 1.525562  -1   3  -1 
59382.117507 0.000000 0.000000 7.782445 0.114000 10.037744 -0.428834 8.276938 -0.923327 0.114000 -0.494493 0.114000 1.525562  -1   3  -1 
59383.644277 0.000000 0.000000 7.106036 0.103000 10.004924 -0.448581 7.796843 -1.139388 0.103000 -0.690807 0.103000 1.525562  -1   2  -1 
59383.648053 0.000000 0.000000 6.152036 0.103000 10.004924 -0.448422 7.796082 -2.092468 0.103000 -1.644046 0.103000 1.525562  -1   2  -1 
59383.655584 0.000000 0.000000 4.102036 0.103000 10.004924 -0.448106 7.794567 -4.140637 0.103000 -3.692531 0.103000 1.525562  -1   2  -1 
59383.978595 0.000000 0.000000 8.054445 0.119000 10.037744 -0.436673 7.765913 -0.148141 0.119000 0.288532 0.119000 1.525562  -1   3  -1 
59383.979676 0.000000 0.000000 10.057445 0.119000 10.037744 -0.436647 7.765715 1.855084 0.119000 2.291730 0.119000 1.525562  -1   3  -1 
59383.981846 0.000000 0.000000 10.101445 0.119000 10.037744 -0.436594 7.765317 1.899534 0.119000 2.336128 0.119000 1.525562  -1   3  -1 
59383.992473 0.000000 0.000000 5.816016 0.106000 8.459423 -0.436344 6.185050 -0.805378 0.106000 -0.369034 0.106000 1.525562  -1   0  -1 
59384.002278 0.000000 0.000000 5.494016 0.107000 8.459423 -0.436123 6.183257 -1.125364 0.107000 -0.689241 0.107000 1.525562  -1   0  -1 
59384.007238 0.000000 0.000000 6.542016 0.106000 8.459423 -0.436015 6.182351 -0.076349 0.106000 0.359665 0.106000 1.525562  -1   0  -1 
59384.628010 0.000000 0.000000 7.086036 0.099000 10.004924 -0.451396 7.610344 -0.975704 0.099000 -0.524308 0.099000 1.525562  -1   2  -1 
59384.631782 0.000000 0.000000 7.844036 0.100000 10.004924 -0.451712 7.609566 -0.217242 0.100000 0.234470 0.100000 1.525562  -1   2  -1 
59384.635541 0.000000 0.000000 5.998036 0.100000 10.004924 -0.452030 7.608790 -2.062784 0.100000 -1.610754 0.100000 1.525562  -1   2  -1 
59385.055212 0.000000 0.000000 5.790016 0.108000 8.459423 -0.507847 5.969061 -0.686892 0.108000 -0.179045 0.108000 1.525562  -1   0  -1 
59385.061472 0.000000 0.000000 5.595016 0.108000 8.459423 -0.508987 5.967542 -0.881513 0.108000 -0.372526 0.108000 1.525562  -1   0  -1 
59385.063906 0.000000 0.000000 5.283016 0.108000 8.459423 -0.509432 5.966951 -1.193367 0.108000 -0.683935 0.108000 1.525562  -1   0  -1 
59387.920967 0.000000 0.000000 6.280016 0.107000 8.459423 -0.910998 5.986713 -0.617696 0.107000 0.293303 0.107000 1.525562  -1   0  -1 
59387.926477 0.000000 0.000000 8.525016 0.107000 8.459423 -0.909575 5.990045 1.625396 0.107000 2.534971 0.107000 1.525562  -1   0  -1 
59387.929412 0.000000 0.000000 6.352016 0.107000 8.459423 -0.908813 5.991826 -0.548623 0.107000 0.360190 0.107000 1.525562  -1   0  -1 
59388.644350 0.000000 0.000000 8.653036 0.103000 10.004924 -0.660626 8.067018 -0.074608 0.103000 0.586018 0.103000 1.525562  -1   2  -1 
59388.659397 0.000000 0.000000 7.371036 0.104000 10.004924 -0.654639 8.079637 -1.363240 0.104000 -0.708601 0.104000 1.525562  -1   2  -1 
59388.663148 0.000000 0.000000 8.175036 0.104000 10.004924 -0.653146 8.082788 -0.560898 0.104000 0.092248 0.104000 1.525562  -1   2  -1 
59388.965674 0.000000 0.000000 6.242016 0.109000 8.459423 -0.534194 6.795827 -1.088005 0.109000 -0.553811 0.109000 1.525562  -1   0  -1 
59388.967365 0.000000 0.000000 6.920445 0.117000 10.037744 -0.533551 8.375605 -1.988711 0.117000 -1.455160 0.117000 1.525562  -1   3  -1 
59388.968252 0.000000 0.000000 4.378016 0.109000 8.459423 -0.533214 6.798047 -2.953244 0.109000 -2.420031 0.109000 1.525562  -1   0  -1 
59388.968449 0.000000 0.000000 6.153445 0.117000 10.037744 -0.533139 8.376538 -2.756232 0.117000 -2.223093 0.117000 1.525562  -1   3  -1 
59388.969524 0.000000 0.000000 7.251445 0.117000 10.037744 -0.532730 8.377464 -1.658749 0.117000 -1.126019 0.117000 1.525562  -1   3  -1 
59388.970854 0.000000 0.000000 4.576016 0.109000 8.459423 -0.532225 6.800287 -2.756496 0.109000 -2.224271 0.109000 1.525562  -1   0  -1 
59389.809335 0.000000 0.000000 9.271036 0.098000 10.004924 -0.304293 9.020728 -0.053984 0.098000 0.250308 0.098000 1.525562  -1   2  -1 
59389.828264 0.000000 0.000000 8.909036 0.097000 10.004924 -0.302040 9.034060 -0.427064 0.097000 -0.125024 0.097000 1.525562  -1   2  -1 
59389.832028 0.000000 0.000000 9.154036 0.096000 10.004924 -0.301610 9.036698 -0.184272 0.096000 0.117338 0.096000 1.525562  -1   2  -1 
59389.926150 0.000000 0.000000 10.903445 0.118000 10.037744 -0.292837 9.134054 1.476554 0.118000 1.769391 0.118000 1.525562  -1   3  -1 
59389.928313 0.000000 0.000000 8.793445 0.118000 10.037744 -0.292680 9.135504 -0.634740 0.118000 -0.342059 0.118000 1.525562  -1   3  -1 
59389.929388 0.000000 0.000000 8.906445 0.118000 10.037744 -0.292603 9.136225 -0.522383 0.118000 -0.229780 0.118000 1.525562  -1   3  -1 
59389.952568 0.000000 0.000000 6.474016 0.108000 8.459423 -0.291063 7.573346 -1.390393 0.108000 -1.099330 0.108000 1.525562  -1   0  -1 
59389.957794 0.000000 0.000000 5.317016 0.108000 8.459423 -0.290748 7.576804 -2.550536 0.108000 -2.259788 0.108000 1.525562  -1   0  -1 
59389.966851 0.000000 0.000000 6.199016 0.107000 8.459423 -0.290230 7.582777 -1.673991 0.107000 -1.383761 0.107000 1.525562  -1   0  -1 
59392.835547 0.000000 0.000000 10.331036 0.103000 10.004924 -0.625895 10.872406 -1.167265 0.103000 -0.541370 0.103000 1.525562  -1   2  -1 
59392.843066 0.000000 0.000000 10.441036 0.103000 10.004924 -0.623486 10.880505 -1.062954 0.103000 -0.439469 0.103000 1.525562  -1   2  -1 
59392.846825 0.000000 0.000000 9.767036 0.103000 10.004924 -0.622269 10.884564 -1.739797 0.103000 -1.117528 0.103000 1.525562  -1   2  -1 
59393.111566 0.000000 0.000000 12.567016 0.109000 8.459423 -0.517151 9.640922 2.408943 0.109000 2.926094 0.109000 1.525562  -1   0  -1 
59393.114447 0.000000 0.000000 11.103016 0.109000 8.459423 -0.515804 9.644366 0.942846 0.109000 1.458650 0.109000 1.525562  -1   0  -1 
59393.123097 0.000000 0.000000 9.965016 0.109000 8.459423 -0.511736 9.654726 -0.201446 0.109000 0.310290 0.109000 1.525562  -1   0  -1 
59397.703574 0.000000 0.000000 12.270036 0.104000 10.004924 -0.019831 12.119699 0.130506 0.104000 0.150337 0.104000 1.525562  -1   2  -1 
59397.714844 0.000000 0.000000 11.475036 0.104000 10.004924 -0.024553 12.110376 -0.659893 0.104000 -0.635340 0.104000 1.525562  -1   2  -1 
59397.718600 0.000000 0.000000 11.622036 0.104000 10.004924 -0.026118 12.107277 -0.511360 0.104000 -0.485241 0.104000 1.525562  -1   2  -1 
59397.891478 0.000000 0.000000 10.351016 0.106000 8.459423 -0.093223 10.423889 -0.166096 0.106000 -0.072873 0.106000 1.525562  -1   0  -1 
59397.896665 0.000000 0.000000 10.505016 0.106000 8.459423 -0.095079 10.419906 -0.009970 0.106000 0.085110 0.106000 1.525562  -1   0  -1 
59397.899199 0.000000 0.000000 10.793016 0.106000 8.459423 -0.095983 10.417964 0.279069 0.106000 0.375052 0.106000 1.525562  -1   0  -1 
59398.093478 0.000000 0.000000 9.225445 0.118000 10.037744 -0.158236 11.854558 -2.787350 0.118000 -2.629113 0.118000 1.525562  -1   3  -1 
59398.094558 0.000000 0.000000 12.796445 0.117000 10.037744 -0.158542 11.853812 0.784091 0.117000 0.942633 0.117000 1.525562  -1   3  -1 
59398.096718 0.000000 0.000000 10.478445 0.117000 10.037744 -0.159154 11.852321 -1.533029 0.117000 -1.373876 0.117000 1.525562  -1   3  -1 
59401.792180 0.000000 0.000000 10.003036 0.105000 10.004924 -0.141006 10.888368 -1.026338 0.105000 -0.885332 0.105000 1.525562  -1   2  -1 
59401.795940 0.000000 0.000000 9.622036 0.106000 10.004924 -0.141486 10.887665 -1.407115 0.106000 -1.265629 0.106000 1.525562  -1   2  -1 
59401.799701 0.000000 0.000000 10.338036 0.105000 10.004924 -0.141968 10.886962 -0.690894 0.105000 -0.548926 0.105000 1.525562  -1   2  -1 
59401.885991 0.000000 0.000000 9.301016 0.108000 8.459423 -0.153190 9.325606 -0.177781 0.108000 -0.024590 0.108000 1.525562  -1   0  -1 
59401.888644 0.000000 0.000000 10.478016 0.107000 8.459423 -0.153540 9.325128 0.999348 0.107000 1.152888 0.107000 1.525562  -1   0  -1 
59401.892602 0.000000 0.000000 10.397016 0.107000 8.459423 -0.154062 9.324415 0.918539 0.107000 1.072601 0.107000 1.525562  -1   0  -1 
59401.927059 0.000000 0.000000 10.789000 0.120000 10.968057 -0.158625 11.826903 -1.196527 0.120000 -1.037903 0.120000 1.525562  -1   1  -1 
59401.927765 0.000000 0.000000 11.705000 0.120000 10.968057 -0.158719 11.826778 -0.280496 0.120000 -0.121778 0.120000 1.525562  -1   1  -1 
59401.929177 0.000000 0.000000 11.050000 0.120000 10.968057 -0.158906 11.826528 -0.935434 0.120000 -0.776528 0.120000 1.525562  -1   1  -1 
59401.992049 0.000000 0.000000 12.236445 0.121000 10.037744 -0.167297 10.885299 1.183849 0.121000 1.351146 0.121000 1.525562  -1   3  -1 
59401.994207 0.000000 0.000000 12.383445 0.122000 10.037744 -0.167586 10.884932 1.330927 0.122000 1.498513 0.122000 1.525562  -1   3  -1 
59401.995280 0.000000 0.000000 11.654445 0.122000 10.037744 -0.167730 10.884749 0.601966 0.122000 0.769696 0.122000 1.525562  -1   3  -1 
59402.794210 0.000000 0.000000 10.546036 0.105000 10.004924 -0.259628 10.767895 -0.481487 0.105000 -0.221859 0.105000 1.525562  -1   2  -1 
59402.797974 0.000000 0.000000 9.392036 0.105000 10.004924 -0.259920 10.767815 -1.635699 0.105000 -1.375779 0.105000 1.525562  -1   2  -1 
59402.801729 0.000000 0.000000 10.372036 0.105000 10.004924 -0.260209 10.767739 -0.655912 0.105000 -0.395703 0.105000 1.525562  -1   2  -1 
59402.966503 0.000000 0.000000 11.189000 0.117000 10.968057 -0.271036 11.731006 -0.813042 0.117000 -0.542006 0.117000 1.525562  -1   1  -1 
59402.968621 0.000000 0.000000 14.018000 0.117000 10.968057 -0.271151 11.731052 2.015797 0.117000 2.286948 0.117000 1.525562  -1   1  -1 
59402.969327 0.000000 0.000000 13.132000 0.117000 10.968057 -0.271189 11.731068 1.129743 0.117000 1.400932 0.117000 1.525562  -1   1  -1 
59402.970612 0.000000 0.000000 11.095445 0.117000 10.037744 -0.271259 10.800784 0.023402 0.117000 0.294661 0.117000 1.525562  -1   3  -1 
59402.971692 0.000000 0.000000 13.128445 0.117000 10.037744 -0.271317 10.800809 2.056320 0.117000 2.327636 0.117000 1.525562  -1   3  -1 
59402.972765 0.000000 0.000000 12.770445 0.117000 10.037744 -0.271374 10.800834 1.698237 0.117000 1.969611 0.117000 1.525562  -1   3  -1 
59403.889282 0.000000 0.000000 10.672000 0.121000 10.968057 -0.263563 11.858646 -1.450208 0.121000 -1.186646 0.121000 1.525562  -1   1  -1 
59403.890693 0.000000 0.000000 11.039000 0.121000 10.968057 -0.263476 11.858992 -1.083469 0.121000 -0.819992 0.121000 1.525562  -1   1  -1 
59403.891398 0.000000 0.000000 10.586000 0.121000 10.968057 -0.263433 11.859166 -1.536599 0.121000 -1.273166 0.121000 1.525562  -1   1  -1 
59403.992215 0.000000 0.000000 8.990016 0.107000 8.459423 -0.256886 9.376313 -0.643182 0.107000 -0.386297 0.107000 1.525562  -1   0  -1 
59404.001960 0.000000 0.000000 9.910016 0.108000 8.459423 -0.256215 9.378906 0.274895 0.108000 0.531110 0.108000 1.525562  -1   0  -1 
59404.004362 0.000000 0.000000 9.362016 0.108000 8.459423 -0.256049 9.379548 -0.273581 0.108000 -0.017532 0.108000 1.525562  -1   0  -1 
59404.084675 0.000000 0.000000 10.388445 0.117000 10.037744 -0.250298 10.979918 -0.841771 0.117000 -0.591473 0.117000 1.525562  -1   3  -1 
59404.085749 0.000000 0.000000 12.446445 0.117000 10.037744 -0.250218 10.980220 1.216006 0.117000 1.466225 0.117000 1.525562  -1   3  -1 
59404.086835 0.000000 0.000000 11.398445 0.117000 10.037744 -0.250138 10.980526 0.167781 0.117000 0.417919 0.117000 1.525562  -1   3  -1 
59405.737353 0.000000 0.000000 13.281036 0.105000 10.004924 -0.164195 11.532763 1.584078 0.105000 1.748273 0.105000 1.525562  -1   2  -1 
59405.748644 0.000000 0.000000 13.121036 0.104000 10.004924 -0.164347 11.537024 1.419665 0.104000 1.584012 0.104000 1.525562  -1   2  -1 
59405.756176 0.000000 0.000000 12.271036 0.105000 10.004924 -0.164455 11.539866 0.566715 0.105000 0.731170 0.105000 1.525562  -1   2  -1 
59405.855588 0.000000 0.000000 13.100000 0.119000 10.968057 -0.166408 12.540469 0.393123 0.119000 0.559531 0.119000 1.525562  -1   1  -1 
59405.857000 0.000000 0.000000 13.186000 0.119000 10.968057 -0.166442 12.541001 0.478557 0.119000 0.644999 0.119000 1.525562  -1   1  -1 
59405.857706 0.000000 0.000000 13.044000 0.120000 10.968057 -0.166460 12.541266 0.336274 0.120000 0.502734 0.120000 1.525562  -1   1  -1 
59406.106963 0.000000 0.000000 13.801445 0.114000 10.037744 -0.175545 11.704449 1.921451 0.114000 2.096996 0.114000 1.525562  -1   3  -1 
59406.108044 0.000000 0.000000 12.581445 0.114000 10.037744 -0.175597 11.704853 0.700996 0.114000 0.876592 0.114000 1.525562  -1   3  -1 
59406.109128 0.000000 0.000000 12.133445 0.114000 10.037744 -0.175649 11.705258 0.252539 0.114000 0.428187 0.114000 1.525562  -1   3  -1 
59407.864238 0.000000 0.000000 14.678000 0.122000 10.968057 -0.372077 13.214054 1.091869 0.122000 1.463946 0.122000 1.525562  -1   1  -1 
59407.866356 0.000000 0.000000 12.817000 0.122000 10.968057 -0.372457 13.214522 -0.769979 0.122000 -0.397522 0.122000 1.525562  -1   1  -1 
59407.867063 0.000000 0.000000 12.694000 0.122000 10.968057 -0.372583 13.214678 -0.893262 0.122000 -0.520678 0.122000 1.525562  -1   1  -1 
59408.161045 0.000000 0.000000 10.715016 0.108000 8.459423 -0.429805 10.759827 -0.474615 0.108000 -0.044811 0.108000 1.525562  -1   0  -1 
59408.163430 0.000000 0.000000 10.337016 0.108000 8.459423 -0.430307 10.760165 -0.853456 0.108000 -0.423149 0.108000 1.525562  -1   0  -1 
59408.165807 0.000000 0.000000 9.894016 0.108000 8.459423 -0.430809 10.760500 -1.297293 0.108000 -0.866484 0.108000 1.525562  -1   0  -1 
59411.082909 0.000000 0.000000 10.267445 0.119000 10.037744 -0.820009 11.701019 -2.253582 0.119000 -1.433574 0.119000 1.525562  -1   3  -1 
59411.083984 0.000000 0.000000 12.253445 0.119000 10.037744 -0.819525 11.700926 -0.267006 0.119000 0.552519 0.119000 1.525562  -1   3  -1 
59411.085060 0.000000 0.000000 9.185445 0.119000 10.037744 -0.819039 11.700835 -3.334429 0.119000 -2.515390 0.119000 1.525562  -1   3  -1 
59411.109436 0.000000 0.000000 10.787016 0.107000 8.459423 -0.807792 10.120624 -0.141400 0.107000 0.666392 0.107000 1.525562  -1   0  -1 
59411.114634 0.000000 0.000000 8.018016 0.107000 8.459423 -0.805332 10.120267 -2.907583 0.107000 -2.102251 0.107000 1.525562  -1   0  -1 
59411.121738 0.000000 0.000000 8.342016 0.108000 8.459423 -0.801934 10.119805 -2.579723 0.108000 -1.777789 0.108000 1.525562  -1   0  -1 
59418.956092 0.000000 0.000000 5.977016 0.107000 8.459423 -0.212790 7.570452 -1.806226 0.107000 -1.593436 0.107000 1.525562  -1   0  -1 
59418.958787 0.000000 0.000000 6.395016 0.107000 8.459423 -0.212684 7.570680 -1.388348 0.107000 -1.175664 0.107000 1.525562  -1   0  -1 
59418.965560 0.000000 0.000000 6.673016 0.107000 8.459423 -0.212412 7.571260 -1.110656 0.107000 -0.898244 0.107000 1.525562  -1   0  -1 
59418.981323 0.000000 0.000000 7.893445 0.107000 10.037744 -0.211760 9.150975 -1.469290 0.107000 -1.257530 0.107000 1.525562  -1   3  -1 
59418.982407 0.000000 0.000000 8.979445 0.107000 10.037744 -0.211715 9.151072 -0.383342 0.107000 -0.171627 0.107000 1.525562  -1   3  -1 
59418.983485 0.000000 0.000000 8.108445 0.107000 10.037744 -0.211669 9.151170 -1.254394 0.107000 -1.042725 0.107000 1.525562  -1   3  -1 
59419.756507 0.000000 0.000000 11.061036 0.103000 10.004924 -0.185113 9.219889 1.656034 0.103000 1.841147 0.103000 1.525562  -1   2  -1 
59419.775306 0.000000 0.000000 12.721036 0.103000 10.004924 -0.185312 9.222433 3.313291 0.103000 3.498603 0.103000 1.525562  -1   2  -1 
59419.779068 0.000000 0.000000 13.350036 0.103000 10.004924 -0.185360 9.222940 3.941736 0.103000 4.127096 0.103000 1.525562  -1   2  -1 
59419.947893 0.000000 0.000000 7.333016 0.111000 8.459423 -0.190093 7.699308 -0.556384 0.111000 -0.366292 0.111000 1.525562  -1   0  -1 
59419.986504 0.000000 0.000000 5.470016 0.111000 8.459423 -0.191902 7.704053 -2.425939 0.111000 -2.234037 0.111000 1.525562  -1   0  -1 
59419.990052 0.000000 0.000000 5.020016 0.111000 8.459423 -0.192082 7.704484 -2.876550 0.111000 -2.684468 0.111000 1.525562  -1   0  -1 
59420.037408 0.000000 0.000000 6.331445 0.104000 10.037744 -0.194700 9.288483 -3.151738 0.104000 -2.957038 0.104000 1.525562  -1   3  -1 
59420.038492 0.000000 0.000000 6.759445 0.104000 10.037744 -0.194765 9.288611 -2.723931 0.104000 -2.529166 0.104000 1.525562  -1   3  -1 
59420.040662 0.000000 0.000000 9.441445 0.104000 10.037744 -0.194895 9.288867 -0.042317 0.104000 0.152578 0.104000 1.525562  -1   3  -1 
59420.700637 0.000000 0.000000 11.222036 0.104000 10.004924 -0.265496 9.326470 1.630070 0.104000 1.895566 0.104000 1.525562  -1   2  -1 
59420.708153 0.000000 0.000000 12.511036 0.104000 10.004924 -0.266522 9.327297 2.917217 0.104000 3.183739 0.104000 1.525562  -1   2  -1 
59420.715676 0.000000 0.000000 9.715036 0.104000 10.004924 -0.267550 9.328129 0.119356 0.104000 0.386907 0.104000 1.525562  -1   2  -1 
59420.873617 0.000000 0.000000 11.323000 0.133000 10.968057 -0.289146 10.309834 0.724020 0.133000 1.013166 0.133000 1.525562  -1   1  -1 
59420.874323 0.000000 0.000000 10.582000 0.133000 10.968057 -0.289241 10.309923 -0.017164 0.133000 0.272077 0.133000 1.525562  -1   1  -1 
59420.875735 0.000000 0.000000 13.235000 0.133000 10.968057 -0.289432 10.310100 2.635468 0.133000 2.924900 0.133000 1.525562  -1   1  -1 
59420.988150 0.000000 0.000000 11.459445 0.109000 10.037744 -0.304295 9.394734 1.760416 0.109000 2.064711 0.109000 1.525562  -1   3  -1 
59420.990293 0.000000 0.000000 8.740445 0.109000 10.037744 -0.304570 9.395036 -0.959161 0.109000 -0.654591 0.109000 1.525562  -1   3  -1 
59420.991383 0.000000 0.000000 9.562445 0.109000 10.037744 -0.304710 9.395189 -0.137455 0.109000 0.167256 0.109000 1.525562  -1   3  -1 
59421.112099 0.000000 0.000000 4.962016 0.109000 8.459423 -0.319514 7.835089 -3.192586 0.109000 -2.873073 0.109000 1.525562  -1   0  -1 
59421.130285 0.000000 0.000000 6.401016 0.109000 8.459423 -0.321606 7.838052 -1.758642 0.109000 -1.437036 0.109000 1.525562  -1   0  -1 
59421.136709 0.000000 0.000000 5.004016 0.109000 8.459423 -0.322335 7.839114 -3.157433 0.109000 -2.835098 0.109000 1.525562  -1   0  -1 
59422.687448 0.000000 0.000000 11.492036 0.105000 10.004924 -0.243795 9.898585 1.349655 0.105000 1.593451 0.105000 1.525562  -1   2  -1 
59422.694983 0.000000 0.000000 12.344036 0.105000 10.004924 -0.242345 9.901748 2.199943 0.105000 2.442288 0.105000 1.525562  -1   2  -1 
59422.702516 0.000000 0.000000 10.777036 0.105000 10.004924 -0.240893 9.904904 0.631240 0.105000 0.872132 0.105000 1.525562  -1   2  -1 
59422.871553 0.000000 0.000000 10.382000 0.132000 10.968057 -0.208220 10.936492 -0.762712 0.132000 -0.554492 0.132000 1.525562  -1   1  -1 
59422.873670 0.000000 0.000000 9.373000 0.132000 10.968057 -0.207816 10.937313 -1.772129 0.132000 -1.564313 0.132000 1.525562  -1   1  -1 
59422.874376 0.000000 0.000000 10.685000 0.132000 10.968057 -0.207681 10.937587 -0.460268 0.132000 -0.252587 0.132000 1.525562  -1   1  -1 
59423.678423 0.000000 0.000000 12.215036 0.105000 10.004924 -0.116067 10.149756 1.949213 0.105000 2.065280 0.105000 1.525562  -1   2  -1 
59423.685999 0.000000 0.000000 12.980036 0.105000 10.004924 -0.116196 10.149580 2.714261 0.105000 2.830456 0.105000 1.525562  -1   2  -1 
59423.689751 0.000000 0.000000 12.776036 0.105000 10.004924 -0.116268 10.149476 2.510291 0.105000 2.626560 0.105000 1.525562  -1   2  -1 
