# time Tc_folded Tref_folded value value_err offset model full_model val_compare val_compare_err residuals residuals_err jitter jitter_flag offset_flag subset_flag 
59334.700184 29.550184 0.000000 12.513036 0.102000 10.034733 0.554035 10.652756 2.414314 0.102000 1.860280 0.102000 1.680047  -1   2  -1 
59334.703954 29.553954 0.000063 12.338036 0.102000 10.034733 0.554839 10.654377 2.238498 0.102000 1.683659 0.102000 1.680047  -1   2  -1 
59334.711459 29.561459 0.000188 11.786036 0.102000 10.034733 0.556440 10.657612 1.684864 0.102000 1.128424 0.102000 1.680047  -1   2  -1 
59334.934601 29.784601 0.003916 12.027445 0.113000 9.993953 0.603520 10.715774 1.915191 0.113000 1.311671 0.113000 1.680047  -1   3  -1 
59334.935678 29.785678 0.003934 9.957445 0.113000 9.993953 0.603745 10.716256 -0.155067 0.113000 -0.758811 0.113000 1.680047  -1   3  -1 
59334.936754 29.786754 0.003952 9.409445 0.113000 9.993953 0.603969 10.716738 -0.703324 0.113000 -1.307293 0.113000 1.680047  -1   3  -1 
59336.069824 -28.940204 0.022881 9.820445 0.117000 9.993953 0.826881 11.059158 -0.411832 0.117000 -1.238713 0.117000 1.680047  -1   3  -1 
59336.071983 -28.938045 0.022917 12.385445 0.117000 9.993953 0.827279 11.059339 2.153385 0.117000 1.326106 0.117000 1.680047  -1   3  -1 
59336.073065 -28.936963 0.022935 11.459445 0.117000 9.993953 0.827479 11.059429 1.227494 0.117000 0.400016 0.117000 1.680047  -1   3  -1 
59336.087932 -28.922096 0.023183 12.299016 0.109000 8.582204 0.830216 9.648869 3.480363 0.109000 2.650147 0.109000 1.680047  -1   0  -1 
59336.113567 -28.896461 0.023611 11.451016 0.109000 8.582204 0.834924 9.650708 2.635232 0.109000 1.800308 0.109000 1.680047  -1   0  -1 
59336.116529 -28.893499 0.023661 10.632016 0.109000 8.582204 0.835467 9.650903 1.816580 0.109000 0.981113 0.109000 1.680047  -1   0  -1 
59337.794690 -27.215338 0.051696 11.758036 0.103000 10.034733 1.110776 11.000494 1.868319 0.103000 0.757542 0.103000 1.680047  -1   2  -1 
59337.802213 -27.207815 0.051821 11.947036 0.103000 10.034733 1.111863 11.000835 2.058064 0.103000 0.946201 0.103000 1.680047  -1   2  -1 
59337.805964 -27.204064 0.051884 11.783036 0.103000 10.034733 1.112405 11.001013 1.894428 0.103000 0.782023 0.103000 1.680047  -1   2  -1 
59338.101617 -26.908411 0.056823 12.022016 0.109000 8.582204 1.154054 9.578773 3.597297 0.109000 2.443243 0.109000 1.680047  -1   0  -1 
59338.106766 -26.903262 0.056909 11.620016 0.110000 8.582204 1.154761 9.579592 3.195185 0.110000 2.040424 0.110000 1.680047  -1   0  -1 
59338.111894 -26.898134 0.056995 11.480016 0.110000 8.582204 1.155465 9.580418 3.055063 0.110000 1.899598 0.110000 1.680047  -1   0  -1 
59340.098120 -24.911908 0.090176 7.644445 0.116000 9.993953 1.382968 11.679170 -2.651757 0.116000 -4.034725 0.116000 1.680047  -1   3  -1 
59340.099194 -24.910834 0.090194 10.253445 0.117000 9.993953 1.383067 11.679444 -0.042932 0.117000 -1.425999 0.117000 1.680047  -1   3  -1 
59340.101354 -24.908674 0.090230 9.977445 0.116000 9.993953 1.383267 11.679996 -0.319284 0.116000 -1.702551 0.116000 1.680047  -1   3  -1 
59340.125153 -24.884875 0.090628 10.201016 0.104000 8.582204 1.385458 10.274213 1.312261 0.104000 -0.073197 0.104000 1.680047  -1   0  -1 
59340.134329 -24.875699 0.090781 10.066016 0.104000 8.582204 1.386300 10.276460 1.175856 0.104000 -0.210444 0.104000 1.680047  -1   0  -1 
59340.148161 -24.861867 0.091012 9.340016 0.104000 8.582204 1.387566 10.279792 0.447789 0.104000 -0.939776 0.104000 1.680047  -1   0  -1 
59341.954385 -23.055643 0.121186 12.591445 0.119000 9.993953 1.518629 11.633814 2.476260 0.119000 0.957631 0.119000 1.680047  -1   3  -1 
59341.957620 -23.052408 0.121240 11.846445 0.119000 9.993953 1.518805 11.633353 1.731897 0.119000 0.213092 0.119000 1.680047  -1   3  -1 
59341.958695 -23.051333 0.121258 11.125445 0.119000 9.993953 1.518863 11.633200 1.011109 0.119000 -0.507755 0.119000 1.680047  -1   3  -1 
59341.996746 -23.013282 0.121894 9.912016 0.107000 8.582204 1.520920 10.216135 1.216801 0.107000 -0.304119 0.107000 1.680047  -1   0  -1 
59342.000684 -23.009344 0.121960 11.168016 0.107000 8.582204 1.521132 10.215595 2.473552 0.107000 0.952421 0.107000 1.680047  -1   0  -1 
59343.674792 -21.335236 0.149927 12.265036 0.104000 10.034733 1.585226 11.781186 2.069076 0.104000 0.483850 0.104000 1.680047  -1   2  -1 
59343.682301 -21.327727 0.150052 11.495036 0.104000 10.034733 1.585403 11.783123 1.297316 0.104000 -0.288087 0.104000 1.680047  -1   2  -1 
59343.689815 -21.320213 0.150178 11.638036 0.104000 10.034733 1.585579 11.785066 1.438549 0.104000 -0.147030 0.104000 1.680047  -1   2  -1 
59344.038460 -20.971568 0.156002 9.612016 0.106000 8.582204 1.592723 10.425169 0.779569 0.106000 -0.813153 0.106000 1.680047  -1   0  -1 
59344.047124 -20.962904 0.156147 9.678016 0.105000 8.582204 1.592875 10.427452 0.843439 0.105000 -0.749436 0.105000 1.680047  -1   0  -1 
59344.054785 -20.955243 0.156275 9.704016 0.105000 8.582204 1.593008 10.429466 0.867558 0.105000 -0.725450 0.105000 1.680047  -1   0  -1 
59344.090520 -20.919508 0.156872 10.762445 0.117000 9.993953 1.593619 11.850553 0.505511 0.117000 -1.088108 0.117000 1.680047  -1   3  -1 
59344.093753 -20.916275 0.156926 10.331445 0.117000 9.993953 1.593673 11.851393 0.073725 0.117000 -1.519948 0.117000 1.680047  -1   3  -1 
59344.094826 -20.915202 0.156943 12.097445 0.117000 9.993953 1.593691 11.851671 1.839464 0.117000 0.245774 0.117000 1.680047  -1   3  -1 
59345.052239 -19.957789 0.172938 9.690016 0.106000 8.582204 1.602504 10.594079 0.698441 0.106000 -0.904063 0.106000 1.680047  -1   0  -1 
59345.054836 -19.955192 0.172981 9.351016 0.106000 8.582204 1.602509 10.594123 0.359402 0.106000 -1.243107 0.106000 1.680047  -1   0  -1 
59345.062635 -19.947393 0.173111 9.182016 0.105000 8.582204 1.602523 10.594240 0.190299 0.105000 -1.412224 0.105000 1.680047  -1   0  -1 
59348.691508 -16.318520 0.233734 9.657036 0.102000 10.034733 1.520956 11.532272 -0.354280 0.102000 -1.875236 0.102000 1.680047  -1   2  -1 
59348.699020 -16.311008 0.233859 11.244036 0.102000 10.034733 1.520623 11.533505 1.231154 0.102000 -0.289469 0.102000 1.680047  -1   2  -1 
59348.702790 -16.307238 0.233922 11.974036 0.103000 10.034733 1.520456 11.534127 1.960366 0.103000 0.439909 0.103000 1.680047  -1   2  -1 
59349.021951 -15.988077 0.239254 7.957016 0.108000 8.582204 1.505771 10.137504 -0.674717 0.108000 -2.180488 0.108000 1.680047  -1   0  -1 
59349.026999 -15.983029 0.239339 5.714016 0.108000 8.582204 1.505530 10.138408 -2.918862 0.108000 -4.424392 0.108000 1.680047  -1   0  -1 
59349.032064 -15.977964 0.239423 9.298016 0.109000 8.582204 1.505288 10.139315 0.663990 0.109000 -0.841299 0.109000 1.680047  -1   0  -1 
59350.089948 -14.920080 0.257096 11.005016 0.104000 8.582204 1.449093 10.258564 2.195545 0.104000 0.746452 0.104000 1.680047  -1   0  -1 
59350.092419 -14.917609 0.257137 11.321016 0.104000 8.582204 1.448949 10.258573 2.511392 0.104000 1.062443 0.104000 1.680047  -1   0  -1 
59350.106715 -14.903313 0.257376 11.969016 0.104000 8.582204 1.448114 10.258593 3.158538 0.104000 1.710423 0.104000 1.680047  -1   0  -1 
59350.920251 -14.089777 0.270967 10.284016 0.105000 8.582204 1.397510 10.179668 1.501858 0.105000 0.104348 0.105000 1.680047  -1   0  -1 
59351.708087 -13.301941 0.284128 10.082036 0.102000 10.034733 1.342933 11.466117 -0.041148 0.102000 -1.384081 0.102000 1.680047  -1   2  -1 
59351.715613 -13.294415 0.284254 8.813036 0.102000 10.034733 1.342387 11.464500 -1.309077 0.102000 -2.651464 0.102000 1.680047  -1   2  -1 
59351.726880 -13.283148 0.284442 9.479036 0.102000 10.034733 1.341568 11.462084 -0.641480 0.102000 -1.983048 0.102000 1.680047  -1   2  -1 
59352.098517 -12.911511 0.290650 10.912016 0.107000 8.582204 1.313967 9.935795 2.290188 0.107000 0.976221 0.107000 1.680047  -1   0  -1 
59352.108322 -12.901706 0.290814 10.396016 0.107000 8.582204 1.313223 9.934047 1.775192 0.107000 0.461969 0.107000 1.680047  -1   0  -1 
59352.122068 -12.887960 0.291044 11.479016 0.107000 8.582204 1.312180 9.931618 2.859578 0.107000 1.547398 0.107000 1.680047  -1   0  -1 
59353.715347 -11.294681 0.317660 12.882036 0.106000 10.034733 1.181452 11.255622 2.807866 0.106000 1.626414 0.106000 1.680047  -1   2  -1 
59353.719104 -11.290924 0.317723 13.429036 0.106000 10.034733 1.181122 11.255484 3.354674 0.106000 2.173552 0.106000 1.680047  -1   2  -1 
59353.722869 -11.287159 0.317786 15.656036 0.106000 10.034733 1.180791 11.255345 5.581482 0.106000 4.400691 0.106000 1.680047  -1   2  -1 
59354.076145 -10.933883 0.323688 10.993016 0.113000 8.582204 1.149289 9.785242 2.357063 0.113000 1.207774 0.113000 1.680047  -1   0  -1 
59354.101312 -10.908716 0.324108 10.347016 0.115000 8.582204 1.147012 9.783533 1.710495 0.115000 0.563483 0.115000 1.680047  -1   0  -1 
59354.104255 -10.905773 0.324157 10.555016 0.115000 8.582204 1.146745 9.783328 1.918433 0.115000 0.771688 0.115000 1.680047  -1   0  -1 
59356.710684 -8.299344 0.367699 8.178036 0.107000 10.034733 0.888956 10.728683 -1.661691 0.107000 -2.550647 0.107000 1.680047  -1   2  -1 
59356.721985 -8.288043 0.367888 8.616036 0.107000 10.034733 0.887749 10.727125 -1.223339 0.107000 -2.111089 0.107000 1.680047  -1   2  -1 
59356.725745 -8.284283 0.367951 7.224036 0.107000 10.034733 0.887348 10.726612 -2.615228 0.107000 -3.502576 0.107000 1.680047  -1   2  -1 
59357.087914 -7.922114 0.374001 11.478445 0.116000 9.993953 0.848307 10.650739 1.676014 0.116000 0.827706 0.116000 1.680047  -1   3  -1 
59357.090082 -7.919946 0.374038 9.046445 0.116000 9.993953 0.848071 10.650615 -0.756099 0.116000 -1.604170 0.116000 1.680047  -1   3  -1 
59357.092248 -7.917780 0.374074 11.123445 0.116000 9.993953 0.847836 10.650492 1.320788 0.116000 0.472953 0.116000 1.680047  -1   3  -1 
59358.923301 -6.086727 0.404663 9.632016 0.111000 8.582204 0.639845 9.336830 0.935031 0.111000 0.295186 0.111000 1.680047  -1   0  -1 
59358.931249 -6.078779 0.404795 9.002016 0.111000 8.582204 0.638905 9.337097 0.303824 0.111000 -0.335081 0.111000 1.680047  -1   0  -1 
59358.937426 -6.072602 0.404899 9.394016 0.111000 8.582204 0.638175 9.337298 0.694893 0.111000 0.056718 0.111000 1.680047  -1   0  -1 
59358.952972 -6.057056 0.405158 11.744445 0.116000 9.993953 0.636337 10.749524 1.631258 0.116000 0.994921 0.116000 1.680047  -1   3  -1 
59358.954053 -6.055975 0.405176 9.716445 0.116000 9.993953 0.636209 10.749555 -0.396901 0.116000 -1.033110 0.116000 1.680047  -1   3  -1 
59358.956208 -6.053820 0.405212 9.905445 0.116000 9.993953 0.635954 10.749618 -0.208219 0.116000 -0.844173 0.116000 1.680047  -1   3  -1 
59361.683491 -3.326537 0.450773 11.014036 0.106000 10.034733 0.296879 10.310630 1.000286 0.106000 0.703406 0.106000 1.680047  -1   2  -1 
59361.687248 -3.322780 0.450836 10.757036 0.106000 10.034733 0.296391 10.309828 0.743599 0.106000 0.447208 0.106000 1.680047  -1   2  -1 
59361.691012 -3.319016 0.450899 10.074036 0.106000 10.034733 0.295902 10.309026 0.060912 0.106000 -0.234990 0.106000 1.680047  -1   2  -1 
59361.944566 -3.065462 0.455135 10.255016 0.107000 8.582204 0.262840 8.805473 1.712383 0.107000 1.449543 0.107000 1.680047  -1   0  -1 
59361.947357 -3.062671 0.455181 8.539016 0.107000 8.582204 0.262475 8.804944 -0.003452 0.107000 -0.265928 0.107000 1.680047  -1   0  -1 
59361.957166 -3.052862 0.455345 9.884016 0.108000 8.582204 0.261191 8.803088 1.342120 0.108000 1.080928 0.108000 1.680047  -1   0  -1 
59362.136140 -2.873888 0.458335 11.463445 0.116000 9.993953 0.237705 10.182354 1.518795 0.116000 1.281091 0.116000 1.680047  -1   3  -1 
59362.137220 -2.872808 0.458353 11.289445 0.116000 9.993953 0.237562 10.182166 1.344842 0.116000 1.107279 0.116000 1.680047  -1   3  -1 
59362.138308 -2.871720 0.458371 11.254445 0.116000 9.993953 0.237419 10.181976 1.309888 0.116000 1.072469 0.116000 1.680047  -1   3  -1 
59364.917885 -0.092143 0.504806 10.797445 0.117000 9.993953 -0.140590 9.628388 1.028468 0.117000 1.169057 0.117000 1.680047  -1   3  -1 
59364.918966 -0.091062 0.504824 13.743445 0.118000 9.993953 -0.140741 9.628187 3.974518 0.118000 4.115258 0.118000 1.680047  -1   3  -1 
59364.921142 -0.088886 0.504860 12.322445 0.117000 9.993953 -0.141045 9.627782 2.553617 0.117000 2.694663 0.117000 1.680047  -1   3  -1 
59365.067320 0.057292 0.507302 12.372016 0.109000 8.582204 -0.161516 8.191248 4.019252 0.109000 4.180768 0.109000 1.680047  -1   0  -1 
59365.069993 0.059965 0.507347 12.389016 0.109000 8.582204 -0.161891 8.190842 4.036284 0.109000 4.198174 0.109000 1.680047  -1   0  -1 
59365.075398 0.065370 0.507437 13.155016 0.109000 8.582204 -0.162648 8.190025 4.802343 0.109000 4.964991 0.109000 1.680047  -1   0  -1 
59365.648355 0.638327 0.517009 10.628036 0.104000 10.034733 -0.243344 9.606550 0.778142 0.104000 1.021486 0.104000 1.680047  -1   2  -1 
59365.652118 0.642090 0.517072 11.484036 0.104000 10.034733 -0.243876 9.606695 1.633465 0.104000 1.877341 0.104000 1.680047  -1   2  -1 
59365.659667 0.649639 0.517198 10.294036 0.105000 10.034733 -0.244944 9.607002 0.442090 0.105000 0.687034 0.105000 1.680047  -1   2  -1 
59365.941188 0.931160 0.521901 10.541016 0.109000 8.582204 -0.284839 8.181997 2.074180 0.109000 2.359019 0.109000 1.680047  -1   0  -1 
59365.959824 0.949796 0.522212 9.199016 0.108000 8.582204 -0.287485 8.184932 0.726599 0.108000 1.014084 0.108000 1.680047  -1   0  -1 
59369.761210 4.751182 0.585717 8.228036 0.106000 10.034733 -0.833485 8.820093 -1.425542 0.106000 -0.592057 0.106000 1.680047  -1   2  -1 
59369.768738 4.758710 0.585843 6.325036 0.106000 10.034733 -0.834564 8.808514 -3.318041 0.106000 -2.483478 0.106000 1.680047  -1   2  -1 
59369.776263 4.766235 0.585968 7.991036 0.106000 10.034733 -0.835642 8.796914 -1.641520 0.106000 -0.805878 0.106000 1.680047  -1   2  -1 
59369.910940 4.900912 0.588218 7.933445 0.117000 9.993953 -0.854918 8.544796 -1.466269 0.117000 -0.611351 0.117000 1.680047  -1   3  -1 
59369.912028 4.902000 0.588236 8.050445 0.117000 9.993953 -0.855074 8.543064 -1.347693 0.117000 -0.492619 0.117000 1.680047  -1   3  -1 
59369.913108 4.903080 0.588254 8.183445 0.117000 9.993953 -0.855228 8.541344 -1.213127 0.117000 -0.357899 0.117000 1.680047  -1   3  -1 
59370.023276 5.013248 0.590095 6.073016 0.109000 8.582204 -0.870975 6.952649 -1.750608 0.109000 -0.879633 0.109000 1.680047  -1   0  -1 
59370.025654 5.015626 0.590135 7.180016 0.109000 8.582204 -0.871315 6.948803 -0.640101 0.109000 0.231213 0.109000 1.680047  -1   0  -1 
59370.030553 5.020525 0.590216 6.341016 0.110000 8.582204 -0.872015 6.940876 -1.471874 0.110000 -0.599860 0.110000 1.680047  -1   0  -1 
59374.802541 9.792513 0.669935 5.596036 0.107000 10.034733 -1.506832 8.511620 -4.422416 0.107000 -2.915584 0.107000 1.680047  -1   2  -1 
59374.806302 9.796274 0.669998 5.522036 0.107000 10.034733 -1.507270 8.512817 -4.498051 0.107000 -2.990781 0.107000 1.680047  -1   2  -1 
59374.810063 9.800035 0.670061 7.333036 0.107000 10.034733 -1.507707 8.514002 -2.688673 0.107000 -1.180966 0.107000 1.680047  -1   2  -1 
59376.787767 11.777739 0.703100 6.897036 0.106000 10.034733 -1.713788 7.890081 -2.706832 0.106000 -0.993045 0.106000 1.680047  -1   2  -1 
59376.791518 11.781490 0.703163 6.839036 0.106000 10.034733 -1.714126 7.888081 -2.763171 0.106000 -1.049045 0.106000 1.680047  -1   2  -1 
59376.799035 11.789007 0.703288 4.539036 0.106000 10.034733 -1.714803 7.884084 -5.059851 0.106000 -3.345048 0.106000 1.680047  -1   2  -1 
59376.948922 11.938894 0.705792 7.490445 0.118000 9.993953 -1.728116 7.766536 -2.004207 0.118000 -0.276091 0.118000 1.680047  -1   3  -1 
59376.951075 11.941047 0.705828 9.995445 0.118000 9.993953 -1.728305 7.765478 0.501662 0.118000 2.229967 0.118000 1.680047  -1   3  -1 
59376.952157 11.942129 0.705846 7.071445 0.118000 9.993953 -1.728400 7.764947 -2.421902 0.118000 -0.693502 0.118000 1.680047  -1   3  -1 
59377.106321 12.096293 0.708422 4.323016 0.105000 8.582204 -1.741694 6.281333 -3.700011 0.105000 -1.958317 0.105000 1.680047  -1   0  -1 
59377.108935 12.098907 0.708465 6.659016 0.106000 8.582204 -1.741916 6.280184 -1.363084 0.106000 0.378832 0.106000 1.680047  -1   0  -1 
59377.116326 12.106298 0.708589 6.710016 0.106000 8.582204 -1.742543 6.276947 -1.309474 0.106000 0.433069 0.106000 1.680047  -1   0  -1 
59377.628949 12.618921 0.717152 6.412036 0.103000 10.034733 -1.783655 7.557742 -2.929361 0.103000 -1.145706 0.103000 1.680047  -1   2  -1 
59377.636479 12.626451 0.717278 8.793036 0.104000 10.034733 -1.784223 7.556041 -0.547228 0.104000 1.236995 0.104000 1.680047  -1   2  -1 
59377.640253 12.630225 0.717341 8.817036 0.104000 10.034733 -1.784507 7.555197 -0.522669 0.104000 1.261839 0.104000 1.680047  -1   2  -1 
59378.026109 13.016081 0.723787 7.354016 0.112000 8.582204 -1.812114 6.047507 -0.505605 0.112000 1.306509 0.112000 1.680047  -1   0  -1 
59378.031599 13.021571 0.723879 6.618016 0.112000 8.582204 -1.812486 6.047144 -1.241614 0.112000 0.570872 0.112000 1.680047  -1   0  -1 
59378.035635 13.025607 0.723946 4.879016 0.113000 8.582204 -1.812759 6.046884 -2.980627 0.113000 -1.167868 0.113000 1.680047  -1   0  -1 
59379.024886 14.014858 0.740472 7.645016 0.112000 8.582204 -1.869066 6.108644 -0.332694 0.112000 1.536372 0.112000 1.680047  -1   0  -1 
59379.027585 14.017557 0.740518 6.054016 0.112000 8.582204 -1.869189 6.108990 -1.924163 0.112000 -0.054974 0.112000 1.680047  -1   0  -1 
59379.734125 14.724097 0.752321 7.982036 0.106000 10.034733 -1.895312 7.636921 -1.550198 0.106000 0.345115 0.106000 1.680047  -1   2  -1 
59379.737891 14.727863 0.752384 7.372036 0.106000 10.034733 -1.895418 7.637168 -2.160550 0.106000 -0.265132 0.106000 1.680047  -1   2  -1 
59379.749170 14.739142 0.752572 5.973036 0.107000 10.034733 -1.895731 7.637894 -3.560589 0.107000 -1.664858 0.107000 1.680047  -1   2  -1 
59379.927944 14.917916 0.755559 6.373016 0.111000 8.582204 -1.900239 6.194159 -1.721382 0.111000 0.178857 0.111000 1.680047  -1   0  -1 
59379.940910 14.930882 0.755775 6.288016 0.111000 8.582204 -1.900533 6.194594 -1.807111 0.111000 0.093422 0.111000 1.680047  -1   0  -1 
59379.943737 14.933709 0.755822 7.458016 0.111000 8.582204 -1.900596 6.194686 -0.637266 0.111000 1.263330 0.111000 1.680047  -1   0  -1 
59380.041449 15.031421 0.757455 9.142445 0.118000 9.993953 -1.902656 7.608778 -0.368990 0.118000 1.533667 0.118000 1.680047  -1   3  -1 
59380.044695 15.034667 0.757509 7.565445 0.118000 9.993953 -1.902720 7.608829 -1.946105 0.118000 -0.043384 0.118000 1.680047  -1   3  -1 
59380.045775 15.035747 0.757527 9.611445 0.118000 9.993953 -1.902741 7.608846 0.099858 0.118000 2.002599 0.118000 1.680047  -1   3  -1 
59381.742082 16.732054 0.785865 8.717036 0.105000 10.034733 -1.894096 7.559265 -0.736326 0.105000 1.157771 0.105000 1.680047  -1   2  -1 
59381.745840 16.735812 0.785928 8.304036 0.105000 10.034733 -1.893979 7.559152 -1.149095 0.105000 0.744884 0.105000 1.680047  -1   2  -1 
59381.749613 16.739585 0.785991 6.563036 0.106000 10.034733 -1.893860 7.559040 -2.889864 0.106000 -0.996004 0.106000 1.680047  -1   2  -1 
59381.964035 16.954007 0.789573 6.574016 0.108000 8.582204 -1.886352 6.103100 -1.415435 0.108000 0.470916 0.108000 1.680047  -1   0  -1 
59381.966642 16.956614 0.789616 8.862016 0.108000 8.582204 -1.886251 6.103095 0.872670 0.108000 2.758921 0.108000 1.680047  -1   0  -1 
59381.969218 16.959190 0.789659 7.504016 0.108000 8.582204 -1.886152 6.103092 -0.485227 0.108000 1.400924 0.108000 1.680047  -1   0  -1 
59382.115350 17.105322 0.792101 9.156445 0.114000 9.993953 -1.880143 7.516073 -0.239770 0.114000 1.640372 0.114000 1.680047  -1   3  -1 
59382.116432 17.106404 0.792119 8.099445 0.114000 9.993953 -1.880096 7.516092 -1.296743 0.114000 0.583353 0.114000 1.680047  -1   3  -1 
59382.117507 17.107479 0.792137 7.782445 0.114000 9.993953 -1.880049 7.516112 -1.613715 0.114000 0.266333 0.114000 1.680047  -1   3  -1 
59383.644277 18.634249 0.817642 7.106036 0.103000 10.034733 -1.773652 7.655844 -2.323460 0.103000 -0.549808 0.103000 1.680047  -1   2  -1 
59383.648053 18.638025 0.817705 6.152036 0.103000 10.034733 -1.773288 7.655979 -3.277231 0.103000 -1.503943 0.103000 1.680047  -1   2  -1 
59383.655584 18.645556 0.817831 4.102036 0.103000 10.034733 -1.772561 7.656242 -5.326767 0.103000 -3.554206 0.103000 1.680047  -1   2  -1 
59383.978595 18.968567 0.823227 8.054445 0.119000 9.993953 -1.739512 7.618463 -1.303530 0.119000 0.435982 0.119000 1.680047  -1   3  -1 
59383.979676 18.969648 0.823245 10.057445 0.119000 9.993953 -1.739395 7.618444 0.699606 0.119000 2.439001 0.119000 1.680047  -1   3  -1 
59383.981846 18.971818 0.823282 10.101445 0.119000 9.993953 -1.739161 7.618405 0.743879 0.119000 2.483040 0.119000 1.680047  -1   3  -1 
59383.992473 18.982445 0.823459 5.816016 0.106000 8.582204 -1.738010 6.206455 -2.128449 0.106000 -0.390439 0.106000 1.680047  -1   0  -1 
59384.002278 18.992250 0.823623 5.494016 0.107000 8.582204 -1.736945 6.206251 -2.449179 0.107000 -0.712235 0.107000 1.680047  -1   0  -1 
59384.007238 18.997210 0.823706 6.542016 0.106000 8.582204 -1.736405 6.206141 -1.400530 0.106000 0.335875 0.106000 1.680047  -1   0  -1 
59384.628010 19.617982 0.834076 7.086036 0.099000 10.034733 -1.661998 7.612047 -2.188009 0.099000 -0.526011 0.099000 1.680047  -1   2  -1 
59384.631782 19.621754 0.834139 7.844036 0.100000 10.034733 -1.661505 7.611586 -1.429055 0.100000 0.232450 0.100000 1.680047  -1   2  -1 
59384.635541 19.625513 0.834202 5.998036 0.100000 10.034733 -1.661013 7.611125 -3.274102 0.100000 -1.613089 0.100000 1.680047  -1   2  -1 
59385.055212 20.045184 0.841213 5.790016 0.108000 8.582204 -1.603044 6.099695 -1.912724 0.108000 -0.309679 0.108000 1.680047  -1   0  -1 
59385.061472 20.051444 0.841317 5.595016 0.108000 8.582204 -1.602134 6.098759 -2.105877 0.108000 -0.503743 0.108000 1.680047  -1   0  -1 
59385.063906 20.053878 0.841358 5.283016 0.108000 8.582204 -1.601780 6.098395 -2.417159 0.108000 -0.815379 0.108000 1.680047  -1   0  -1 
59387.920967 22.910939 0.889087 6.280016 0.107000 8.582204 -1.061320 6.720052 -1.501356 0.107000 -0.440036 0.107000 1.680047  -1   0  -1 
59387.926477 22.916449 0.889179 8.525016 0.107000 8.582204 -1.060072 6.723489 0.741455 0.107000 1.801527 0.107000 1.680047  -1   0  -1 
59387.929412 22.919384 0.889228 6.352016 0.107000 8.582204 -1.059407 6.725320 -1.432711 0.107000 -0.373304 0.107000 1.680047  -1   0  -1 
59388.644350 23.634322 0.901172 8.653036 0.103000 10.034733 -0.892508 8.599768 -0.839240 0.103000 0.053268 0.103000 1.680047  -1   2  -1 
59388.659397 23.649369 0.901423 7.371036 0.104000 10.034733 -0.888901 8.607520 -2.125384 0.104000 -1.236484 0.104000 1.680047  -1   2  -1 
59388.663148 23.653120 0.901486 8.175036 0.104000 10.034733 -0.888001 8.609441 -1.322406 0.104000 -0.434405 0.104000 1.680047  -1   2  -1 
59388.965674 23.955646 0.906540 6.242016 0.109000 8.582204 -0.814735 7.296307 -1.869026 0.109000 -1.054291 0.109000 1.680047  -1   0  -1 
59388.967365 23.957337 0.906568 6.920445 0.117000 9.993953 -0.814322 8.708741 -2.602618 0.117000 -1.788296 0.117000 1.680047  -1   3  -1 
59388.968252 23.958224 0.906583 4.378016 0.109000 8.582204 -0.814105 7.297352 -3.733441 0.109000 -2.919336 0.109000 1.680047  -1   0  -1 
59388.968449 23.958421 0.906586 6.153445 0.117000 9.993953 -0.814057 8.709180 -3.369792 0.117000 -2.555735 0.117000 1.680047  -1   3  -1 
59388.969524 23.959496 0.906604 7.251445 0.117000 9.993953 -0.813794 8.709615 -2.271964 0.117000 -1.458170 0.117000 1.680047  -1   3  -1 
59388.970854 23.960826 0.906626 4.576016 0.109000 8.582204 -0.813469 7.298404 -3.535857 0.109000 -2.722388 0.109000 1.680047  -1   0  -1 
59389.809335 24.799307 0.920634 9.271036 0.098000 10.034733 -0.604628 8.950684 -0.284276 0.098000 0.320352 0.098000 1.680047  -1   2  -1 
59389.828264 24.818236 0.920950 8.909036 0.097000 10.034733 -0.599840 8.952221 -0.643025 0.097000 -0.043185 0.097000 1.680047  -1   2  -1 
59389.832028 24.822000 0.921013 9.154036 0.096000 10.034733 -0.598887 8.952514 -0.397366 0.096000 0.201522 0.096000 1.680047  -1   2  -1 
59389.926150 24.916122 0.922585 10.903445 0.118000 9.993953 -0.575041 8.917754 1.410650 0.118000 1.985691 0.118000 1.680047  -1   3  -1 
59389.928313 24.918285 0.922621 8.793445 0.118000 9.993953 -0.574493 8.917864 -0.698911 0.118000 -0.124419 0.118000 1.680047  -1   3  -1 
59389.929388 24.919360 0.922639 8.906445 0.118000 9.993953 -0.574220 8.917918 -0.585693 0.118000 -0.011473 0.118000 1.680047  -1   3  -1 
59389.952568 24.942540 0.923026 6.474016 0.108000 8.582204 -0.568338 7.507269 -1.601591 0.108000 -1.033253 0.108000 1.680047  -1   0  -1 
59389.957794 24.947766 0.923114 5.317016 0.108000 8.582204 -0.567012 7.507498 -2.757494 0.108000 -2.190482 0.108000 1.680047  -1   0  -1 
59389.966851 24.956823 0.923265 6.199016 0.107000 8.582204 -0.564712 7.507880 -1.873576 0.107000 -1.308864 0.107000 1.680047  -1   0  -1 
59392.835547 27.825519 0.971188 10.331036 0.103000 10.034733 0.159581 9.915206 0.575411 0.103000 0.415830 0.103000 1.680047  -1   2  -1 
59392.843066 27.833038 0.971314 10.441036 0.103000 10.034733 0.161400 9.922241 0.680195 0.103000 0.518795 0.103000 1.680047  -1   2  -1 
59392.846825 27.836797 0.971377 9.767036 0.103000 10.034733 0.162310 9.925763 0.003583 0.103000 -0.158727 0.103000 1.680047  -1   2  -1 
59393.111566 28.101538 0.975799 12.567016 0.109000 8.582204 0.225883 8.727768 4.065131 0.109000 3.839248 0.109000 1.680047  -1   0  -1 
59393.114447 28.104419 0.975848 11.103016 0.109000 8.582204 0.226569 8.730585 2.599000 0.109000 2.372431 0.109000 1.680047  -1   0  -1 
59393.123097 28.113069 0.975992 9.965016 0.109000 8.582204 0.228630 8.739048 1.454598 0.109000 1.225968 0.109000 1.680047  -1   0  -1 
59397.703574 -27.166483 0.052512 12.270036 0.104000 10.034733 1.117812 10.849648 2.538200 0.104000 1.420388 0.104000 1.680047  -1   2  -1 
59397.714844 -27.155213 0.052700 11.475036 0.104000 10.034733 1.119427 10.849434 1.745029 0.104000 0.625602 0.104000 1.680047  -1   2  -1 
59397.718600 -27.151457 0.052763 11.622036 0.104000 10.034733 1.119965 10.849373 1.892627 0.104000 0.772663 0.104000 1.680047  -1   2  -1 
59397.891478 -26.978579 0.055651 10.351016 0.106000 8.582204 1.144353 9.399634 2.095735 0.106000 0.951382 0.106000 1.680047  -1   0  -1 
59397.896665 -26.973392 0.055738 10.505016 0.106000 8.582204 1.145074 9.399883 2.250208 0.106000 1.105133 0.106000 1.680047  -1   0  -1 
59397.899199 -26.970858 0.055780 10.793016 0.106000 8.582204 1.145426 9.400008 2.538435 0.106000 1.393008 0.106000 1.680047  -1   0  -1 
59398.093478 -26.776579 0.059025 9.225445 0.118000 9.993953 1.171971 10.827718 -0.430302 0.118000 -1.602273 0.118000 1.680047  -1   3  -1 
59398.094558 -26.775499 0.059044 12.796445 0.117000 9.993953 1.172116 10.827840 3.140721 0.117000 1.968605 0.117000 1.680047  -1   3  -1 
59398.096718 -26.773339 0.059080 10.478445 0.117000 9.993953 1.172406 10.828086 0.822765 0.117000 -0.349641 0.117000 1.680047  -1   3  -1 
59401.792180 -23.077877 0.120815 10.003036 0.105000 10.034733 1.517412 11.226578 0.293870 0.105000 -1.223542 0.105000 1.680047  -1   2  -1 
59401.795940 -23.074117 0.120877 9.622036 0.106000 10.034733 1.517619 11.226372 -0.086718 0.106000 -1.604336 0.106000 1.680047  -1   2  -1 
59401.799701 -23.070356 0.120940 10.338036 0.105000 10.034733 1.517825 11.226167 0.629694 0.105000 -0.888131 0.105000 1.680047  -1   2  -1 
59401.885991 -22.984066 0.122382 9.301016 0.108000 8.582204 1.522481 9.769252 1.054244 0.108000 -0.468236 0.108000 1.680047  -1   0  -1 
59401.888644 -22.981413 0.122426 10.478016 0.107000 8.582204 1.522622 9.769128 2.231510 0.107000 0.708888 0.107000 1.680047  -1   0  -1 
59401.892602 -22.977455 0.122492 10.397016 0.107000 8.582204 1.522832 9.768943 2.150905 0.107000 0.628073 0.107000 1.680047  -1   0  -1 
59401.927059 -22.942998 0.123068 10.789000 0.120000 11.029315 1.524647 12.214507 0.099140 0.120000 -1.425507 0.120000 1.680047  -1   1  -1 
59401.927765 -22.942292 0.123080 11.705000 0.120000 11.029315 1.524684 12.214477 1.015207 0.120000 -0.509477 0.120000 1.680047  -1   1  -1 
59401.929177 -22.940880 0.123103 11.050000 0.120000 11.029315 1.524757 12.214416 0.360342 0.120000 -1.164416 0.120000 1.680047  -1   1  -1 
59401.992049 -22.878008 0.124154 12.236445 0.121000 9.993953 1.528009 11.176540 2.587913 0.121000 1.059905 0.121000 1.680047  -1   3  -1 
59401.994207 -22.875850 0.124190 12.383445 0.122000 9.993953 1.528119 11.176461 2.735103 0.122000 1.206984 0.122000 1.680047  -1   3  -1 
59401.995280 -22.874777 0.124208 11.654445 0.122000 9.993953 1.528174 11.176422 2.006197 0.122000 0.478023 0.122000 1.680047  -1   3  -1 
59402.794210 -22.075847 0.137554 10.546036 0.105000 10.034733 1.563048 11.225798 0.883286 0.105000 -0.679762 0.105000 1.680047  -1   2  -1 
59402.797974 -22.072083 0.137617 9.392036 0.105000 10.034733 1.563185 11.226018 -0.270798 0.105000 -1.833982 0.105000 1.680047  -1   2  -1 
59402.801729 -22.068328 0.137680 10.372036 0.105000 10.034733 1.563321 11.226240 0.709117 0.105000 -0.854204 0.105000 1.680047  -1   2  -1 
59402.966503 -21.903554 0.140432 11.189000 0.117000 11.029315 1.569056 12.231942 0.526115 0.117000 -1.042942 0.117000 1.680047  -1   1  -1 
59402.968621 -21.901436 0.140468 14.018000 0.117000 11.029315 1.569127 12.232101 3.355026 0.117000 1.785899 0.117000 1.680047  -1   1  -1 
59402.969327 -21.900730 0.140480 13.132000 0.117000 11.029315 1.569150 12.232155 2.468996 0.117000 0.899845 0.117000 1.680047  -1   1  -1 
59402.970612 -21.899445 0.140501 11.095445 0.117000 9.993953 1.569193 11.196889 1.467749 0.117000 -0.101444 0.117000 1.680047  -1   3  -1 
59402.971692 -21.898365 0.140519 13.128445 0.117000 9.993953 1.569229 11.196971 3.500703 0.117000 1.931474 0.117000 1.680047  -1   3  -1 
59402.972765 -21.897292 0.140537 12.770445 0.117000 9.993953 1.569265 11.197053 3.142657 0.117000 1.573392 0.117000 1.680047  -1   3  -1 
59403.889282 -20.980775 0.155848 10.672000 0.121000 11.029315 1.592559 12.320101 -0.055542 0.121000 -1.648101 0.121000 1.680047  -1   1  -1 
59403.890693 -20.979364 0.155872 11.039000 0.121000 11.029315 1.592585 12.320233 0.311352 0.121000 -1.281233 0.121000 1.680047  -1   1  -1 
59403.891398 -20.978659 0.155883 10.586000 0.121000 11.029315 1.592597 12.320298 -0.141701 0.121000 -1.734298 0.121000 1.680047  -1   1  -1 
59403.992215 -20.877842 0.157568 8.990016 0.107000 8.582204 1.594304 9.882297 0.702023 0.107000 -0.892281 0.107000 1.680047  -1   0  -1 
59404.001960 -20.868097 0.157730 9.910016 0.108000 8.582204 1.594461 9.883143 1.621333 0.108000 0.026873 0.108000 1.680047  -1   0  -1 
59404.004362 -20.865695 0.157771 9.362016 0.108000 8.582204 1.594499 9.883351 1.073164 0.108000 -0.521335 0.108000 1.680047  -1   0  -1 
59404.084675 -20.785382 0.159112 10.388445 0.117000 9.993953 1.595726 11.301801 0.682370 0.117000 -0.913356 0.117000 1.680047  -1   3  -1 
59404.085749 -20.784308 0.159130 12.446445 0.117000 9.993953 1.595742 11.301888 2.740299 0.117000 1.144557 0.117000 1.680047  -1   3  -1 
59404.086835 -20.783222 0.159148 11.398445 0.117000 9.993953 1.595758 11.301975 1.692228 0.117000 0.096470 0.117000 1.680047  -1   3  -1 
59405.737353 -19.132704 0.186721 13.281036 0.105000 10.034733 1.599136 11.319542 3.560631 0.105000 1.961494 0.105000 1.680047  -1   2  -1 
59405.748644 -19.121413 0.186910 13.121036 0.104000 10.034733 1.599023 11.318267 3.401793 0.104000 1.802769 0.104000 1.680047  -1   2  -1 
59405.756176 -19.113881 0.187036 12.271036 0.105000 10.034733 1.598947 11.317409 2.552574 0.105000 0.953627 0.105000 1.680047  -1   2  -1 
59405.855588 -19.014469 0.188696 13.100000 0.119000 11.029315 1.597868 12.300137 2.397731 0.119000 0.799863 0.119000 1.680047  -1   1  -1 
59405.857000 -19.013057 0.188720 13.186000 0.119000 11.029315 1.597852 12.299962 2.483890 0.119000 0.886038 0.119000 1.680047  -1   1  -1 
59405.857706 -19.012351 0.188732 13.044000 0.120000 11.029315 1.597843 12.299874 2.341970 0.120000 0.744126 0.120000 1.680047  -1   1  -1 
59406.106963 -18.763094 0.192896 13.801445 0.114000 9.993953 1.594540 11.230586 4.165398 0.114000 2.570859 0.114000 1.680047  -1   3  -1 
59406.108044 -18.762013 0.192914 12.581445 0.114000 9.993953 1.594524 11.230427 2.945542 0.114000 1.351018 0.114000 1.680047  -1   3  -1 
59406.109128 -18.760929 0.192932 12.133445 0.114000 9.993953 1.594508 11.230267 2.497686 0.114000 0.903178 0.114000 1.680047  -1   3  -1 
59407.864238 -17.005819 0.222252 14.678000 0.122000 11.029315 1.548753 11.874882 4.351871 0.122000 2.803118 0.122000 1.680047  -1   1  -1 
59407.866356 -17.003701 0.222288 12.817000 0.122000 11.029315 1.548675 11.874254 2.491421 0.122000 0.942746 0.122000 1.680047  -1   1  -1 
59407.867063 -17.002994 0.222299 12.694000 0.122000 11.029315 1.548649 11.874045 2.368605 0.122000 0.819955 0.122000 1.680047  -1   1  -1 
59408.161045 -16.709012 0.227211 10.715016 0.108000 8.582204 1.537389 9.337529 2.914877 0.108000 1.377487 0.108000 1.680047  -1   0  -1 
59408.163430 -16.706627 0.227250 10.337016 0.108000 8.582204 1.537294 9.336790 2.537520 0.108000 1.000226 0.108000 1.680047  -1   0  -1 
59408.165807 -16.704250 0.227290 9.894016 0.108000 8.582204 1.537199 9.336054 2.095161 0.108000 0.557962 0.108000 1.680047  -1   0  -1 
59411.082909 -13.787148 0.276022 10.267445 0.119000 9.993953 1.377173 11.206242 0.438377 0.119000 -0.938797 0.119000 1.680047  -1   3  -1 
59411.083984 -13.786073 0.276040 12.253445 0.119000 9.993953 1.377100 11.207415 2.423130 0.119000 1.046030 0.119000 1.680047  -1   3  -1 
59411.085060 -13.784997 0.276058 9.185445 0.119000 9.993953 1.377026 11.208590 -0.646119 0.119000 -2.023145 0.119000 1.680047  -1   3  -1 
59411.109436 -13.760621 0.276465 10.787016 0.107000 8.582204 1.375353 9.823682 2.338687 0.107000 0.963334 0.107000 1.680047  -1   0  -1 
59411.114634 -13.755423 0.276552 8.018016 0.107000 8.582204 1.374996 9.829459 -0.436448 0.107000 -1.811443 0.107000 1.680047  -1   0  -1 
59411.121738 -13.748319 0.276671 8.342016 0.108000 8.582204 1.374507 9.837386 -0.120863 0.108000 -1.495370 0.108000 1.680047  -1   0  -1 
59418.956092 -5.913965 0.407549 5.977016 0.107000 8.582204 0.619362 8.905475 -2.309098 0.107000 -2.928459 0.107000 1.680047  -1   0  -1 
59418.958787 -5.911270 0.407594 6.395016 0.107000 8.582204 0.619041 8.905130 -1.891073 0.107000 -2.510114 0.107000 1.680047  -1   0  -1 
59418.965560 -5.904497 0.407707 6.673016 0.107000 8.582204 0.618235 8.904258 -1.613007 0.107000 -2.231242 0.107000 1.680047  -1   0  -1 
59418.981323 -5.888734 0.407970 7.893445 0.107000 9.993953 0.616359 10.313956 -1.804152 0.107000 -2.420511 0.107000 1.680047  -1   3  -1 
59418.982407 -5.887650 0.407988 8.979445 0.107000 9.993953 0.616229 10.313814 -0.718139 0.107000 -1.334369 0.107000 1.680047  -1   3  -1 
59418.983485 -5.886572 0.408006 8.108445 0.107000 9.993953 0.616101 10.313672 -1.589126 0.107000 -2.205227 0.107000 1.680047  -1   3  -1 
59419.756507 -5.113550 0.420920 11.061036 0.103000 10.034733 0.522666 10.212636 1.371066 0.103000 0.848400 0.103000 1.680047  -1   2  -1 
59419.775306 -5.094751 0.421234 12.721036 0.103000 10.034733 0.520360 10.208322 3.033074 0.103000 2.512714 0.103000 1.680047  -1   2  -1 
59419.779068 -5.090989 0.421297 13.350036 0.103000 10.034733 0.519898 10.207455 3.662479 0.103000 3.142581 0.103000 1.680047  -1   2  -1 
59419.947893 -4.922164 0.424117 7.333016 0.111000 8.582204 0.499120 8.715231 -0.883095 0.111000 -1.382215 0.111000 1.680047  -1   0  -1 
59419.986504 -4.883553 0.424762 5.470016 0.111000 8.582204 0.494351 8.706005 -2.741638 0.111000 -3.235989 0.111000 1.680047  -1   0  -1 
59419.990052 -4.880005 0.424822 5.020016 0.111000 8.582204 0.493912 8.705156 -3.191228 0.111000 -3.685140 0.111000 1.680047  -1   0  -1 
59420.037408 -4.832649 0.425613 6.331445 0.104000 9.993953 0.488053 10.105560 -3.286063 0.104000 -3.774115 0.104000 1.680047  -1   3  -1 
59420.038492 -4.831565 0.425631 6.759445 0.104000 9.993953 0.487918 10.105300 -2.857937 0.104000 -3.345855 0.104000 1.680047  -1   3  -1 
59420.040662 -4.829395 0.425667 9.441445 0.104000 9.993953 0.487650 10.104780 -0.175686 0.104000 -0.663335 0.104000 1.680047  -1   3  -1 
59420.700637 -4.169420 0.436692 11.222036 0.104000 10.034733 0.404997 10.001792 1.625240 0.104000 1.220244 0.104000 1.680047  -1   2  -1 
59420.708153 -4.161904 0.436818 12.511036 0.104000 10.034733 0.404045 10.000471 2.914610 0.104000 2.510565 0.104000 1.680047  -1   2  -1 
59420.715676 -4.154381 0.436944 9.715036 0.104000 10.034733 0.403092 9.999158 0.118970 0.104000 -0.284122 0.104000 1.680047  -1   2  -1 
59420.873617 -3.996440 0.439582 11.323000 0.133000 11.029315 0.383036 10.968626 0.737411 0.133000 0.354374 0.133000 1.680047  -1   1  -1 
59420.874323 -3.995734 0.439594 10.582000 0.133000 11.029315 0.382946 10.968524 -0.003578 0.133000 -0.386524 0.133000 1.680047  -1   1  -1 
59420.875735 -3.994322 0.439618 13.235000 0.133000 11.029315 0.382767 10.968322 2.649445 0.133000 2.266678 0.133000 1.680047  -1   1  -1 
59420.988150 -3.881907 0.441496 11.459445 0.109000 9.993953 0.368430 9.918147 1.909728 0.109000 1.541298 0.109000 1.680047  -1   3  -1 
59420.990293 -3.879764 0.441531 8.740445 0.109000 9.993953 0.368156 9.917890 -0.809289 0.109000 -1.177445 0.109000 1.680047  -1   3  -1 
59420.991383 -3.878674 0.441550 9.562445 0.109000 9.993953 0.368017 9.917760 0.012702 0.109000 -0.355315 0.109000 1.680047  -1   3  -1 
59421.112099 -3.757958 0.443566 4.962016 0.109000 8.582204 0.352565 8.493120 -3.178539 0.109000 -3.531104 0.109000 1.680047  -1   0  -1 
59421.130285 -3.739772 0.443870 6.401016 0.109000 8.582204 0.350232 8.491444 -1.740196 0.109000 -2.090428 0.109000 1.680047  -1   0  -1 
59421.136709 -3.733348 0.443977 5.004016 0.109000 8.582204 0.349407 8.490868 -3.137444 0.109000 -3.486852 0.109000 1.680047  -1   0  -1 
59422.687448 -2.182609 0.469883 11.492036 0.105000 10.034733 0.145933 9.912267 1.725702 0.105000 1.579769 0.105000 1.680047  -1   2  -1 
59422.694983 -2.175074 0.470009 12.344036 0.105000 10.034733 0.144924 9.911508 2.577452 0.105000 2.432528 0.105000 1.680047  -1   2  -1 
59422.702516 -2.167541 0.470135 10.777036 0.105000 10.034733 0.143915 9.910730 1.010220 0.105000 0.866306 0.105000 1.680047  -1   2  -1 
59422.871553 -1.998504 0.472959 10.382000 0.132000 11.029315 0.121221 10.882692 -0.379471 0.132000 -0.500692 0.132000 1.680047  -1   1  -1 
59422.873670 -1.996387 0.472994 9.373000 0.132000 11.029315 0.120936 10.882342 -1.388406 0.132000 -1.509342 0.132000 1.680047  -1   1  -1 
59422.874376 -1.995681 0.473006 10.685000 0.132000 11.029315 0.120841 10.882225 -0.076384 0.132000 -0.197225 0.132000 1.680047  -1   1  -1 
59423.678423 -1.191634 0.486438 12.215036 0.105000 10.034733 0.011661 9.616483 2.610214 0.105000 2.598553 0.105000 1.680047  -1   2  -1 
59423.685999 -1.184058 0.486565 12.980036 0.105000 10.034733 0.010624 9.612615 3.378044 0.105000 3.367421 0.105000 1.680047  -1   2  -1 
59423.689751 -1.180306 0.486628 12.776036 0.105000 10.034733 0.010109 9.610692 3.175454 0.105000 3.165344 0.105000 1.680047  -1   2  -1 
