# time model 
59325.801227 0.934673 
59325.833009 0.931742 
59325.864791 0.928542 
59325.896573 0.925074 
59325.928355 0.921343 
59325.960137 0.917351 
59325.991919 0.913101 
59326.023701 0.908597 
59326.055483 0.903841 
59326.087265 0.898838 
59326.119047 0.893592 
59326.150829 0.888105 
59326.182611 0.882383 
59326.214393 0.876429 
59326.246175 0.870248 
59326.277957 0.863844 
59326.309739 0.857222 
59326.341521 0.850386 
59326.373303 0.843341 
59326.405085 0.836092 
59326.436867 0.828644 
59326.468649 0.821002 
59326.500431 0.813172 
59326.532213 0.805158 
59326.563995 0.796966 
59326.595777 0.788602 
59326.627559 0.780071 
59326.659341 0.771378 
59326.691123 0.762530 
59326.722905 0.753532 
59326.754687 0.744391 
59326.786469 0.735111 
59326.818251 0.725699 
59326.850033 0.716161 
59326.881815 0.706503 
59326.913597 0.696731 
59326.945379 0.686851 
59326.977161 0.676870 
59327.008943 0.666793 
59327.040725 0.656627 
59327.072507 0.646377 
59327.104289 0.636051 
59327.136071 0.625654 
59327.167853 0.615193 
59327.199635 0.604673 
59327.231417 0.594102 
59327.263199 0.583485 
59327.294981 0.572828 
59327.326763 0.562137 
59327.358545 0.551420 
59327.390327 0.540681 
59327.422109 0.529927 
59327.453891 0.519164 
59327.485673 0.508398 
59327.517455 0.497634 
59327.549237 0.486879 
59327.581019 0.476139 
59327.612801 0.465419 
59327.644583 0.454724 
59327.676365 0.444061 
59327.708147 0.433436 
59327.739929 0.422852 
59327.771711 0.412317 
59327.803493 0.401835 
59327.835275 0.391411 
59327.867057 0.381050 
59327.898839 0.370759 
59327.930621 0.360540 
59327.962402 0.350399 
59327.994184 0.340342 
59328.025966 0.330372 
59328.057748 0.320494 
59328.089530 0.310712 
59328.121312 0.301030 
59328.153094 0.291453 
59328.184876 0.281985 
59328.216658 0.272629 
59328.248440 0.263389 
59328.280222 0.254269 
59328.312004 0.245272 
59328.343786 0.236402 
59328.375568 0.227661 
59328.407350 0.219053 
59328.439132 0.210581 
59328.470914 0.202247 
59328.502696 0.194055 
59328.534478 0.186005 
59328.566260 0.178101 
59328.598042 0.170346 
59328.629824 0.162740 
59328.661606 0.155286 
59328.693388 0.147986 
59328.725170 0.140840 
59328.756952 0.133852 
59328.788734 0.127020 
59328.820516 0.120348 
59328.852298 0.113836 
59328.884080 0.107484 
59328.915862 0.101293 
59328.947644 0.095264 
59328.979426 0.089397 
59329.011208 0.083692 
59329.042990 0.078150 
59329.074772 0.072769 
59329.106554 0.067551 
59329.138336 0.062493 
59329.170118 0.057597 
59329.201900 0.052861 
59329.233682 0.048284 
59329.265464 0.043865 
59329.297246 0.039604 
59329.329028 0.035498 
59329.360810 0.031547 
59329.392592 0.027748 
59329.424374 0.024101 
59329.456156 0.020603 
59329.487938 0.017252 
59329.519720 0.014046 
59329.551502 0.010984 
59329.583284 0.008062 
59329.615066 0.005279 
59329.646848 0.002631 
59329.678630 0.000116 
59329.710412 -0.002268 
59329.742194 -0.004526 
59329.773976 -0.006659 
59329.805758 -0.008671 
59329.837540 -0.010565 
59329.869322 -0.012345 
59329.901104 -0.014013 
59329.932886 -0.015573 
59329.964668 -0.017030 
59329.996450 -0.018386 
59330.028232 -0.019645 
59330.060014 -0.020812 
59330.091796 -0.021889 
59330.123578 -0.022882 
59330.155360 -0.023793 
59330.187142 -0.024627 
59330.218924 -0.025389 
59330.250706 -0.026082 
59330.282488 -0.026710 
59330.314270 -0.027278 
59330.346052 -0.027791 
59330.377834 -0.028252 
59330.409616 -0.028666 
59330.441398 -0.029037 
59330.473180 -0.029370 
59330.504962 -0.029669 
59330.536744 -0.029938 
59330.568526 -0.030183 
59330.600308 -0.030407 
59330.632090 -0.030616 
59330.663871 -0.030812 
59330.695653 -0.031002 
59330.727435 -0.031189 
59330.759217 -0.031378 
59330.790999 -0.031573 
59330.822781 -0.031779 
59330.854563 -0.032000 
59330.886345 -0.032240 
59330.918127 -0.032504 
59330.949909 -0.032796 
59330.981691 -0.033120 
59331.013473 -0.033480 
59331.045255 -0.033880 
59331.077037 -0.034325 
59331.108819 -0.034819 
59331.140601 -0.035364 
59331.172383 -0.035966 
59331.204165 -0.036629 
59331.235947 -0.037354 
59331.267729 -0.038148 
59331.299511 -0.039012 
59331.331293 -0.039951 
59331.363075 -0.040967 
59331.394857 -0.042065 
59331.426639 -0.043247 
59331.458421 -0.044517 
59331.490203 -0.045877 
59331.521985 -0.047330 
59331.553767 -0.048880 
59331.585549 -0.050529 
59331.617331 -0.052279 
59331.649113 -0.054133 
59331.680895 -0.056093 
59331.712677 -0.058163 
59331.744459 -0.060342 
59331.776241 -0.062635 
59331.808023 -0.065042 
59331.839805 -0.067565 
59331.871587 -0.070207 
59331.903369 -0.072968 
59331.935151 -0.075849 
59331.966933 -0.078853 
59331.998715 -0.081980 
59332.030497 -0.085231 
59332.062279 -0.088607 
59332.094061 -0.092109 
59332.125843 -0.095737 
59332.157625 -0.099492 
59332.189407 -0.103373 
59332.221189 -0.107382 
59332.252971 -0.111518 
59332.284753 -0.115780 
59332.316535 -0.120170 
59332.348317 -0.124685 
59332.380099 -0.129327 
59332.411881 -0.134093 
59332.443663 -0.138984 
59332.475445 -0.143997 
59332.507227 -0.149133 
59332.539009 -0.154390 
59332.570791 -0.159766 
59332.602573 -0.165260 
59332.634355 -0.170871 
59332.666137 -0.176596 
59332.697919 -0.182434 
59332.729701 -0.188382 
59332.761483 -0.194439 
59332.793265 -0.200602 
59332.825047 -0.206868 
59332.856829 -0.213236 
59332.888611 -0.219702 
59332.920393 -0.226264 
59332.952175 -0.232919 
59332.983957 -0.239663 
59333.015739 -0.246494 
59333.047521 -0.253409 
59333.079303 -0.260404 
59333.111085 -0.267475 
59333.142867 -0.274619 
59333.174649 -0.281832 
59333.206431 -0.289112 
59333.238213 -0.296453 
59333.269995 -0.303852 
59333.301777 -0.311304 
59333.333559 -0.318807 
59333.365340 -0.326355 
59333.397122 -0.333944 
59333.428904 -0.341570 
59333.460686 -0.349229 
59333.492468 -0.356916 
59333.524250 -0.364626 
59333.556032 -0.372356 
59333.587814 -0.380099 
59333.619596 -0.387853 
59333.651378 -0.395611 
59333.683160 -0.403369 
59333.714942 -0.411123 
59333.746724 -0.418866 
59333.778506 -0.426596 
59333.810288 -0.434306 
59333.842070 -0.441991 
59333.873852 -0.449648 
59333.905634 -0.457270 
59333.937416 -0.464853 
59333.969198 -0.472391 
59334.000980 -0.479880 
59334.032762 -0.487315 
59334.064544 -0.494691 
59334.096326 -0.502002 
59334.128108 -0.509245 
59334.159890 -0.516413 
59334.191672 -0.523502 
59334.223454 -0.530507 
59334.255236 -0.537424 
59334.287018 -0.544247 
59334.318800 -0.550971 
59334.350582 -0.557592 
59334.382364 -0.564106 
59334.414146 -0.570507 
59334.445928 -0.576791 
59334.477710 -0.582954 
59334.509492 -0.588991 
59334.541274 -0.594897 
59334.573056 -0.600669 
59334.604838 -0.606301 
59334.636620 -0.611791 
59334.668402 -0.617133 
59334.700184 -0.622325 
59334.731966 -0.627361 
59334.763748 -0.632239 
59334.795530 -0.636954 
59334.827312 -0.641503 
59334.859094 -0.645882 
59334.890876 -0.650088 
59334.922658 -0.654118 
59334.954440 -0.657969 
59334.986222 -0.661637 
59335.018004 -0.665120 
59335.049786 -0.668414 
59335.081568 -0.671518 
59335.113350 -0.674428 
59335.145132 -0.677142 
59335.176914 -0.679659 
59335.208696 -0.681974 
59335.240478 -0.684088 
59335.272260 -0.685997 
59335.304042 -0.687701 
59335.335824 -0.689197 
59335.367606 -0.690483 
59335.399388 -0.691560 
59335.431170 -0.692425 
59335.462952 -0.693078 
59335.494734 -0.693518 
59335.526516 -0.693743 
59335.558298 -0.693754 
59335.590080 -0.693551 
59335.621862 -0.693132 
59335.653644 -0.692497 
59335.685426 -0.691648 
59335.717208 -0.690584 
59335.748990 -0.689305 
59335.780772 -0.687812 
59335.812554 -0.686106 
59335.844336 -0.684188 
59335.876118 -0.682058 
59335.907900 -0.679717 
59335.939682 -0.677168 
59335.971464 -0.674412 
59336.003246 -0.671450 
59336.035028 -0.668283 
59336.066809 -0.664915 
59336.098591 -0.661347 
59336.130373 -0.657581 
59336.162155 -0.653620 
59336.193937 -0.649466 
59336.225719 -0.645122 
59336.257501 -0.640591 
59336.289283 -0.635875 
59336.321065 -0.630979 
59336.352847 -0.625905 
59336.384629 -0.620656 
59336.416411 -0.615236 
59336.448193 -0.609650 
59336.479975 -0.603899 
59336.511757 -0.597990 
59336.543539 -0.591925 
59336.575321 -0.585708 
59336.607103 -0.579345 
59336.638885 -0.572839 
59336.670667 -0.566195 
59336.702449 -0.559418 
59336.734231 -0.552512 
59336.766013 -0.545483 
59336.797795 -0.538334 
59336.829577 -0.531072 
59336.861359 -0.523701 
59336.893141 -0.516227 
59336.924923 -0.508655 
59336.956705 -0.500989 
59336.988487 -0.493237 
59337.020269 -0.485403 
59337.052051 -0.477493 
59337.083833 -0.469513 
59337.115615 -0.461468 
59337.147397 -0.453364 
59337.179179 -0.445207 
59337.210961 -0.437003 
59337.242743 -0.428758 
59337.274525 -0.420478 
59337.306307 -0.412168 
59337.338089 -0.403836 
59337.369871 -0.395487 
59337.401653 -0.387126 
59337.433435 -0.378762 
59337.465217 -0.370398 
59337.496999 -0.362042 
59337.528781 -0.353700 
59337.560563 -0.345377 
59337.592345 -0.337081 
59337.624127 -0.328816 
59337.655909 -0.320590 
59337.687691 -0.312408 
59337.719473 -0.304276 
59337.751255 -0.296201 
59337.783037 -0.288188 
59337.814819 -0.280244 
59337.846601 -0.272374 
59337.878383 -0.264584 
59337.910165 -0.256880 
59337.941947 -0.249268 
59337.973729 -0.241753 
59338.005511 -0.234342 
59338.037293 -0.227039 
59338.069075 -0.219851 
59338.100857 -0.212782 
59338.132639 -0.205838 
59338.164421 -0.199024 
59338.196203 -0.192346 
59338.227985 -0.185808 
59338.259767 -0.179415 
59338.291549 -0.173173 
59338.323331 -0.167086 
59338.355113 -0.161158 
59338.386895 -0.155395 
59338.418677 -0.149800 
59338.450459 -0.144378 
59338.482241 -0.139133 
59338.514023 -0.134069 
59338.545805 -0.129190 
59338.577587 -0.124500 
59338.609369 -0.120003 
59338.641151 -0.115701 
59338.672933 -0.111598 
59338.704715 -0.107698 
59338.736497 -0.104004 
59338.768278 -0.100518 
59338.800060 -0.097242 
59338.831842 -0.094181 
59338.863624 -0.091336 
59338.895406 -0.088709 
59338.927188 -0.086302 
59338.958970 -0.084118 
59338.990752 -0.082159 
59339.022534 -0.080425 
59339.054316 -0.078918 
59339.086098 -0.077640 
59339.117880 -0.076591 
59339.149662 -0.075773 
59339.181444 -0.075187 
59339.213226 -0.074832 
59339.245008 -0.074709 
59339.276790 -0.074819 
59339.308572 -0.075161 
59339.340354 -0.075736 
59339.372136 -0.076543 
59339.403918 -0.077581 
59339.435700 -0.078850 
59339.467482 -0.080349 
59339.499264 -0.082077 
59339.531046 -0.084034 
59339.562828 -0.086216 
59339.594610 -0.088624 
59339.626392 -0.091254 
59339.658174 -0.094106 
59339.689956 -0.097177 
59339.721738 -0.100466 
59339.753520 -0.103969 
59339.785302 -0.107684 
59339.817084 -0.111608 
59339.848866 -0.115739 
59339.880648 -0.120073 
59339.912430 -0.124607 
59339.944212 -0.129338 
59339.975994 -0.134262 
59340.007776 -0.139376 
59340.039558 -0.144676 
59340.071340 -0.150157 
59340.103122 -0.155816 
59340.134904 -0.161649 
59340.166686 -0.167651 
59340.198468 -0.173817 
59340.230250 -0.180143 
59340.262032 -0.186624 
59340.293814 -0.193255 
59340.325596 -0.200031 
59340.357378 -0.206948 
59340.389160 -0.213999 
59340.420942 -0.221179 
59340.452724 -0.228484 
59340.484506 -0.235906 
59340.516288 -0.243441 
59340.548070 -0.251083 
59340.579852 -0.258827 
59340.611634 -0.266665 
59340.643416 -0.274592 
59340.675198 -0.282603 
59340.706980 -0.290690 
59340.738762 -0.298847 
59340.770544 -0.307070 
59340.802326 -0.315350 
59340.834108 -0.323681 
59340.865890 -0.332058 
59340.897672 -0.340474 
59340.929454 -0.348921 
59340.961236 -0.357395 
59340.993018 -0.365887 
59341.024800 -0.374392 
59341.056582 -0.382902 
59341.088364 -0.391412 
59341.120146 -0.399915 
59341.151928 -0.408403 
59341.183710 -0.416871 
59341.215492 -0.425312 
59341.247274 -0.433719 
59341.279056 -0.442085 
59341.310838 -0.450404 
59341.342620 -0.458670 
59341.374402 -0.466876 
59341.406184 -0.475016 
59341.437965 -0.483082 
59341.469747 -0.491070 
59341.501529 -0.498972 
59341.533311 -0.506782 
59341.565093 -0.514495 
59341.596875 -0.522104 
59341.628657 -0.529602 
59341.660439 -0.536985 
59341.692221 -0.544246 
59341.724003 -0.551380 
59341.755785 -0.558381 
59341.787567 -0.565242 
59341.819349 -0.571960 
59341.851131 -0.578528 
59341.882913 -0.584941 
59341.914695 -0.591195 
59341.946477 -0.597283 
59341.978259 -0.603202 
59342.010041 -0.608946 
59342.041823 -0.614511 
59342.073605 -0.619893 
59342.105387 -0.625086 
59342.137169 -0.630088 
59342.168951 -0.634893 
59342.200733 -0.639498 
59342.232515 -0.643900 
59342.264297 -0.648094 
59342.296079 -0.652078 
59342.327861 -0.655847 
59342.359643 -0.659399 
59342.391425 -0.662732 
59342.423207 -0.665841 
59342.454989 -0.668726 
59342.486771 -0.671383 
59342.518553 -0.673810 
59342.550335 -0.676005 
59342.582117 -0.677966 
59342.613899 -0.679692 
59342.645681 -0.681181 
59342.677463 -0.682433 
59342.709245 -0.683445 
59342.741027 -0.684217 
59342.772809 -0.684748 
59342.804591 -0.685038 
59342.836373 -0.685087 
59342.868155 -0.684894 
59342.899937 -0.684460 
59342.931719 -0.683784 
59342.963501 -0.682868 
59342.995283 -0.681712 
59343.027065 -0.680316 
59343.058847 -0.678683 
59343.090629 -0.676813 
59343.122411 -0.674707 
59343.154193 -0.672368 
59343.185975 -0.669797 
59343.217757 -0.666997 
59343.249539 -0.663969 
59343.281321 -0.660716 
59343.313103 -0.657241 
59343.344885 -0.653547 
59343.376667 -0.649636 
59343.408449 -0.645512 
59343.440231 -0.641178 
59343.472013 -0.636638 
59343.503795 -0.631895 
59343.535577 -0.626954 
59343.567359 -0.621818 
59343.599141 -0.616492 
59343.630923 -0.610980 
59343.662705 -0.605288 
59343.694487 -0.599419 
59343.726269 -0.593378 
59343.758051 -0.587172 
59343.789833 -0.580804 
59343.821615 -0.574281 
59343.853397 -0.567607 
59343.885179 -0.560790 
59343.916961 -0.553833 
59343.948743 -0.546744 
59343.980525 -0.539529 
59344.012307 -0.532194 
59344.044089 -0.524744 
59344.075871 -0.517187 
59344.107653 -0.509529 
59344.139434 -0.501777 
59344.171216 -0.493938 
59344.202998 -0.486018 
59344.234780 -0.478025 
59344.266562 -0.469965 
59344.298344 -0.461846 
59344.330126 -0.453675 
59344.361908 -0.445460 
59344.393690 -0.437207 
59344.425472 -0.428924 
59344.457254 -0.420618 
59344.489036 -0.412298 
59344.520818 -0.403971 
59344.552600 -0.395644 
59344.584382 -0.387325 
59344.616164 -0.379022 
59344.647946 -0.370743 
59344.679728 -0.362494 
59344.711510 -0.354285 
59344.743292 -0.346123 
59344.775074 -0.338015 
59344.806856 -0.329970 
59344.838638 -0.321995 
59344.870420 -0.314098 
59344.902202 -0.306286 
59344.933984 -0.298568 
59344.965766 -0.290951 
59344.997548 -0.283442 
59345.029330 -0.276050 
59345.061112 -0.268781 
59345.092894 -0.261643 
59345.124676 -0.254644 
59345.156458 -0.247791 
59345.188240 -0.241092 
59345.220022 -0.234553 
59345.251804 -0.228181 
59345.283586 -0.221984 
59345.315368 -0.215968 
59345.347150 -0.210141 
59345.378932 -0.204509 
59345.410714 -0.199079 
59345.442496 -0.193856 
59345.474278 -0.188849 
59345.506060 -0.184062 
59345.537842 -0.179502 
59345.569624 -0.175175 
59345.601406 -0.171087 
59345.633188 -0.167243 
59345.664970 -0.163649 
59345.696752 -0.160311 
59345.728534 -0.157233 
59345.760316 -0.154421 
59345.792098 -0.151880 
59345.823880 -0.149613 
59345.855662 -0.147627 
59345.887444 -0.145925 
59345.919226 -0.144512 
59345.951008 -0.143391 
59345.982790 -0.142567 
59346.014572 -0.142042 
59346.046354 -0.141821 
59346.078136 -0.141907 
59346.109918 -0.142302 
59346.141700 -0.143009 
59346.173482 -0.144032 
59346.205264 -0.145373 
59346.237046 -0.147033 
59346.268828 -0.149014 
59346.300610 -0.151320 
59346.332392 -0.153950 
59346.364174 -0.156907 
59346.395956 -0.160191 
59346.427738 -0.163804 
59346.459520 -0.167745 
59346.491302 -0.172016 
59346.523084 -0.176617 
59346.554866 -0.181548 
59346.586648 -0.186808 
59346.618430 -0.192397 
59346.650212 -0.198314 
59346.681994 -0.204558 
59346.713776 -0.211129 
59346.745558 -0.218025 
59346.777340 -0.225244 
59346.809122 -0.232784 
59346.840903 -0.240643 
59346.872685 -0.248820 
59346.904467 -0.257311 
59346.936249 -0.266113 
59346.968031 -0.275225 
59346.999813 -0.284642 
59347.031595 -0.294361 
59347.063377 -0.304379 
59347.095159 -0.314692 
59347.126941 -0.325295 
59347.158723 -0.336185 
59347.190505 -0.347357 
59347.222287 -0.358807 
59347.254069 -0.370528 
59347.285851 -0.382518 
59347.317633 -0.394769 
59347.349415 -0.407277 
59347.381197 -0.420036 
59347.412979 -0.433040 
59347.444761 -0.446283 
59347.476543 -0.459759 
59347.508325 -0.473462 
59347.540107 -0.487385 
59347.571889 -0.501521 
59347.603671 -0.515864 
59347.635453 -0.530406 
59347.667235 -0.545140 
59347.699017 -0.560059 
59347.730799 -0.575156 
59347.762581 -0.590422 
59347.794363 -0.605850 
59347.826145 -0.621432 
59347.857927 -0.637160 
59347.889709 -0.653026 
59347.921491 -0.669022 
59347.953273 -0.685140 
59347.985055 -0.701370 
59348.016837 -0.717704 
59348.048619 -0.734134 
59348.080401 -0.750651 
59348.112183 -0.767246 
59348.143965 -0.783910 
59348.175747 -0.800634 
59348.207529 -0.817410 
59348.239311 -0.834228 
59348.271093 -0.851078 
59348.302875 -0.867953 
59348.334657 -0.884842 
59348.366439 -0.901737 
59348.398221 -0.918627 
59348.430003 -0.935505 
59348.461785 -0.952360 
59348.493567 -0.969183 
59348.525349 -0.985965 
59348.557131 -1.002697 
59348.588913 -1.019369 
59348.620695 -1.035972 
59348.652477 -1.052496 
59348.684259 -1.068934 
59348.716041 -1.085275 
59348.747823 -1.101510 
59348.779605 -1.117630 
59348.811387 -1.133627 
59348.843169 -1.149490 
59348.874951 -1.165212 
59348.906733 -1.180784 
59348.938515 -1.196196 
59348.970297 -1.211441 
59349.002079 -1.226509 
59349.033861 -1.241392 
59349.065643 -1.256082 
59349.097425 -1.270570 
59349.129207 -1.284849 
59349.160989 -1.298911 
59349.192771 -1.312747 
59349.224553 -1.326350 
59349.256335 -1.339712 
59349.288117 -1.352826 
59349.319899 -1.365684 
59349.351681 -1.378280 
59349.383463 -1.390606 
59349.415245 -1.402656 
59349.447027 -1.414422 
59349.478809 -1.425899 
59349.510591 -1.437081 
59349.542372 -1.447960 
59349.574154 -1.458531 
59349.605936 -1.468789 
59349.637718 -1.478727 
59349.669500 -1.488341 
59349.701282 -1.497625 
59349.733064 -1.506575 
59349.764846 -1.515185 
59349.796628 -1.523452 
59349.828410 -1.531370 
59349.860192 -1.538936 
59349.891974 -1.546146 
59349.923756 -1.552997 
59349.955538 -1.559485 
59349.987320 -1.565606 
59350.019102 -1.571358 
59350.050884 -1.576739 
59350.082666 -1.581745 
59350.114448 -1.586375 
59350.146230 -1.590627 
59350.178012 -1.594498 
59350.209794 -1.597988 
59350.241576 -1.601094 
59350.273358 -1.603818 
59350.305140 -1.606156 
59350.336922 -1.608109 
59350.368704 -1.609677 
59350.400486 -1.610860 
59350.432268 -1.611658 
59350.464050 -1.612071 
59350.495832 -1.612100 
59350.527614 -1.611747 
59350.559396 -1.611011 
59350.591178 -1.609896 
59350.622960 -1.608402 
59350.654742 -1.606532 
59350.686524 -1.604288 
59350.718306 -1.601672 
59350.750088 -1.598687 
59350.781870 -1.595336 
59350.813652 -1.591622 
59350.845434 -1.587549 
59350.877216 -1.583120 
59350.908998 -1.578339 
59350.940780 -1.573210 
59350.972562 -1.567737 
59351.004344 -1.561926 
59351.036126 -1.555780 
59351.067908 -1.549305 
59351.099690 -1.542506 
59351.131472 -1.535388 
59351.163254 -1.527958 
59351.195036 -1.520220 
59351.226818 -1.512181 
59351.258600 -1.503847 
59351.290382 -1.495224 
59351.322164 -1.486320 
59351.353946 -1.477140 
59351.385728 -1.467692 
59351.417510 -1.457982 
59351.449292 -1.448019 
59351.481074 -1.437809 
59351.512856 -1.427360 
59351.544638 -1.416680 
59351.576420 -1.405777 
59351.608202 -1.394658 
59351.639984 -1.383333 
59351.671766 -1.371808 
59351.703548 -1.360093 
59351.735330 -1.348196 
59351.767112 -1.336126 
59351.798894 -1.323891 
59351.830676 -1.311501 
59351.862458 -1.298964 
59351.894240 -1.286290 
59351.926022 -1.273487 
59351.957804 -1.260564 
59351.989586 -1.247532 
59352.021368 -1.234398 
59352.053150 -1.221174 
59352.084932 -1.207867 
59352.116714 -1.194489 
59352.148496 -1.181047 
59352.180278 -1.167552 
59352.212060 -1.154013 
59352.243841 -1.140440 
59352.275623 -1.126842 
59352.307405 -1.113230 
59352.339187 -1.099612 
59352.370969 -1.085998 
59352.402751 -1.072399 
59352.434533 -1.058823 
59352.466315 -1.045279 
59352.498097 -1.031779 
59352.529879 -1.018330 
59352.561661 -1.004943 
59352.593443 -0.991627 
59352.625225 -0.978391 
59352.657007 -0.965244 
59352.688789 -0.952196 
59352.720571 -0.939255 
59352.752353 -0.926432 
59352.784135 -0.913734 
59352.815917 -0.901170 
59352.847699 -0.888750 
59352.879481 -0.876481 
59352.911263 -0.864373 
59352.943045 -0.852434 
59352.974827 -0.840672 
59353.006609 -0.829095 
59353.038391 -0.817712 
59353.070173 -0.806529 
59353.101955 -0.795556 
59353.133737 -0.784799 
59353.165519 -0.774266 
59353.197301 -0.763964 
59353.229083 -0.753900 
59353.260865 -0.744081 
59353.292647 -0.734515 
59353.324429 -0.725207 
59353.356211 -0.716163 
59353.387993 -0.707391 
59353.419775 -0.698896 
59353.451557 -0.690685 
59353.483339 -0.682761 
59353.515121 -0.675132 
59353.546903 -0.667802 
59353.578685 -0.660776 
59353.610467 -0.654059 
59353.642249 -0.647656 
59353.674031 -0.641571 
59353.705813 -0.635808 
59353.737595 -0.630372 
59353.769377 -0.625265 
59353.801159 -0.620491 
59353.832941 -0.616054 
59353.864723 -0.611956 
59353.896505 -0.608201 
59353.928287 -0.604791 
59353.960069 -0.601727 
59353.991851 -0.599013 
59354.023633 -0.596650 
59354.055415 -0.594640 
59354.087197 -0.592984 
59354.118979 -0.591683 
59354.150761 -0.590738 
59354.182543 -0.590150 
59354.214325 -0.589919 
59354.246107 -0.590045 
59354.277889 -0.590528 
59354.309671 -0.591368 
59354.341453 -0.592565 
59354.373235 -0.594116 
59354.405017 -0.596023 
59354.436799 -0.598282 
59354.468581 -0.600894 
59354.500363 -0.603855 
59354.532145 -0.607164 
59354.563927 -0.610819 
59354.595709 -0.614818 
59354.627491 -0.619157 
59354.659273 -0.623834 
59354.691055 -0.628845 
59354.722837 -0.634189 
59354.754619 -0.639860 
59354.786401 -0.645855 
59354.818183 -0.652171 
59354.849965 -0.658802 
59354.881747 -0.665746 
59354.913529 -0.672996 
59354.945310 -0.680549 
59354.977092 -0.688400 
59355.008874 -0.696543 
59355.040656 -0.704972 
59355.072438 -0.713684 
59355.104220 -0.722671 
59355.136002 -0.731929 
59355.167784 -0.741450 
59355.199566 -0.751229 
59355.231348 -0.761260 
59355.263130 -0.771536 
59355.294912 -0.782050 
59355.326694 -0.792796 
59355.358476 -0.803766 
59355.390258 -0.814955 
59355.422040 -0.826353 
59355.453822 -0.837955 
59355.485604 -0.849753 
59355.517386 -0.861739 
59355.549168 -0.873906 
59355.580950 -0.886246 
59355.612732 -0.898751 
59355.644514 -0.911413 
59355.676296 -0.924224 
59355.708078 -0.937176 
59355.739860 -0.950262 
59355.771642 -0.963472 
59355.803424 -0.976799 
59355.835206 -0.990234 
59355.866988 -1.003768 
59355.898770 -1.017395 
59355.930552 -1.031104 
59355.962334 -1.044887 
59355.994116 -1.058737 
59356.025898 -1.072644 
59356.057680 -1.086600 
59356.089462 -1.100597 
59356.121244 -1.114625 
59356.153026 -1.128677 
59356.184808 -1.142744 
59356.216590 -1.156817 
59356.248372 -1.170888 
59356.280154 -1.184948 
59356.311936 -1.198990 
59356.343718 -1.213004 
59356.375500 -1.226983 
59356.407282 -1.240918 
59356.439064 -1.254800 
59356.470846 -1.268623 
59356.502628 -1.282377 
59356.534410 -1.296055 
59356.566192 -1.309649 
59356.597974 -1.323151 
59356.629756 -1.336554 
59356.661538 -1.349849 
59356.693320 -1.363029 
59356.725102 -1.376087 
59356.756884 -1.389016 
59356.788666 -1.401808 
59356.820448 -1.414456 
59356.852230 -1.426953 
59356.884012 -1.439293 
59356.915794 -1.451469 
59356.947576 -1.463474 
59356.979358 -1.475302 
59357.011140 -1.486947 
59357.042922 -1.498402 
59357.074704 -1.509662 
59357.106486 -1.520721 
59357.138268 -1.531574 
59357.170050 -1.542214 
59357.201832 -1.552637 
59357.233614 -1.562837 
59357.265396 -1.572810 
59357.297178 -1.582551 
59357.328960 -1.592056 
59357.360742 -1.601319 
59357.392524 -1.610337 
59357.424306 -1.619106 
59357.456088 -1.627622 
59357.487870 -1.635882 
59357.519652 -1.643881 
59357.551434 -1.651617 
59357.583216 -1.659087 
59357.614997 -1.666288 
59357.646779 -1.673218 
59357.678561 -1.679873 
59357.710343 -1.686252 
59357.742125 -1.692353 
59357.773907 -1.698174 
59357.805689 -1.703714 
59357.837471 -1.708970 
59357.869253 -1.713942 
59357.901035 -1.718629 
59357.932817 -1.723030 
59357.964599 -1.727145 
59357.996381 -1.730973 
59358.028163 -1.734514 
59358.059945 -1.737768 
59358.091727 -1.740736 
59358.123509 -1.743417 
59358.155291 -1.745812 
59358.187073 -1.747923 
59358.218855 -1.749751 
59358.250637 -1.751296 
59358.282419 -1.752560 
59358.314201 -1.753545 
59358.345983 -1.754252 
59358.377765 -1.754684 
59358.409547 -1.754843 
59358.441329 -1.754731 
59358.473111 -1.754350 
59358.504893 -1.753704 
59358.536675 -1.752795 
59358.568457 -1.751627 
59358.600239 -1.750203 
59358.632021 -1.748525 
59358.663803 -1.746598 
59358.695585 -1.744426 
59358.727367 -1.742012 
59358.759149 -1.739360 
59358.790931 -1.736475 
59358.822713 -1.733360 
59358.854495 -1.730021 
59358.886277 -1.726462 
59358.918059 -1.722687 
59358.949841 -1.718702 
59358.981623 -1.714512 
59359.013405 -1.710121 
59359.045187 -1.705534 
59359.076969 -1.700758 
59359.108751 -1.695797 
59359.140533 -1.690658 
59359.172315 -1.685345 
59359.204097 -1.679864 
59359.235879 -1.674221 
59359.267661 -1.668422 
59359.299443 -1.662473 
59359.331225 -1.656380 
59359.363007 -1.650149 
59359.394789 -1.643785 
59359.426571 -1.637296 
59359.458353 -1.630688 
59359.490135 -1.623965 
59359.521917 -1.617136 
59359.553699 -1.610206 
59359.585481 -1.603182 
59359.617263 -1.596070 
59359.649045 -1.588876 
59359.680827 -1.581607 
59359.712609 -1.574268 
59359.744391 -1.566868 
59359.776173 -1.559411 
59359.807955 -1.551905 
59359.839737 -1.544355 
59359.871519 -1.536768 
59359.903301 -1.529151 
59359.935083 -1.521509 
59359.966865 -1.513849 
59359.998647 -1.506177 
59360.030429 -1.498499 
59360.062211 -1.490821 
59360.093993 -1.483150 
59360.125775 -1.475491 
59360.157557 -1.467850 
59360.189339 -1.460233 
59360.221121 -1.452646 
59360.252903 -1.445094 
59360.284685 -1.437584 
59360.316466 -1.430120 
59360.348248 -1.422708 
59360.380030 -1.415353 
59360.411812 -1.408061 
59360.443594 -1.400837 
59360.475376 -1.393685 
59360.507158 -1.386611 
59360.538940 -1.379618 
59360.570722 -1.372713 
59360.602504 -1.365900 
59360.634286 -1.359182 
59360.666068 -1.352564 
59360.697850 -1.346050 
59360.729632 -1.339645 
59360.761414 -1.333351 
59360.793196 -1.327174 
59360.824978 -1.321115 
59360.856760 -1.315180 
59360.888542 -1.309370 
59360.920324 -1.303689 
59360.952106 -1.298140 
59360.983888 -1.292726 
59361.015670 -1.287450 
59361.047452 -1.282313 
59361.079234 -1.277319 
59361.111016 -1.272468 
59361.142798 -1.267764 
59361.174580 -1.263209 
59361.206362 -1.258802 
59361.238144 -1.254547 
59361.269926 -1.250445 
59361.301708 -1.246496 
59361.333490 -1.242702 
59361.365272 -1.239063 
59361.397054 -1.235580 
59361.428836 -1.232254 
59361.460618 -1.229084 
59361.492400 -1.226072 
59361.524182 -1.223216 
59361.555964 -1.220516 
59361.587746 -1.217973 
59361.619528 -1.215586 
59361.651310 -1.213353 
59361.683092 -1.211274 
59361.714874 -1.209349 
59361.746656 -1.207575 
59361.778438 -1.205951 
59361.810220 -1.204476 
59361.842002 -1.203148 
59361.873784 -1.201966 
59361.905566 -1.200926 
59361.937348 -1.200028 
59361.969130 -1.199269 
59362.000912 -1.198646 
59362.032694 -1.198157 
59362.064476 -1.197799 
59362.096258 -1.197569 
59362.128040 -1.197464 
59362.159822 -1.197481 
59362.191604 -1.197617 
59362.223386 -1.197869 
59362.255168 -1.198232 
59362.286950 -1.198704 
59362.318732 -1.199280 
59362.350514 -1.199957 
59362.382296 -1.200730 
59362.414078 -1.201597 
59362.445860 -1.202552 
59362.477642 -1.203591 
59362.509424 -1.204710 
59362.541206 -1.205905 
59362.572988 -1.207171 
59362.604770 -1.208504 
59362.636552 -1.209898 
59362.668334 -1.211350 
59362.700116 -1.212854 
59362.731898 -1.214405 
59362.763680 -1.215999 
59362.795462 -1.217631 
59362.827244 -1.219296 
59362.859026 -1.220989 
59362.890808 -1.222704 
59362.922590 -1.224437 
59362.954372 -1.226182 
59362.986154 -1.227935 
59363.017935 -1.229690 
59363.049717 -1.231442 
59363.081499 -1.233187 
59363.113281 -1.234918 
59363.145063 -1.236631 
59363.176845 -1.238320 
59363.208627 -1.239981 
59363.240409 -1.241609 
59363.272191 -1.243198 
59363.303973 -1.244743 
59363.335755 -1.246240 
59363.367537 -1.247683 
59363.399319 -1.249067 
59363.431101 -1.250388 
59363.462883 -1.251641 
59363.494665 -1.252822 
59363.526447 -1.253924 
59363.558229 -1.254945 
59363.590011 -1.255879 
59363.621793 -1.256722 
59363.653575 -1.257470 
59363.685357 -1.258117 
59363.717139 -1.258662 
59363.748921 -1.259098 
59363.780703 -1.259422 
59363.812485 -1.259630 
59363.844267 -1.259719 
59363.876049 -1.259685 
59363.907831 -1.259525 
59363.939613 -1.259234 
59363.971395 -1.258810 
59364.003177 -1.258249 
59364.034959 -1.257549 
59364.066741 -1.256707 
59364.098523 -1.255719 
59364.130305 -1.254584 
59364.162087 -1.253299 
59364.193869 -1.251861 
59364.225651 -1.250269 
59364.257433 -1.248521 
59364.289215 -1.246614 
59364.320997 -1.244547 
59364.352779 -1.242318 
59364.384561 -1.239927 
59364.416343 -1.237371 
59364.448125 -1.234650 
59364.479907 -1.231764 
59364.511689 -1.228711 
59364.543471 -1.225490 
59364.575253 -1.222103 
59364.607035 -1.218547 
59364.638817 -1.214825 
59364.670599 -1.210934 
59364.702381 -1.206877 
59364.734163 -1.202654 
59364.765945 -1.198265 
59364.797727 -1.193711 
59364.829509 -1.188993 
59364.861291 -1.184113 
59364.893073 -1.179072 
59364.924855 -1.173872 
59364.956637 -1.168515 
59364.988419 -1.163002 
59365.020201 -1.157335 
59365.051983 -1.151518 
59365.083765 -1.145552 
59365.115547 -1.139441 
59365.147329 -1.133186 
59365.179111 -1.126792 
59365.210893 -1.120261 
59365.242675 -1.113597 
59365.274457 -1.106803 
59365.306239 -1.099883 
59365.338021 -1.092841 
59365.369803 -1.085681 
59365.401585 -1.078407 
59365.433367 -1.071024 
59365.465149 -1.063535 
59365.496931 -1.055946 
59365.528713 -1.048261 
59365.560495 -1.040486 
59365.592277 -1.032624 
59365.624059 -1.024683 
59365.655841 -1.016666 
59365.687623 -1.008579 
59365.719404 -1.000428 
59365.751186 -0.992219 
59365.782968 -0.983957 
59365.814750 -0.975649 
59365.846532 -0.967300 
59365.878314 -0.958916 
59365.910096 -0.950504 
59365.941878 -0.942070 
59365.973660 -0.933621 
59366.005442 -0.925162 
59366.037224 -0.916702 
59366.069006 -0.908245 
59366.100788 -0.899800 
59366.132570 -0.891372 
59366.164352 -0.882969 
59366.196134 -0.874598 
59366.227916 -0.866265 
59366.259698 -0.857978 
59366.291480 -0.849743 
59366.323262 -0.841569 
59366.355044 -0.833461 
59366.386826 -0.825427 
59366.418608 -0.817474 
59366.450390 -0.809609 
59366.482172 -0.801840 
59366.513954 -0.794174 
59366.545736 -0.786617 
59366.577518 -0.779178 
59366.609300 -0.771862 
59366.641082 -0.764678 
59366.672864 -0.757633 
59366.704646 -0.750732 
59366.736428 -0.743985 
59366.768210 -0.737396 
59366.799992 -0.730975 
59366.831774 -0.724726 
59366.863556 -0.718657 
59366.895338 -0.712776 
59366.927120 -0.707087 
59366.958902 -0.701599 
59366.990684 -0.696318 
59367.022466 -0.691249 
59367.054248 -0.686400 
59367.086030 -0.681777 
59367.117812 -0.677385 
59367.149594 -0.673231 
59367.181376 -0.669321 
59367.213158 -0.665660 
59367.244940 -0.662255 
59367.276722 -0.659110 
59367.308504 -0.656231 
59367.340286 -0.653623 
59367.372068 -0.651292 
59367.403850 -0.649242 
59367.435632 -0.647479 
59367.467414 -0.646006 
59367.499196 -0.644829 
59367.530978 -0.643951 
59367.562760 -0.643377 
59367.594542 -0.643111 
59367.626324 -0.643157 
59367.658106 -0.643518 
59367.689888 -0.644198 
59367.721670 -0.645199 
59367.753452 -0.646526 
59367.785234 -0.648181 
59367.817016 -0.650166 
59367.848798 -0.652484 
59367.880580 -0.655138 
59367.912362 -0.658129 
59367.944144 -0.661459 
59367.975926 -0.665130 
59368.007708 -0.669143 
59368.039490 -0.673500 
59368.071272 -0.678202 
59368.103054 -0.683249 
59368.134836 -0.688642 
59368.166618 -0.694381 
59368.198400 -0.700466 
59368.230182 -0.706898 
59368.261964 -0.713675 
59368.293746 -0.720799 
59368.325528 -0.728266 
59368.357310 -0.736078 
59368.389092 -0.744232 
59368.420873 -0.752727 
59368.452655 -0.761561 
59368.484437 -0.770732 
59368.516219 -0.780239 
59368.548001 -0.790079 
59368.579783 -0.800250 
59368.611565 -0.810748 
59368.643347 -0.821570 
59368.675129 -0.832714 
59368.706911 -0.844176 
59368.738693 -0.855952 
59368.770475 -0.868038 
59368.802257 -0.880431 
59368.834039 -0.893126 
59368.865821 -0.906118 
59368.897603 -0.919403 
59368.929385 -0.932975 
59368.961167 -0.946831 
59368.992949 -0.960964 
59369.024731 -0.975368 
59369.056513 -0.990039 
59369.088295 -1.004970 
59369.120077 -1.020156 
59369.151859 -1.035589 
59369.183641 -1.051264 
59369.215423 -1.067173 
59369.247205 -1.083311 
59369.278987 -1.099670 
59369.310769 -1.116242 
59369.342551 -1.133022 
59369.374333 -1.150001 
59369.406115 -1.167172 
59369.437897 -1.184527 
59369.469679 -1.202058 
59369.501461 -1.219757 
59369.533243 -1.237617 
59369.565025 -1.255628 
59369.596807 -1.273783 
59369.628589 -1.292073 
59369.660371 -1.310490 
59369.692153 -1.329025 
59369.723935 -1.347669 
59369.755717 -1.366413 
59369.787499 -1.385249 
59369.819281 -1.404167 
59369.851063 -1.423159 
59369.882845 -1.442215 
59369.914627 -1.461326 
59369.946409 -1.480482 
59369.978191 -1.499675 
59370.009973 -1.518895 
59370.041755 -1.538133 
59370.073537 -1.557380 
59370.105319 -1.576625 
59370.137101 -1.595860 
59370.168883 -1.615075 
59370.200665 -1.634261 
59370.232447 -1.653408 
59370.264229 -1.672506 
59370.296011 -1.691547 
59370.327793 -1.710522 
59370.359575 -1.729420 
59370.391357 -1.748232 
59370.423139 -1.766949 
59370.454921 -1.785562 
59370.486703 -1.804062 
59370.518485 -1.822440 
59370.550267 -1.840686 
59370.582049 -1.858792 
59370.613831 -1.876748 
59370.645613 -1.894547 
59370.677395 -1.912178 
59370.709177 -1.929635 
59370.740959 -1.946907 
59370.772741 -1.963988 
59370.804523 -1.980868 
59370.836305 -1.997539 
59370.868087 -2.013994 
59370.899869 -2.030224 
59370.931651 -2.046223 
59370.963433 -2.061981 
59370.995215 -2.077492 
59371.026997 -2.092749 
59371.058779 -2.107744 
59371.090561 -2.122471 
59371.122342 -2.136922 
59371.154124 -2.151091 
59371.185906 -2.164972 
59371.217688 -2.178559 
59371.249470 -2.191845 
59371.281252 -2.204824 
59371.313034 -2.217491 
59371.344816 -2.229841 
59371.376598 -2.241867 
59371.408380 -2.253566 
59371.440162 -2.264932 
59371.471944 -2.275961 
59371.503726 -2.286649 
59371.535508 -2.296990 
59371.567290 -2.306982 
59371.599072 -2.316620 
59371.630854 -2.325901 
59371.662636 -2.334822 
59371.694418 -2.343380 
59371.726200 -2.351572 
59371.757982 -2.359395 
59371.789764 -2.366848 
59371.821546 -2.373927 
59371.853328 -2.380633 
59371.885110 -2.386962 
59371.916892 -2.392913 
59371.948674 -2.398487 
59371.980456 -2.403681 
59372.012238 -2.408495 
59372.044020 -2.412929 
59372.075802 -2.416982 
59372.107584 -2.420656 
59372.139366 -2.423950 
59372.171148 -2.426866 
59372.202930 -2.429403 
59372.234712 -2.431564 
59372.266494 -2.433350 
59372.298276 -2.434762 
59372.330058 -2.435803 
59372.361840 -2.436474 
59372.393622 -2.436779 
59372.425404 -2.436719 
59372.457186 -2.436298 
59372.488968 -2.435519 
59372.520750 -2.434384 
59372.552532 -2.432899 
59372.584314 -2.431066 
59372.616096 -2.428890 
59372.647878 -2.426375 
59372.679660 -2.423526 
59372.711442 -2.420347 
59372.743224 -2.416843 
59372.775006 -2.413020 
59372.806788 -2.408882 
59372.838570 -2.404436 
59372.870352 -2.399687 
59372.902134 -2.394640 
59372.933916 -2.389304 
59372.965698 -2.383682 
59372.997480 -2.377783 
59373.029262 -2.371613 
59373.061044 -2.365178 
59373.092826 -2.358486 
59373.124608 -2.351545 
59373.156390 -2.344360 
59373.188172 -2.336940 
59373.219954 -2.329293 
59373.251736 -2.321426 
59373.283518 -2.313347 
59373.315300 -2.305064 
59373.347082 -2.296586 
59373.378864 -2.287920 
59373.410646 -2.279076 
59373.442428 -2.270061 
59373.474210 -2.260884 
59373.505992 -2.251555 
59373.537774 -2.242081 
59373.569556 -2.232472 
59373.601338 -2.222736 
59373.633120 -2.212883 
59373.664902 -2.202921 
59373.696684 -2.192861 
59373.728466 -2.182710 
59373.760248 -2.172478 
59373.792029 -2.162175 
59373.823811 -2.151809 
59373.855593 -2.141391 
59373.887375 -2.130928 
59373.919157 -2.120431 
59373.950939 -2.109909 
59373.982721 -2.099371 
59374.014503 -2.088827 
59374.046285 -2.078285 
59374.078067 -2.067755 
59374.109849 -2.057246 
59374.141631 -2.046768 
59374.173413 -2.036329 
59374.205195 -2.025938 
59374.236977 -2.015605 
59374.268759 -2.005338 
59374.300541 -1.995147 
59374.332323 -1.985039 
59374.364105 -1.975025 
59374.395887 -1.965111 
59374.427669 -1.955308 
59374.459451 -1.945623 
59374.491233 -1.936064 
59374.523015 -1.926640 
59374.554797 -1.917358 
59374.586579 -1.908227 
59374.618361 -1.899255 
59374.650143 -1.890449 
59374.681925 -1.881816 
59374.713707 -1.873364 
59374.745489 -1.865100 
59374.777271 -1.857031 
59374.809053 -1.849163 
59374.840835 -1.841505 
59374.872617 -1.834061 
59374.904399 -1.826839 
59374.936181 -1.819845 
59374.967963 -1.813084 
59374.999745 -1.806562 
59375.031527 -1.800285 
59375.063309 -1.794258 
59375.095091 -1.788487 
59375.126873 -1.782975 
59375.158655 -1.777729 
59375.190437 -1.772752 
59375.222219 -1.768048 
59375.254001 -1.763623 
59375.285783 -1.759479 
59375.317565 -1.755620 
59375.349347 -1.752049 
59375.381129 -1.748771 
59375.412911 -1.745787 
59375.444693 -1.743100 
59375.476475 -1.740713 
59375.508257 -1.738628 
59375.540039 -1.736846 
59375.571821 -1.735370 
59375.603603 -1.734201 
59375.635385 -1.733340 
59375.667167 -1.732788 
59375.698949 -1.732546 
59375.730731 -1.732615 
59375.762513 -1.732994 
59375.794295 -1.733683 
59375.826077 -1.734682 
59375.857859 -1.735991 
59375.889641 -1.737609 
59375.921423 -1.739535 
59375.953205 -1.741768 
59375.984987 -1.744305 
59376.016769 -1.747146 
59376.048551 -1.750288 
59376.080333 -1.753730 
59376.112115 -1.757468 
59376.143897 -1.761500 
59376.175679 -1.765823 
59376.207461 -1.770434 
59376.239243 -1.775330 
59376.271025 -1.780506 
59376.302807 -1.785960 
59376.334589 -1.791686 
59376.366371 -1.797682 
59376.398153 -1.803941 
59376.429935 -1.810460 
59376.461717 -1.817234 
59376.493498 -1.824257 
59376.525280 -1.831525 
59376.557062 -1.839031 
59376.588844 -1.846771 
59376.620626 -1.854738 
59376.652408 -1.862926 
59376.684190 -1.871329 
59376.715972 -1.879941 
59376.747754 -1.888755 
59376.779536 -1.897764 
59376.811318 -1.906962 
59376.843100 -1.916341 
59376.874882 -1.925895 
59376.906664 -1.935616 
59376.938446 -1.945497 
59376.970228 -1.955530 
59377.002010 -1.965707 
59377.033792 -1.976021 
59377.065574 -1.986464 
59377.097356 -1.997028 
59377.129138 -2.007704 
59377.160920 -2.018485 
59377.192702 -2.029363 
59377.224484 -2.040328 
59377.256266 -2.051373 
59377.288048 -2.062490 
59377.319830 -2.073668 
59377.351612 -2.084901 
59377.383394 -2.096180 
59377.415176 -2.107495 
59377.446958 -2.118838 
59377.478740 -2.130201 
59377.510522 -2.141574 
59377.542304 -2.152949 
59377.574086 -2.164318 
59377.605868 -2.175671 
59377.637650 -2.187000 
59377.669432 -2.198296 
59377.701214 -2.209550 
59377.732996 -2.220754 
59377.764778 -2.231900 
59377.796560 -2.242977 
59377.828342 -2.253979 
59377.860124 -2.264897 
59377.891906 -2.275722 
59377.923688 -2.286446 
59377.955470 -2.297061 
59377.987252 -2.307558 
59378.019034 -2.317929 
59378.050816 -2.328168 
59378.082598 -2.338265 
59378.114380 -2.348213 
59378.146162 -2.358004 
59378.177944 -2.367631 
59378.209726 -2.377086 
59378.241508 -2.386363 
59378.273290 -2.395453 
59378.305072 -2.404351 
59378.336854 -2.413049 
59378.368636 -2.421541 
59378.400418 -2.429820 
59378.432200 -2.437879 
59378.463982 -2.445714 
59378.495764 -2.453316 
59378.527546 -2.460682 
59378.559328 -2.467805 
59378.591110 -2.474680 
59378.622892 -2.481301 
59378.654674 -2.487664 
59378.686456 -2.493763 
59378.718238 -2.499595 
59378.750020 -2.505154 
59378.781802 -2.510437 
59378.813584 -2.515439 
59378.845366 -2.520157 
59378.877148 -2.524587 
59378.908930 -2.528726 
59378.940712 -2.532571 
59378.972494 -2.536118 
59379.004276 -2.539366 
59379.036058 -2.542312 
59379.067840 -2.544954 
59379.099622 -2.547289 
59379.131404 -2.549317 
59379.163186 -2.551035 
59379.194967 -2.552444 
59379.226749 -2.553541 
59379.258531 -2.554325 
59379.290313 -2.554798 
59379.322095 -2.554958 
59379.353877 -2.554806 
59379.385659 -2.554341 
59379.417441 -2.553565 
59379.449223 -2.552478 
59379.481005 -2.551081 
59379.512787 -2.549375 
59379.544569 -2.547363 
59379.576351 -2.545046 
59379.608133 -2.542426 
59379.639915 -2.539505 
59379.671697 -2.536286 
59379.703479 -2.532772 
59379.735261 -2.528965 
59379.767043 -2.524869 
59379.798825 -2.520487 
59379.830607 -2.515824 
59379.862389 -2.510882 
59379.894171 -2.505667 
59379.925953 -2.500182 
59379.957735 -2.494432 
59379.989517 -2.488423 
59380.021299 -2.482158 
59380.053081 -2.475644 
59380.084863 -2.468886 
59380.116645 -2.461889 
59380.148427 -2.454659 
59380.180209 -2.447203 
59380.211991 -2.439526 
59380.243773 -2.431636 
59380.275555 -2.423538 
59380.307337 -2.415240 
59380.339119 -2.406748 
59380.370901 -2.398070 
59380.402683 -2.389212 
59380.434465 -2.380183 
59380.466247 -2.370990 
59380.498029 -2.361640 
59380.529811 -2.352142 
59380.561593 -2.342503 
59380.593375 -2.332732 
59380.625157 -2.322837 
59380.656939 -2.312826 
59380.688721 -2.302707 
59380.720503 -2.292490 
59380.752285 -2.282183 
59380.784067 -2.271795 
59380.815849 -2.261334 
59380.847631 -2.250809 
59380.879413 -2.240230 
59380.911195 -2.229606 
59380.942977 -2.218945 
59380.974759 -2.208257 
59381.006541 -2.197550 
59381.038323 -2.186835 
59381.070105 -2.176120 
59381.101887 -2.165415 
59381.133669 -2.154729 
59381.165451 -2.144072 
59381.197233 -2.133451 
59381.229015 -2.122878 
59381.260797 -2.112361 
59381.292579 -2.101909 
59381.324361 -2.091532 
59381.356143 -2.081239 
59381.387925 -2.071039 
59381.419707 -2.060941 
59381.451489 -2.050954 
59381.483271 -2.041088 
59381.515053 -2.031350 
59381.546835 -2.021750 
59381.578617 -2.012297 
59381.610399 -2.003000 
59381.642181 -1.993866 
59381.673963 -1.984905 
59381.705745 -1.976124 
59381.737527 -1.967533 
59381.769309 -1.959139 
59381.801091 -1.950950 
59381.832873 -1.942974 
59381.864655 -1.935219 
59381.896436 -1.927692 
59381.928218 -1.920401 
59381.960000 -1.913353 
59381.991782 -1.906555 
59382.023564 -1.900015 
59382.055346 -1.893738 
59382.087128 -1.887732 
59382.118910 -1.882003 
59382.150692 -1.876556 
59382.182474 -1.871400 
59382.214256 -1.866538 
59382.246038 -1.861976 
59382.277820 -1.857721 
59382.309602 -1.853777 
59382.341384 -1.850150 
59382.373166 -1.846843 
59382.404948 -1.843862 
59382.436730 -1.841210 
59382.468512 -1.838893 
59382.500294 -1.836914 
59382.532076 -1.835276 
59382.563858 -1.833983 
59382.595640 -1.833038 
59382.627422 -1.832444 
59382.659204 -1.832203 
59382.690986 -1.832318 
59382.722768 -1.832792 
59382.754550 -1.833625 
59382.786332 -1.834820 
59382.818114 -1.836378 
59382.849896 -1.838300 
59382.881678 -1.840588 
59382.913460 -1.843240 
59382.945242 -1.846259 
59382.977024 -1.849644 
59383.008806 -1.853394 
59383.040588 -1.857510 
59383.072370 -1.861990 
59383.104152 -1.866835 
59383.135934 -1.872042 
59383.167716 -1.877609 
59383.199498 -1.883536 
59383.231280 -1.889821 
59383.263062 -1.896460 
59383.294844 -1.903452 
59383.326626 -1.910794 
59383.358408 -1.918482 
59383.390190 -1.926513 
59383.421972 -1.934885 
59383.453754 -1.943593 
59383.485536 -1.952632 
59383.517318 -1.962000 
59383.549100 -1.971691 
59383.580882 -1.981701 
59383.612664 -1.992024 
59383.644446 -2.002656 
59383.676228 -2.013591 
59383.708010 -2.024823 
59383.739792 -2.036347 
59383.771574 -2.048156 
59383.803356 -2.060245 
59383.835138 -2.072606 
59383.866920 -2.085234 
59383.898702 -2.098121 
59383.930484 -2.111259 
59383.962266 -2.124643 
59383.994048 -2.138264 
59384.025830 -2.152115 
59384.057612 -2.166188 
59384.089394 -2.180475 
59384.121176 -2.194968 
59384.152958 -2.209659 
59384.184740 -2.224539 
59384.216522 -2.239600 
59384.248304 -2.254833 
59384.280086 -2.270229 
59384.311868 -2.285780 
59384.343650 -2.301475 
59384.375432 -2.317307 
59384.407214 -2.333266 
59384.438996 -2.349342 
59384.470778 -2.365526 
59384.502560 -2.381808 
59384.534342 -2.398179 
59384.566124 -2.414629 
59384.597905 -2.431149 
59384.629687 -2.447728 
59384.661469 -2.464356 
59384.693251 -2.481025 
59384.725033 -2.497723 
59384.756815 -2.514440 
59384.788597 -2.531168 
59384.820379 -2.547895 
59384.852161 -2.564611 
59384.883943 -2.581308 
59384.915725 -2.597973 
59384.947507 -2.614599 
59384.979289 -2.631174 
59385.011071 -2.647688 
59385.042853 -2.664132 
59385.074635 -2.680496 
59385.106417 -2.696769 
59385.138199 -2.712943 
59385.169981 -2.729007 
59385.201763 -2.744952 
59385.233545 -2.760767 
59385.265327 -2.776444 
59385.297109 -2.791973 
59385.328891 -2.807345 
59385.360673 -2.822551 
59385.392455 -2.837580 
59385.424237 -2.852425 
59385.456019 -2.867077 
59385.487801 -2.881526 
59385.519583 -2.895764 
59385.551365 -2.909782 
59385.583147 -2.923573 
59385.614929 -2.937128 
59385.646711 -2.950438 
59385.678493 -2.963496 
59385.710275 -2.976295 
59385.742057 -2.988826 
59385.773839 -3.001083 
59385.805621 -3.013058 
59385.837403 -3.024744 
59385.869185 -3.036134 
59385.900967 -3.047221 
59385.932749 -3.058000 
59385.964531 -3.068463 
59385.996313 -3.078606 
59386.028095 -3.088422 
59386.059877 -3.097905 
59386.091659 -3.107050 
59386.123441 -3.115852 
59386.155223 -3.124307 
59386.187005 -3.132408 
59386.218787 -3.140153 
59386.250569 -3.147536 
59386.282351 -3.154554 
59386.314133 -3.161202 
59386.345915 -3.167478 
59386.377697 -3.173378 
59386.409479 -3.178900 
59386.441261 -3.184039 
59386.473043 -3.188794 
59386.504825 -3.193163 
59386.536607 -3.197144 
59386.568389 -3.200734 
59386.600171 -3.203932 
59386.631953 -3.206737 
59386.663735 -3.209148 
59386.695517 -3.211165 
59386.727299 -3.212786 
59386.759081 -3.214011 
59386.790863 -3.214841 
59386.822645 -3.215275 
59386.854427 -3.215315 
59386.886209 -3.214961 
59386.917991 -3.214214 
59386.949773 -3.213075 
59386.981555 -3.211545 
59387.013337 -3.209628 
59387.045119 -3.207324 
59387.076901 -3.204635 
59387.108683 -3.201565 
59387.140465 -3.198116 
59387.172247 -3.194291 
59387.204029 -3.190093 
59387.235811 -3.185526 
59387.267593 -3.180593 
59387.299374 -3.175298 
59387.331156 -3.169645 
59387.362938 -3.163639 
59387.394720 -3.157284 
59387.426502 -3.150584 
59387.458284 -3.143545 
59387.490066 -3.136172 
59387.521848 -3.128471 
59387.553630 -3.120445 
59387.585412 -3.112103 
59387.617194 -3.103448 
59387.648976 -3.094488 
59387.680758 -3.085228 
59387.712540 -3.075676 
59387.744322 -3.065837 
59387.776104 -3.055718 
59387.807886 -3.045326 
59387.839668 -3.034668 
59387.871450 -3.023752 
59387.903232 -3.012585 
59387.935014 -3.001173 
59387.966796 -2.989525 
59387.998578 -2.977649 
59388.030360 -2.965551 
59388.062142 -2.953241 
59388.093924 -2.940725 
59388.125706 -2.928012 
59388.157488 -2.915111 
59388.189270 -2.902028 
59388.221052 -2.888774 
59388.252834 -2.875355 
59388.284616 -2.861781 
59388.316398 -2.848060 
59388.348180 -2.834201 
59388.379962 -2.820211 
59388.411744 -2.806100 
59388.443526 -2.791876 
59388.475308 -2.777549 
59388.507090 -2.763126 
59388.538872 -2.748616 
59388.570654 -2.734028 
59388.602436 -2.719371 
59388.634218 -2.704653 
59388.666000 -2.689883 
59388.697782 -2.675069 
59388.729564 -2.660220 
59388.761346 -2.645345 
59388.793128 -2.630452 
59388.824910 -2.615549 
59388.856692 -2.600646 
59388.888474 -2.585749 
59388.920256 -2.570868 
59388.952038 -2.556010 
59388.983820 -2.541184 
59389.015602 -2.526397 
59389.047384 -2.511658 
59389.079166 -2.496974 
59389.110948 -2.482353 
59389.142730 -2.467803 
59389.174512 -2.453330 
59389.206294 -2.438943 
59389.238076 -2.424648 
59389.269858 -2.410452 
59389.301640 -2.396363 
59389.333422 -2.382387 
59389.365204 -2.368531 
59389.396986 -2.354800 
59389.428768 -2.341203 
59389.460550 -2.327744 
59389.492332 -2.314430 
59389.524114 -2.301266 
59389.555896 -2.288258 
59389.587678 -2.275412 
59389.619460 -2.262732 
59389.651242 -2.250225 
59389.683024 -2.237894 
59389.714806 -2.225744 
59389.746588 -2.213780 
59389.778370 -2.202007 
59389.810152 -2.190428 
59389.841934 -2.179046 
59389.873716 -2.167867 
59389.905498 -2.156893 
59389.937280 -2.146127 
59389.969061 -2.135573 
59390.000843 -2.125233 
59390.032625 -2.115110 
59390.064407 -2.105207 
59390.096189 -2.095525 
59390.127971 -2.086066 
59390.159753 -2.076833 
59390.191535 -2.067826 
59390.223317 -2.059047 
59390.255099 -2.050497 
59390.286881 -2.042176 
59390.318663 -2.034086 
59390.350445 -2.026227 
59390.382227 -2.018598 
59390.414009 -2.011201 
59390.445791 -2.004033 
59390.477573 -1.997096 
59390.509355 -1.990388 
59390.541137 -1.983908 
59390.572919 -1.977655 
59390.604701 -1.971628 
59390.636483 -1.965825 
59390.668265 -1.960244 
59390.700047 -1.954883 
59390.731829 -1.949741 
59390.763611 -1.944814 
59390.795393 -1.940100 
59390.827175 -1.935596 
59390.858957 -1.931299 
59390.890739 -1.927206 
59390.922521 -1.923313 
59390.954303 -1.919617 
59390.986085 -1.916115 
59391.017867 -1.912801 
59391.049649 -1.909672 
59391.081431 -1.906724 
59391.113213 -1.903952 
59391.144995 -1.901352 
59391.176777 -1.898918 
59391.208559 -1.896647 
59391.240341 -1.894532 
59391.272123 -1.892568 
59391.303905 -1.890751 
59391.335687 -1.889074 
59391.367469 -1.887533 
59391.399251 -1.886120 
59391.431033 -1.884831 
59391.462815 -1.883660 
59391.494597 -1.882600 
59391.526379 -1.881645 
59391.558161 -1.880789 
59391.589943 -1.880025 
59391.621725 -1.879348 
59391.653507 -1.878750 
59391.685289 -1.878225 
59391.717071 -1.877767 
59391.748853 -1.877368 
59391.780635 -1.877022 
59391.812417 -1.876722 
59391.844199 -1.876461 
59391.875981 -1.876233 
59391.907763 -1.876030 
59391.939545 -1.875846 
59391.971327 -1.875673 
59392.003109 -1.875505 
59392.034891 -1.875334 
59392.066673 -1.875154 
59392.098455 -1.874958 
59392.130237 -1.874739 
59392.162019 -1.874490 
59392.193801 -1.874204 
59392.225583 -1.873874 
59392.257365 -1.873494 
59392.289147 -1.873057 
59392.320929 -1.872556 
59392.352711 -1.871984 
59392.384493 -1.871336 
59392.416275 -1.870604 
59392.448057 -1.869783 
59392.479839 -1.868865 
59392.511621 -1.867845 
59392.543403 -1.866717 
59392.575185 -1.865474 
59392.606967 -1.864111 
59392.638749 -1.862623 
59392.670530 -1.861002 
59392.702312 -1.859245 
59392.734094 -1.857344 
59392.765876 -1.855297 
59392.797658 -1.853096 
59392.829440 -1.850737 
59392.861222 -1.848216 
59392.893004 -1.845527 
59392.924786 -1.842667 
59392.956568 -1.839631 
59392.988350 -1.836414 
59393.020132 -1.833013 
59393.051914 -1.829424 
59393.083696 -1.825644 
59393.115478 -1.821669 
59393.147260 -1.817495 
59393.179042 -1.813120 
59393.210824 -1.808541 
59393.242606 -1.803755 
59393.274388 -1.798760 
59393.306170 -1.793553 
59393.337952 -1.788133 
59393.369734 -1.782498 
59393.401516 -1.776646 
59393.433298 -1.770575 
59393.465080 -1.764286 
59393.496862 -1.757775 
59393.528644 -1.751044 
59393.560426 -1.744091 
59393.592208 -1.736916 
59393.623990 -1.729520 
59393.655772 -1.721901 
59393.687554 -1.714062 
59393.719336 -1.706001 
59393.751118 -1.697721 
59393.782900 -1.689222 
59393.814682 -1.680506 
59393.846464 -1.671573 
59393.878246 -1.662427 
59393.910028 -1.653068 
59393.941810 -1.643499 
59393.973592 -1.633723 
59394.005374 -1.623742 
59394.037156 -1.613560 
59394.068938 -1.603178 
59394.100720 -1.592601 
59394.132502 -1.581832 
59394.164284 -1.570875 
59394.196066 -1.559734 
59394.227848 -1.548412 
59394.259630 -1.536915 
59394.291412 -1.525247 
59394.323194 -1.513413 
59394.354976 -1.501418 
59394.386758 -1.489267 
59394.418540 -1.476965 
59394.450322 -1.464518 
59394.482104 -1.451932 
59394.513886 -1.439213 
59394.545668 -1.426366 
59394.577450 -1.413399 
59394.609232 -1.400317 
59394.641014 -1.387128 
59394.672796 -1.373837 
59394.704578 -1.360453 
59394.736360 -1.346981 
59394.768142 -1.333430 
59394.799924 -1.319806 
59394.831706 -1.306118 
59394.863488 -1.292373 
59394.895270 -1.278578 
59394.927052 -1.264741 
59394.958834 -1.250871 
59394.990616 -1.236976 
59395.022398 -1.223064 
59395.054180 -1.209142 
59395.085962 -1.195220 
59395.117744 -1.181306 
59395.149526 -1.167409 
59395.181308 -1.153536 
59395.213090 -1.139697 
59395.244872 -1.125901 
59395.276654 -1.112156 
59395.308436 -1.098471 
59395.340218 -1.084855 
59395.371999 -1.071316 
59395.403781 -1.057864 
59395.435563 -1.044508 
59395.467345 -1.031257 
59395.499127 -1.018119 
59395.530909 -1.005103 
59395.562691 -0.992219 
59395.594473 -0.979474 
59395.626255 -0.966879 
59395.658037 -0.954442 
59395.689819 -0.942171 
59395.721601 -0.930076 
59395.753383 -0.918165 
59395.785165 -0.906446 
59395.816947 -0.894929 
59395.848729 -0.883622 
59395.880511 -0.872533 
59395.912293 -0.861670 
59395.944075 -0.851042 
59395.975857 -0.840657 
59396.007639 -0.830523 
59396.039421 -0.820648 
59396.071203 -0.811039 
59396.102985 -0.801705 
59396.134767 -0.792652 
59396.166549 -0.783889 
59396.198331 -0.775421 
59396.230113 -0.767258 
59396.261895 -0.759404 
59396.293677 -0.751868 
59396.325459 -0.744656 
59396.357241 -0.737774 
59396.389023 -0.731228 
59396.420805 -0.725025 
59396.452587 -0.719170 
59396.484369 -0.713670 
59396.516151 -0.708528 
59396.547933 -0.703752 
59396.579715 -0.699346 
59396.611497 -0.695314 
59396.643279 -0.691661 
59396.675061 -0.688393 
59396.706843 -0.685512 
59396.738625 -0.683023 
59396.770407 -0.680930 
59396.802189 -0.679236 
59396.833971 -0.677944 
59396.865753 -0.677057 
59396.897535 -0.676579 
59396.929317 -0.676511 
59396.961099 -0.676856 
59396.992881 -0.677616 
59397.024663 -0.678792 
59397.056445 -0.680386 
59397.088227 -0.682399 
59397.120009 -0.684833 
59397.151791 -0.687687 
59397.183573 -0.690962 
59397.215355 -0.694659 
59397.247137 -0.698777 
59397.278919 -0.703316 
59397.310701 -0.708275 
59397.342483 -0.713654 
59397.374265 -0.719450 
59397.406047 -0.725663 
59397.437829 -0.732291 
59397.469611 -0.739331 
59397.501393 -0.746782 
59397.533175 -0.754641 
59397.564957 -0.762905 
59397.596739 -0.771571 
59397.628521 -0.780636 
59397.660303 -0.790096 
59397.692085 -0.799947 
59397.723867 -0.810185 
59397.755649 -0.820805 
59397.787431 -0.831804 
59397.819213 -0.843176 
59397.850995 -0.854915 
59397.882777 -0.867017 
59397.914559 -0.879476 
59397.946341 -0.892286 
59397.978123 -0.905440 
59398.009905 -0.918933 
59398.041687 -0.932758 
59398.073468 -0.946908 
59398.105250 -0.961376 
59398.137032 -0.976155 
59398.168814 -0.991236 
59398.200596 -1.006614 
59398.232378 -1.022279 
59398.264160 -1.038224 
59398.295942 -1.054440 
59398.327724 -1.070919 
59398.359506 -1.087652 
59398.391288 -1.104630 
59398.423070 -1.121845 
59398.454852 -1.139287 
59398.486634 -1.156947 
59398.518416 -1.174815 
59398.550198 -1.192882 
59398.581980 -1.211138 
59398.613762 -1.229573 
59398.645544 -1.248177 
59398.677326 -1.266940 
59398.709108 -1.285852 
59398.740890 -1.304902 
59398.772672 -1.324079 
59398.804454 -1.343374 
59398.836236 -1.362775 
59398.868018 -1.382272 
59398.899800 -1.401854 
59398.931582 -1.421510 
59398.963364 -1.441229 
59398.995146 -1.461000 
59399.026928 -1.480812 
59399.058710 -1.500653 
59399.090492 -1.520514 
59399.122274 -1.540382 
59399.154056 -1.560247 
59399.185838 -1.580097 
59399.217620 -1.599921 
59399.249402 -1.619709 
59399.281184 -1.639448 
59399.312966 -1.659128 
59399.344748 -1.678737 
59399.376530 -1.698265 
59399.408312 -1.717701 
59399.440094 -1.737034 
59399.471876 -1.756252 
59399.503658 -1.775345 
59399.535440 -1.794302 
59399.567222 -1.813113 
59399.599004 -1.831766 
59399.630786 -1.850252 
59399.662568 -1.868560 
59399.694350 -1.886679 
59399.726132 -1.904601 
59399.757914 -1.922313 
59399.789696 -1.939808 
59399.821478 -1.957074 
59399.853260 -1.974102 
59399.885042 -1.990883 
59399.916824 -2.007407 
59399.948606 -2.023666 
59399.980388 -2.039650 
59400.012170 -2.055350 
59400.043952 -2.070758 
59400.075734 -2.085866 
59400.107516 -2.100664 
59400.139298 -2.115146 
59400.171080 -2.129302 
59400.202862 -2.143126 
59400.234644 -2.156610 
59400.266426 -2.169747 
59400.298208 -2.182530 
59400.329990 -2.194952 
59400.361772 -2.207006 
59400.393554 -2.218687 
59400.425336 -2.229988 
59400.457118 -2.240903 
59400.488900 -2.251427 
59400.520682 -2.261554 
59400.552464 -2.271280 
59400.584246 -2.280599 
59400.616028 -2.289507 
59400.647810 -2.298000 
59400.679592 -2.306074 
59400.711374 -2.313725 
59400.743156 -2.320949 
59400.774937 -2.327744 
59400.806719 -2.334106 
59400.838501 -2.340033 
59400.870283 -2.345522 
59400.902065 -2.350571 
59400.933847 -2.355179 
59400.965629 -2.359344 
59400.997411 -2.363065 
59401.029193 -2.366340 
59401.060975 -2.369170 
59401.092757 -2.371553 
59401.124539 -2.373490 
59401.156321 -2.374981 
59401.188103 -2.376026 
59401.219885 -2.376626 
59401.251667 -2.376782 
59401.283449 -2.376495 
59401.315231 -2.375768 
59401.347013 -2.374601 
59401.378795 -2.372996 
59401.410577 -2.370958 
59401.442359 -2.368487 
59401.474141 -2.365587 
59401.505923 -2.362262 
59401.537705 -2.358514 
59401.569487 -2.354347 
59401.601269 -2.349766 
59401.633051 -2.344774 
59401.664833 -2.339377 
59401.696615 -2.333579 
59401.728397 -2.327385 
59401.760179 -2.320799 
59401.791961 -2.313829 
59401.823743 -2.306479 
59401.855525 -2.298755 
59401.887307 -2.290664 
59401.919089 -2.282212 
59401.950871 -2.273405 
59401.982653 -2.264250 
59402.014435 -2.254755 
59402.046217 -2.244927 
59402.077999 -2.234772 
59402.109781 -2.224299 
59402.141563 -2.213515 
59402.173345 -2.202429 
59402.205127 -2.191048 
59402.236909 -2.179380 
59402.268691 -2.167435 
59402.300473 -2.155221 
59402.332255 -2.142746 
59402.364037 -2.130019 
59402.395819 -2.117050 
59402.427601 -2.103847 
59402.459383 -2.090420 
59402.491165 -2.076778 
59402.522947 -2.062931 
59402.554729 -2.048888 
59402.586511 -2.034659 
59402.618293 -2.020254 
59402.650075 -2.005682 
59402.681857 -1.990953 
59402.713639 -1.976078 
59402.745421 -1.961066 
59402.777203 -1.945928 
59402.808985 -1.930673 
59402.840767 -1.915313 
59402.872549 -1.899855 
59402.904331 -1.884313 
59402.936113 -1.868694 
59402.967895 -1.853010 
59402.999677 -1.837271 
59403.031459 -1.821486 
59403.063241 -1.805667 
59403.095023 -1.789823 
59403.126805 -1.773965 
59403.158587 -1.758102 
59403.190369 -1.742245 
59403.222151 -1.726404 
59403.253933 -1.710588 
59403.285715 -1.694808 
59403.317497 -1.679073 
59403.349279 -1.663393 
59403.381061 -1.647778 
59403.412843 -1.632237 
59403.444624 -1.616779 
59403.476406 -1.601415 
59403.508188 -1.586153 
59403.539970 -1.571003 
59403.571752 -1.555973 
59403.603534 -1.541072 
59403.635316 -1.526310 
59403.667098 -1.511694 
59403.698880 -1.497233 
59403.730662 -1.482935 
59403.762444 -1.468809 
59403.794226 -1.454862 
59403.826008 -1.441103 
59403.857790 -1.427539 
59403.889572 -1.414177 
59403.921354 -1.401025 
59403.953136 -1.388089 
59403.984918 -1.375378 
59404.016700 -1.362896 
59404.048482 -1.350651 
59404.080264 -1.338650 
59404.112046 -1.326897 
59404.143828 -1.315400 
59404.175610 -1.304163 
59404.207392 -1.293192 
59404.239174 -1.282493 
59404.270956 -1.272070 
59404.302738 -1.261928 
59404.334520 -1.252072 
59404.366302 -1.242506 
59404.398084 -1.233234 
59404.429866 -1.224259 
59404.461648 -1.215586 
59404.493430 -1.207218 
59404.525212 -1.199157 
59404.556994 -1.191407 
59404.588776 -1.183970 
59404.620558 -1.176849 
59404.652340 -1.170046 
59404.684122 -1.163563 
59404.715904 -1.157401 
59404.747686 -1.151561 
59404.779468 -1.146046 
59404.811250 -1.140855 
59404.843032 -1.135989 
59404.874814 -1.131449 
59404.906596 -1.127236 
59404.938378 -1.123348 
59404.970160 -1.119785 
59405.001942 -1.116548 
59405.033724 -1.113635 
59405.065506 -1.111044 
59405.097288 -1.108776 
59405.129070 -1.106828 
59405.160852 -1.105199 
59405.192634 -1.103886 
59405.224416 -1.102887 
59405.256198 -1.102201 
59405.287980 -1.101824 
59405.319762 -1.101753 
59405.351544 -1.101986 
59405.383326 -1.102519 
59405.415108 -1.103349 
59405.446890 -1.104471 
59405.478672 -1.105883 
59405.510454 -1.107580 
59405.542236 -1.109557 
59405.574018 -1.111811 
59405.605800 -1.114336 
59405.637582 -1.117129 
59405.669364 -1.120183 
59405.701146 -1.123493 
59405.732928 -1.127055 
59405.764710 -1.130863 
59405.796492 -1.134911 
59405.828274 -1.139194 
59405.860056 -1.143705 
59405.891838 -1.148439 
59405.923620 -1.153389 
59405.955402 -1.158549 
59405.987184 -1.163913 
59406.018966 -1.169474 
59406.050748 -1.175225 
59406.082530 -1.181160 
59406.114312 -1.187272 
59406.146093 -1.193554 
59406.177875 -1.199998 
59406.209657 -1.206599 
59406.241439 -1.213348 
59406.273221 -1.220239 
59406.305003 -1.227265 
59406.336785 -1.234417 
59406.368567 -1.241688 
59406.400349 -1.249072 
59406.432131 -1.256561 
59406.463913 -1.264147 
59406.495695 -1.271823 
59406.527477 -1.279581 
59406.559259 -1.287414 
59406.591041 -1.295315 
59406.622823 -1.303275 
59406.654605 -1.311288 
59406.686387 -1.319346 
59406.718169 -1.327442 
59406.749951 -1.335568 
59406.781733 -1.343717 
59406.813515 -1.351881 
59406.845297 -1.360054 
59406.877079 -1.368229 
59406.908861 -1.376397 
59406.940643 -1.384553 
59406.972425 -1.392688 
59407.004207 -1.400797 
59407.035989 -1.408873 
59407.067771 -1.416908 
59407.099553 -1.424897 
59407.131335 -1.432832 
59407.163117 -1.440707 
59407.194899 -1.448517 
59407.226681 -1.456255 
59407.258463 -1.463914 
59407.290245 -1.471490 
59407.322027 -1.478976 
59407.353809 -1.486367 
59407.385591 -1.493657 
59407.417373 -1.500841 
59407.449155 -1.507913 
59407.480937 -1.514870 
59407.512719 -1.521706 
59407.544501 -1.528416 
59407.576283 -1.534996 
59407.608065 -1.541441 
59407.639847 -1.547748 
59407.671629 -1.553912 
59407.703411 -1.559930 
59407.735193 -1.565798 
59407.766975 -1.571513 
59407.798757 -1.577071 
59407.830539 -1.582470 
59407.862321 -1.587706 
59407.894103 -1.592778 
59407.925885 -1.597682 
59407.957667 -1.602416 
59407.989449 -1.606979 
59408.021231 -1.611369 
59408.053013 -1.615584 
59408.084795 -1.619622 
59408.116577 -1.623483 
59408.148359 -1.627165 
59408.180141 -1.630668 
59408.211923 -1.633992 
59408.243705 -1.637135 
59408.275487 -1.640098 
59408.307269 -1.642882 
59408.339051 -1.645485 
59408.370833 -1.647909 
59408.402615 -1.650154 
59408.434397 -1.652222 
59408.466179 -1.654113 
59408.497961 -1.655830 
59408.529743 -1.657372 
59408.561525 -1.658743 
59408.593307 -1.659944 
59408.625089 -1.660977 
59408.656871 -1.661844 
59408.688653 -1.662549 
59408.720435 -1.663094 
59408.752217 -1.663481 
59408.783999 -1.663715 
59408.815781 -1.663797 
59408.847562 -1.663733 
59408.879344 -1.663524 
59408.911126 -1.663176 
59408.942908 -1.662692 
59408.974690 -1.662076 
59409.006472 -1.661333 
59409.038254 -1.660467 
59409.070036 -1.659482 
59409.101818 -1.658384 
59409.133600 -1.657178 
59409.165382 -1.655868 
59409.197164 -1.654460 
59409.228946 -1.652958 
59409.260728 -1.651370 
59409.292510 -1.649699 
59409.324292 -1.647952 
59409.356074 -1.646135 
59409.387856 -1.644253 
59409.419638 -1.642313 
59409.451420 -1.640320 
59409.483202 -1.638281 
59409.514984 -1.636202 
59409.546766 -1.634090 
59409.578548 -1.631951 
59409.610330 -1.629790 
59409.642112 -1.627616 
59409.673894 -1.625435 
59409.705676 -1.623252 
59409.737458 -1.621076 
59409.769240 -1.618912 
59409.801022 -1.616767 
59409.832804 -1.614649 
59409.864586 -1.612563 
59409.896368 -1.610517 
59409.928150 -1.608518 
59409.959932 -1.606572 
59409.991714 -1.604686 
59410.023496 -1.602867 
59410.055278 -1.601122 
59410.087060 -1.599458 
59410.118842 -1.597880 
59410.150624 -1.596396 
59410.182406 -1.595013 
59410.214188 -1.593736 
59410.245970 -1.592573 
59410.277752 -1.591530 
59410.309534 -1.590613 
59410.341316 -1.589829 
59410.373098 -1.589183 
59410.404880 -1.588682 
59410.436662 -1.588332 
59410.468444 -1.588139 
59410.500226 -1.588108 
59410.532008 -1.588245 
59410.563790 -1.588557 
59410.595572 -1.589047 
59410.627354 -1.589723 
59410.659136 -1.590588 
59410.690918 -1.591647 
59410.722700 -1.592907 
59410.754482 -1.594371 
59410.786264 -1.596044 
59410.818046 -1.597931 
59410.849828 -1.600035 
59410.881610 -1.602362 
59410.913392 -1.604914 
59410.945174 -1.607696 
59410.976956 -1.610711 
59411.008738 -1.613963 
59411.040520 -1.617454 
59411.072302 -1.621189 
59411.104084 -1.625169 
59411.135866 -1.629397 
59411.167648 -1.633876 
59411.199430 -1.638608 
59411.231212 -1.643594 
59411.262994 -1.648838 
59411.294776 -1.654339 
59411.326558 -1.660101 
59411.358340 -1.666123 
59411.390122 -1.672407 
59411.421904 -1.678953 
59411.453686 -1.685762 
59411.485468 -1.692835 
59411.517250 -1.700170 
59411.549031 -1.707769 
59411.580813 -1.715630 
59411.612595 -1.723754 
59411.644377 -1.732138 
59411.676159 -1.740783 
59411.707941 -1.749686 
59411.739723 -1.758846 
59411.771505 -1.768262 
59411.803287 -1.777930 
59411.835069 -1.787850 
59411.866851 -1.798019 
59411.898633 -1.808434 
59411.930415 -1.819091 
59411.962197 -1.829988 
59411.993979 -1.841122 
59412.025761 -1.852489 
59412.057543 -1.864084 
59412.089325 -1.875905 
59412.121107 -1.887947 
59412.152889 -1.900205 
59412.184671 -1.912674 
59412.216453 -1.925351 
59412.248235 -1.938229 
59412.280017 -1.951304 
59412.311799 -1.964569 
59412.343581 -1.978021 
59412.375363 -1.991651 
59412.407145 -2.005455 
59412.438927 -2.019427 
59412.470709 -2.033559 
59412.502491 -2.047846 
59412.534273 -2.062280 
59412.566055 -2.076855 
59412.597837 -2.091563 
59412.629619 -2.106398 
59412.661401 -2.121351 
59412.693183 -2.136417 
59412.724965 -2.151586 
59412.756747 -2.166851 
59412.788529 -2.182204 
59412.820311 -2.197637 
59412.852093 -2.213143 
59412.883875 -2.228712 
59412.915657 -2.244336 
59412.947439 -2.260007 
59412.979221 -2.275716 
59413.011003 -2.291455 
59413.042785 -2.307214 
59413.074567 -2.322986 
59413.106349 -2.338760 
59413.138131 -2.354529 
59413.169913 -2.370283 
59413.201695 -2.386013 
59413.233477 -2.401710 
59413.265259 -2.417364 
59413.297041 -2.432968 
59413.328823 -2.448511 
59413.360605 -2.463984 
59413.392387 -2.479378 
59413.424169 -2.494684 
59413.455951 -2.509893 
59413.487733 -2.524995 
59413.519515 -2.539982 
59413.551297 -2.554843 
59413.583079 -2.569571 
59413.614861 -2.584156 
59413.646643 -2.598588 
59413.678425 -2.612859 
59413.710207 -2.626961 
59413.741989 -2.640883 
59413.773771 -2.654618 
59413.805553 -2.668156 
59413.837335 -2.681490 
59413.869117 -2.694610 
59413.900899 -2.707508 
59413.932681 -2.720176 
59413.964463 -2.732605 
59413.996245 -2.744788 
59414.028027 -2.756717 
59414.059809 -2.768383 
59414.091591 -2.779779 
59414.123373 -2.790898 
59414.155155 -2.801732 
59414.186937 -2.812274 
59414.218719 -2.822517 
59414.250500 -2.832454 
59414.282282 -2.842078 
59414.314064 -2.851382 
59414.345846 -2.860361 
59414.377628 -2.869008 
59414.409410 -2.877317 
59414.441192 -2.885282 
59414.472974 -2.892898 
59414.504756 -2.900160 
59414.536538 -2.907062 
59414.568320 -2.913599 
59414.600102 -2.919766 
59414.631884 -2.925560 
59414.663666 -2.930975 
59414.695448 -2.936008 
59414.727230 -2.940655 
59414.759012 -2.944912 
59414.790794 -2.948776 
59414.822576 -2.952245 
59414.854358 -2.955314 
59414.886140 -2.957982 
59414.917922 -2.960246 
59414.949704 -2.962104 
59414.981486 -2.963554 
59415.013268 -2.964595 
59415.045050 -2.965225 
59415.076832 -2.965444 
59415.108614 -2.965250 
59415.140396 -2.964644 
59415.172178 -2.963624 
59415.203960 -2.962191 
59415.235742 -2.960345 
59415.267524 -2.958087 
59415.299306 -2.955417 
59415.331088 -2.952337 
59415.362870 -2.948847 
59415.394652 -2.944950 
59415.426434 -2.940648 
59415.458216 -2.935941 
59415.489998 -2.930834 
59415.521780 -2.925328 
59415.553562 -2.919426 
59415.585344 -2.913132 
59415.617126 -2.906449 
59415.648908 -2.899381 
59415.680690 -2.891931 
59415.712472 -2.884104 
59415.744254 -2.875904 
59415.776036 -2.867336 
59415.807818 -2.858404 
59415.839600 -2.849115 
59415.871382 -2.839473 
59415.903164 -2.829483 
59415.934946 -2.819152 
59415.966728 -2.808486 
59415.998510 -2.797491 
59416.030292 -2.786173 
59416.062074 -2.774539 
59416.093856 -2.762596 
59416.125638 -2.750352 
59416.157420 -2.737812 
59416.189202 -2.724986 
59416.220984 -2.711879 
59416.252766 -2.698502 
59416.284548 -2.684860 
59416.316330 -2.670963 
59416.348112 -2.656818 
59416.379894 -2.642435 
59416.411676 -2.627821 
59416.443458 -2.612987 
59416.475240 -2.597939 
59416.507022 -2.582689 
59416.538804 -2.567244 
59416.570586 -2.551613 
59416.602368 -2.535808 
59416.634150 -2.519836 
59416.665932 -2.503708 
59416.697714 -2.487433 
59416.729496 -2.471020 
59416.761278 -2.454481 
59416.793060 -2.437824 
59416.824842 -2.421060 
59416.856624 -2.404198 
59416.888406 -2.387249 
59416.920188 -2.370223 
59416.951969 -2.353130 
59416.983751 -2.335980 
59417.015533 -2.318783 
59417.047315 -2.301549 
59417.079097 -2.284290 
59417.110879 -2.267014 
59417.142661 -2.249732 
59417.174443 -2.232454 
59417.206225 -2.215190 
59417.238007 -2.197951 
59417.269789 -2.180746 
59417.301571 -2.163585 
59417.333353 -2.146479 
59417.365135 -2.129437 
59417.396917 -2.112469 
59417.428699 -2.095584 
59417.460481 -2.078793 
59417.492263 -2.062105 
59417.524045 -2.045529 
59417.555827 -2.029075 
59417.587609 -2.012751 
59417.619391 -1.996568 
59417.651173 -1.980533 
59417.682955 -1.964656 
59417.714737 -1.948946 
59417.746519 -1.933410 
59417.778301 -1.918058 
59417.810083 -1.902897 
59417.841865 -1.887936 
59417.873647 -1.873183 
59417.905429 -1.858644 
59417.937211 -1.844329 
59417.968993 -1.830243 
59418.000775 -1.816395 
59418.032557 -1.802790 
59418.064339 -1.789437 
59418.096121 -1.776341 
59418.127903 -1.763508 
59418.159685 -1.750946 
59418.191467 -1.738659 
59418.223249 -1.726653 
59418.255031 -1.714934 
59418.286813 -1.703506 
59418.318595 -1.692376 
59418.350377 -1.681546 
59418.382159 -1.671023 
59418.413941 -1.660809 
59418.445723 -1.650909 
59418.477505 -1.641327 
59418.509287 -1.632065 
59418.541069 -1.623128 
59418.572851 -1.614517 
59418.604633 -1.606236 
59418.636415 -1.598287 
59418.668197 -1.590672 
59418.699979 -1.583392 
59418.731761 -1.576449 
59418.763543 -1.569845 
59418.795325 -1.563580 
59418.827107 -1.557655 
59418.858889 -1.552071 
59418.890671 -1.546827 
59418.922453 -1.541923 
59418.954235 -1.537360 
59418.986017 -1.533135 
59419.017799 -1.529249 
59419.049581 -1.525700 
59419.081363 -1.522486 
59419.113145 -1.519605 
59419.144927 -1.517057 
59419.176709 -1.514837 
59419.208491 -1.512944 
59419.240273 -1.511374 
59419.272055 -1.510125 
59419.303837 -1.509193 
59419.335619 -1.508574 
59419.367401 -1.508265 
59419.399183 -1.508261 
59419.430965 -1.508558 
59419.462747 -1.509151 
59419.494529 -1.510034 
59419.526311 -1.511204 
59419.558093 -1.512655 
59419.589875 -1.514380 
59419.621656 -1.516374 
59419.653438 -1.518631 
59419.685220 -1.521145 
59419.717002 -1.523908 
59419.748784 -1.526916 
59419.780566 -1.530159 
59419.812348 -1.533632 
59419.844130 -1.537326 
59419.875912 -1.541235 
59419.907694 -1.545351 
59419.939476 -1.549665 
59419.971258 -1.554170 
59420.003040 -1.558858 
59420.034822 -1.563719 
59420.066604 -1.568747 
59420.098386 -1.573931 
59420.130168 -1.579263 
59420.161950 -1.584735 
59420.193732 -1.590337 
59420.225514 -1.596060 
59420.257296 -1.601894 
59420.289078 -1.607831 
59420.320860 -1.613861 
59420.352642 -1.619974 
59420.384424 -1.626161 
59420.416206 -1.632411 
59420.447988 -1.638716 
59420.479770 -1.645065 
59420.511552 -1.651448 
59420.543334 -1.657856 
59420.575116 -1.664278 
59420.606898 -1.670705 
59420.638680 -1.677126 
59420.670462 -1.683531 
59420.702244 -1.689911 
59420.734026 -1.696255 
59420.765808 -1.702554 
59420.797590 -1.708796 
59420.829372 -1.714973 
59420.861154 -1.721075 
59420.892936 -1.727091 
59420.924718 -1.733012 
59420.956500 -1.738827 
59420.988282 -1.744528 
59421.020064 -1.750104 
59421.051846 -1.755546 
59421.083628 -1.760844 
59421.115410 -1.765990 
59421.147192 -1.770973 
59421.178974 -1.775785 
59421.210756 -1.780416 
59421.242538 -1.784858 
59421.274320 -1.789102 
59421.306102 -1.793139 
59421.337884 -1.796961 
59421.369666 -1.800559 
59421.401448 -1.803925 
59421.433230 -1.807051 
59421.465012 -1.809930 
59421.496794 -1.812553 
59421.528576 -1.814912 
59421.560358 -1.817002 
59421.592140 -1.818814 
59421.623922 -1.820342 
59421.655704 -1.821579 
59421.687486 -1.822519 
59421.719268 -1.823155 
59421.751050 -1.823481 
59421.782832 -1.823491 
59421.814614 -1.823180 
59421.846396 -1.822543 
59421.878178 -1.821574 
59421.909960 -1.820269 
59421.941742 -1.818622 
59421.973524 -1.816630 
59422.005306 -1.814289 
59422.037088 -1.811594 
59422.068870 -1.808543 
59422.100652 -1.805131 
59422.132434 -1.801356 
59422.164216 -1.797215 
59422.195998 -1.792705 
59422.227780 -1.787825 
59422.259562 -1.782573 
59422.291344 -1.776946 
59422.323125 -1.770944 
59422.354907 -1.764565 
59422.386689 -1.757809 
59422.418471 -1.750675 
59422.450253 -1.743163 
59422.482035 -1.735273 
59422.513817 -1.727006 
59422.545599 -1.718362 
59422.577381 -1.709342 
59422.609163 -1.699948 
59422.640945 -1.690180 
59422.672727 -1.680041 
59422.704509 -1.669534 
59422.736291 -1.658659 
59422.768073 -1.647421 
59422.799855 -1.635822 
59422.831637 -1.623865 
59422.863419 -1.611554 
59422.895201 -1.598893 
59422.926983 -1.585886 
59422.958765 -1.572537 
59422.990547 -1.558850 
59423.022329 -1.544832 
59423.054111 -1.530486 
59423.085893 -1.515819 
59423.117675 -1.500836 
59423.149457 -1.485543 
59423.181239 -1.469946 
59423.213021 -1.454052 
59423.244803 -1.437868 
59423.276585 -1.421400 
59423.308367 -1.404655 
59423.340149 -1.387641 
59423.371931 -1.370366 
59423.403713 -1.352837 
59423.435495 -1.335063 
59423.467277 -1.317051 
59423.499059 -1.298810 
59423.530841 -1.280349 
59423.562623 -1.261676 
59423.594405 -1.242801 
59423.626187 -1.223733 
59423.657969 -1.204481 
59423.689751 -1.185054 
59423.721533 -1.165463 
59423.753315 -1.145716 
59423.785097 -1.125825 
59423.816879 -1.105799 
59423.848661 -1.085649 
59423.880443 -1.065384 
59423.912225 -1.045015 
59423.944007 -1.024554 
59423.975789 -1.004009 
59424.007571 -0.983393 
59424.039353 -0.962716 
59424.071135 -0.941989 
59424.102917 -0.921223 
59424.134699 -0.900429 
59424.166481 -0.879618 
59424.198263 -0.858802 
59424.230045 -0.837990 
59424.261827 -0.817196 
59424.293609 -0.796429 
59424.325391 -0.775702 
59424.357173 -0.755025 
59424.388955 -0.734409 
59424.420737 -0.713867 
59424.452519 -0.693408 
59424.484301 -0.673045 
59424.516083 -0.652788 
59424.547865 -0.632648 
59424.579647 -0.612637 
59424.611429 -0.592766 
59424.643211 -0.573045 
59424.674993 -0.553486 
59424.706775 -0.534098 
59424.738557 -0.514893 
59424.770339 -0.495882 
59424.802121 -0.477074 
59424.833903 -0.458481 
59424.865685 -0.440112 
59424.897467 -0.421977 
59424.929249 -0.404087 
59424.961031 -0.386451 
59424.992813 -0.369079 
59425.024594 -0.351980 
59425.056376 -0.335164 
59425.088158 -0.318640 
59425.119940 -0.302417 
59425.151722 -0.286504 
59425.183504 -0.270910 
59425.215286 -0.255642 
59425.247068 -0.240709 
59425.278850 -0.226119 
59425.310632 -0.211880 
59425.342414 -0.197999 
59425.374196 -0.184484 
59425.405978 -0.171343 
59425.437760 -0.158580 
59425.469542 -0.146205 
59425.501324 -0.134222 
59425.533106 -0.122638 
59425.564888 -0.111458 
59425.596670 -0.100689 
59425.628452 -0.090336 
59425.660234 -0.080404 
59425.692016 -0.070898 
59425.723798 -0.061822 
59425.755580 -0.053180 
59425.787362 -0.044977 
59425.819144 -0.037216 
59425.850926 -0.029900 
59425.882708 -0.023033 
59425.914490 -0.016618 
59425.946272 -0.010657 
59425.978054 -0.005152 
59426.009836 -0.000105 
59426.041618 0.004482 
59426.073400 0.008608 
59426.105182 0.012272 
59426.136964 0.015472 
59426.168746 0.018210 
59426.200528 0.020484 
59426.232310 0.022295 
59426.264092 0.023643 
59426.295874 0.024529 
59426.327656 0.024954 
59426.359438 0.024920 
59426.391220 0.024428 
59426.423002 0.023481 
59426.454784 0.022080 
59426.486566 0.020228 
59426.518348 0.017928 
59426.550130 0.015184 
59426.581912 0.011998 
59426.613694 0.008375 
59426.645476 0.004319 
59426.677258 -0.000166 
59426.709040 -0.005076 
59426.740822 -0.010405 
59426.772604 -0.016148 
59426.804386 -0.022300 
59426.836168 -0.028855 
59426.867950 -0.035807 
59426.899732 -0.043149 
59426.931514 -0.050876 
59426.963296 -0.058981 
59426.995078 -0.067456 
59427.026860 -0.076294 
59427.058642 -0.085488 
59427.090424 -0.095030 
59427.122206 -0.104912 
59427.153988 -0.115126 
59427.185770 -0.125664 
59427.217552 -0.136516 
59427.249334 -0.147675 
59427.281116 -0.159131 
59427.312898 -0.170875 
59427.344680 -0.182897 
59427.376462 -0.195189 
59427.408244 -0.207739 
59427.440026 -0.220540 
59427.471808 -0.233580 
59427.503590 -0.246849 
59427.535372 -0.260337 
59427.567154 -0.274033 
59427.598936 -0.287927 
59427.630718 -0.302009 
59427.662500 -0.316267 
59427.694282 -0.330690 
59427.726063 -0.345267 
59427.757845 -0.359988 
59427.789627 -0.374841 
59427.821409 -0.389814 
59427.853191 -0.404897 
59427.884973 -0.420077 
59427.916755 -0.435344 
59427.948537 -0.450686 
59427.980319 -0.466091 
59428.012101 -0.481548 
59428.043883 -0.497045 
59428.075665 -0.512571 
59428.107447 -0.528114 
59428.139229 -0.543661 
59428.171011 -0.559203 
59428.202793 -0.574726 
59428.234575 -0.590220 
59428.266357 -0.605673 
59428.298139 -0.621074 
59428.329921 -0.636410 
59428.361703 -0.651671 
59428.393485 -0.666845 
59428.425267 -0.681921 
59428.457049 -0.696888 
59428.488831 -0.711735 
59428.520613 -0.726450 
59428.552395 -0.741024 
59428.584177 -0.755444 
59428.615959 -0.769701 
59428.647741 -0.783784 
59428.679523 -0.797682 
59428.711305 -0.811385 
59428.743087 -0.824884 
59428.774869 -0.838168 
59428.806651 -0.851227 
59428.838433 -0.864051 
59428.870215 -0.876632 
59428.901997 -0.888959 
59428.933779 -0.901025 
59428.965561 -0.912819 
59428.997343 -0.924333 
59429.029125 -0.935558 
59429.060907 -0.946487 
59429.092689 -0.957111 
59429.124471 -0.967422 
59429.156253 -0.977413 
59429.188035 -0.987075 
59429.219817 -0.996402 
59429.251599 -1.005387 
59429.283381 -1.014023 
59429.315163 -1.022304 
59429.346945 -1.030223 
59429.378727 -1.037774 
59429.410509 -1.044952 
59429.442291 -1.051750 
59429.474073 -1.058165 
59429.505855 -1.064190 
59429.537637 -1.069821 
59429.569419 -1.075054 
59429.601201 -1.079885 
59429.632983 -1.084309 
59429.664765 -1.088323 
59429.696547 -1.091923 
59429.728329 -1.095108 
59429.760111 -1.097873 
59429.791893 -1.100216 
59429.823675 -1.102136 
59429.855457 -1.103630 
59429.887239 -1.104696 
59429.919021 -1.105334 
59429.950803 -1.105542 
59429.982585 -1.105320 
59430.014367 -1.104666 
59430.046149 -1.103581 
59430.077931 -1.102065 
59430.109713 -1.100118 
59430.141495 -1.097741 
59430.173277 -1.094935 
59430.205059 -1.091701 
59430.236841 -1.088040 
59430.268623 -1.083954 
59430.300405 -1.079446 
59430.332187 -1.074517 
59430.363969 -1.069171 
59430.395751 -1.063410 
59430.427532 -1.057237 
59430.459314 -1.050655 
59430.491096 -1.043669 
59430.522878 -1.036282 
59430.554660 -1.028498 
59430.586442 -1.020322 
59430.618224 -1.011758 
59430.650006 -1.002811 
59430.681788 -0.993487 
59430.713570 -0.983791 
59430.745352 -0.973728 
59430.777134 -0.963304 
59430.808916 -0.952525 
59430.840698 -0.941398 
59430.872480 -0.929928 
59430.904262 -0.918123 
59430.936044 -0.905990 
59430.967826 -0.893535 
59430.999608 -0.880766 
59431.031390 -0.867690 
59431.063172 -0.854315 
59431.094954 -0.840649 
59431.126736 -0.826699 
59431.158518 -0.812474 
59431.190300 -0.797981 
59431.222082 -0.783230 
59431.253864 -0.768229 
59431.285646 -0.752987 
59431.317428 -0.737512 
59431.349210 -0.721813 
59431.380992 -0.705899 
59431.412774 -0.689780 
59431.444556 -0.673465 
59431.476338 -0.656963 
59431.508120 -0.640284 
59431.539902 -0.623436 
59431.571684 -0.606431 
59431.603466 -0.589276 
59431.635248 -0.571983 
59431.667030 -0.554561 
59431.698812 -0.537020 
59431.730594 -0.519369 
59431.762376 -0.501618 
59431.794158 -0.483778 
59431.825940 -0.465859 
59431.857722 -0.447869 
59431.889504 -0.429820 
59431.921286 -0.411722 
59431.953068 -0.393583 
59431.984850 -0.375415 
59432.016632 -0.357226 
59432.048414 -0.339028 
59432.080196 -0.320829 
59432.111978 -0.302640 
59432.143760 -0.284470 
59432.175542 -0.266330 
59432.207324 -0.248228 
59432.239106 -0.230174 
59432.270888 -0.212178 
59432.302670 -0.194249 
59432.334452 -0.176397 
59432.366234 -0.158630 
59432.398016 -0.140959 
59432.429798 -0.123391 
59432.461580 -0.105936 
59432.493362 -0.088603 
59432.525144 -0.071400 
59432.556926 -0.054336 
59432.588708 0.001782 
