# time Tc_folded Tref_folded value value_err offset model full_model val_compare val_compare_err residuals residuals_err jitter jitter_flag offset_flag subset_flag 
59334.700184 0.000000 0.000000 0.105003 0.003000 0.104379 0.000164 0.104543 0.000624 0.003000 0.000460 0.003000 0.000406  -1   2  -1 
59334.703954 0.000000 0.000000 0.106405 0.003000 0.104379 0.000165 0.104544 0.002026 0.003000 0.001861 0.003000 0.000406  -1   2  -1 
59334.711459 0.000000 0.000000 0.104969 0.003000 0.104379 0.000166 0.104546 0.000590 0.003000 0.000423 0.003000 0.000406  -1   2  -1 
59334.934601 0.000000 0.000000 0.099621 0.003000 0.099382 0.000212 0.099593 0.000239 0.003000 0.000028 0.003000 0.000406  -1   3  -1 
59334.935678 0.000000 0.000000 0.099963 0.003000 0.099382 0.000212 0.099594 0.000581 0.003000 0.000369 0.003000 0.000406  -1   3  -1 
59334.936754 0.000000 0.000000 0.099421 0.003000 0.099382 0.000212 0.099594 0.000039 0.003000 -0.000173 0.003000 0.000406  -1   3  -1 
59336.069824 0.000000 0.000000 0.099318 0.003000 0.099382 0.000346 0.099728 -0.000064 0.003000 -0.000410 0.003000 0.000406  -1   3  -1 
59336.071983 0.000000 0.000000 0.099356 0.003000 0.099382 0.000346 0.099728 -0.000026 0.003000 -0.000372 0.003000 0.000406  -1   3  -1 
59336.073065 0.000000 0.000000 0.099444 0.003000 0.099382 0.000346 0.099728 0.000062 0.003000 -0.000284 0.003000 0.000406  -1   3  -1 
59336.087932 0.000000 0.000000 0.097437 0.003000 0.100156 0.000346 0.100502 -0.002719 0.003000 -0.003065 0.003000 0.000406  -1   0  -1 
59336.113567 0.000000 0.000000 0.101744 0.003000 0.100156 0.000346 0.100503 0.001588 0.003000 0.001241 0.003000 0.000406  -1   0  -1 
59336.116529 0.000000 0.000000 0.105090 0.003000 0.100156 0.000346 0.100503 0.004934 0.003000 0.004587 0.003000 0.000406  -1   0  -1 
59337.794690 0.000000 0.000000 0.105287 0.003000 0.104379 0.000125 0.104504 0.000908 0.003000 0.000783 0.003000 0.000406  -1   2  -1 
59337.802213 0.000000 0.000000 0.100664 0.003000 0.104379 0.000123 0.104502 -0.003715 0.003000 -0.003838 0.003000 0.000406  -1   2  -1 
59337.805964 0.000000 0.000000 0.106851 0.003000 0.104379 0.000122 0.104502 0.002472 0.003000 0.002349 0.003000 0.000406  -1   2  -1 
59338.101617 0.000000 0.000000 0.097036 0.003000 0.100156 0.000052 0.100208 -0.003120 0.003000 -0.003172 0.003000 0.000406  -1   0  -1 
59338.106766 0.000000 0.000000 0.103057 0.003000 0.100156 0.000051 0.100207 0.002901 0.003000 0.002850 0.003000 0.000406  -1   0  -1 
59338.111894 0.000000 0.000000 0.093740 0.003000 0.100156 0.000050 0.100206 -0.006416 0.003000 -0.006466 0.003000 0.000406  -1   0  -1 
59340.098120 0.000000 0.000000 0.098726 0.003000 0.099382 -0.000204 0.099178 -0.000656 0.003000 -0.000452 0.003000 0.000406  -1   3  -1 
59340.099194 0.000000 0.000000 0.098808 0.003000 0.099382 -0.000204 0.099178 -0.000574 0.003000 -0.000370 0.003000 0.000406  -1   3  -1 
59340.101354 0.000000 0.000000 0.098884 0.003000 0.099382 -0.000204 0.099178 -0.000498 0.003000 -0.000294 0.003000 0.000406  -1   3  -1 
59340.125153 0.000000 0.000000 0.100197 0.003000 0.100156 -0.000203 0.099953 0.000041 0.003000 0.000244 0.003000 0.000406  -1   0  -1 
59340.134329 0.000000 0.000000 0.096564 0.003000 0.100156 -0.000202 0.099954 -0.003592 0.003000 -0.003390 0.003000 0.000406  -1   0  -1 
59340.148161 0.000000 0.000000 0.097005 0.003000 0.100156 -0.000201 0.099955 -0.003151 0.003000 -0.002950 0.003000 0.000406  -1   0  -1 
59341.954385 0.000000 0.000000 0.098635 0.003000 0.099382 0.000128 0.099510 -0.000747 0.003000 -0.000875 0.003000 0.000406  -1   3  -1 
59341.957620 0.000000 0.000000 0.098984 0.003000 0.099382 0.000129 0.099511 -0.000398 0.003000 -0.000527 0.003000 0.000406  -1   3  -1 
59341.958695 0.000000 0.000000 0.098483 0.003000 0.099382 0.000129 0.099511 -0.000899 0.003000 -0.001028 0.003000 0.000406  -1   3  -1 
59341.996746 0.000000 0.000000 0.095174 0.003000 0.100156 0.000138 0.100294 -0.004982 0.003000 -0.005120 0.003000 0.000406  -1   0  -1 
59342.000684 0.000000 0.000000 0.097328 0.003000 0.100156 0.000138 0.100294 -0.002828 0.003000 -0.002966 0.003000 0.000406  -1   0  -1 
59343.674792 0.000000 0.000000 0.105101 0.003000 0.104379 0.000275 0.104655 0.000722 0.003000 0.000446 0.003000 0.000406  -1   2  -1 
59343.682301 0.000000 0.000000 0.110466 0.003000 0.104379 0.000275 0.104654 0.006087 0.003000 0.005812 0.003000 0.000406  -1   2  -1 
59343.689815 0.000000 0.000000 0.105713 0.003000 0.104379 0.000274 0.104653 0.001334 0.003000 0.001060 0.003000 0.000406  -1   2  -1 
59344.038460 0.000000 0.000000 0.102406 0.003000 0.100156 0.000224 0.100380 0.002250 0.003000 0.002026 0.003000 0.000406  -1   0  -1 
59344.047124 0.000000 0.000000 0.101382 0.003000 0.100156 0.000222 0.100378 0.001226 0.003000 0.001004 0.003000 0.000406  -1   0  -1 
59344.054785 0.000000 0.000000 0.104486 0.003000 0.100156 0.000221 0.100377 0.004330 0.003000 0.004109 0.003000 0.000406  -1   0  -1 
59344.090520 0.000000 0.000000 0.098837 0.003000 0.099382 0.000214 0.099596 -0.000545 0.003000 -0.000759 0.003000 0.000406  -1   3  -1 
59344.093753 0.000000 0.000000 0.098794 0.003000 0.099382 0.000214 0.099595 -0.000588 0.003000 -0.000801 0.003000 0.000406  -1   3  -1 
59344.094826 0.000000 0.000000 0.098783 0.003000 0.099382 0.000213 0.099595 -0.000599 0.003000 -0.000812 0.003000 0.000406  -1   3  -1 
59345.052239 0.000000 0.000000 0.096421 0.003000 0.100156 -0.000043 0.100113 -0.003735 0.003000 -0.003692 0.003000 0.000406  -1   0  -1 
59345.054836 0.000000 0.000000 0.100959 0.003000 0.100156 -0.000044 0.100112 0.000803 0.003000 0.000847 0.003000 0.000406  -1   0  -1 
59345.062635 0.000000 0.000000 0.106249 0.003000 0.100156 -0.000046 0.100110 0.006093 0.003000 0.006139 0.003000 0.000406  -1   0  -1 
59348.691508 0.000000 0.000000 0.098362 0.003000 0.104379 -0.000053 0.104326 -0.006017 0.003000 -0.005964 0.003000 0.000406  -1   2  -1 
59348.699020 0.000000 0.000000 0.107024 0.003000 0.104379 -0.000050 0.104330 0.002645 0.003000 0.002694 0.003000 0.000406  -1   2  -1 
59348.702790 0.000000 0.000000 0.106281 0.003000 0.104379 -0.000048 0.104331 0.001902 0.003000 0.001950 0.003000 0.000406  -1   2  -1 
59349.021951 0.000000 0.000000 0.093893 0.003000 0.100156 0.000087 0.100243 -0.006263 0.003000 -0.006350 0.003000 0.000406  -1   0  -1 
59349.026999 0.000000 0.000000 0.107080 0.003000 0.100156 0.000089 0.100245 0.006924 0.003000 0.006835 0.003000 0.000406  -1   0  -1 
59349.032064 0.000000 0.000000 0.098246 0.003000 0.100156 0.000091 0.100247 -0.001910 0.003000 -0.002001 0.003000 0.000406  -1   0  -1 
59350.089948 0.000000 0.000000 0.107066 0.003000 0.100156 0.000500 0.100656 0.006910 0.003000 0.006410 0.003000 0.000406  -1   0  -1 
59350.092419 0.000000 0.000000 0.105039 0.003000 0.100156 0.000501 0.100657 0.004883 0.003000 0.004382 0.003000 0.000406  -1   0  -1 
59350.106715 0.000000 0.000000 0.103204 0.003000 0.100156 0.000505 0.100661 0.003048 0.003000 0.002543 0.003000 0.000406  -1   0  -1 
59350.920251 0.000000 0.000000 0.095408 0.003000 0.100156 0.000653 0.100809 -0.004748 0.003000 -0.005401 0.003000 0.000406  -1   0  -1 
59351.708087 0.000000 0.000000 0.106575 0.003000 0.104379 0.000596 0.104976 0.002196 0.003000 0.001599 0.003000 0.000406  -1   2  -1 
59351.715613 0.000000 0.000000 0.101355 0.003000 0.104379 0.000595 0.104974 -0.003024 0.003000 -0.003619 0.003000 0.000406  -1   2  -1 
59351.726880 0.000000 0.000000 0.099987 0.003000 0.104379 0.000593 0.104972 -0.004392 0.003000 -0.004985 0.003000 0.000406  -1   2  -1 
59352.098517 0.000000 0.000000 0.094247 0.003000 0.100156 0.000501 0.100657 -0.005909 0.003000 -0.006410 0.003000 0.000406  -1   0  -1 
59352.108322 0.000000 0.000000 0.101999 0.003000 0.100156 0.000498 0.100654 0.001843 0.003000 0.001345 0.003000 0.000406  -1   0  -1 
59352.122068 0.000000 0.000000 0.103280 0.003000 0.100156 0.000494 0.100650 0.003124 0.003000 0.002630 0.003000 0.000406  -1   0  -1 
59353.715347 0.000000 0.000000 0.105400 0.003000 0.104379 -0.000081 0.104299 0.001021 0.003000 0.001101 0.003000 0.000406  -1   2  -1 
59353.719104 0.000000 0.000000 0.106953 0.003000 0.104379 -0.000082 0.104297 0.002574 0.003000 0.002656 0.003000 0.000406  -1   2  -1 
59353.722869 0.000000 0.000000 0.107021 0.003000 0.104379 -0.000083 0.104296 0.002642 0.003000 0.002725 0.003000 0.000406  -1   2  -1 
59354.076145 0.000000 0.000000 0.097344 0.003000 0.100156 -0.000184 0.099972 -0.002812 0.003000 -0.002628 0.003000 0.000406  -1   0  -1 
59354.101312 0.000000 0.000000 0.100926 0.003000 0.100156 -0.000191 0.099965 0.000770 0.003000 0.000961 0.003000 0.000406  -1   0  -1 
59354.104255 0.000000 0.000000 0.101146 0.003000 0.100156 -0.000191 0.099965 0.000990 0.003000 0.001181 0.003000 0.000406  -1   0  -1 
59356.710684 0.000000 0.000000 0.107411 0.003000 0.104379 0.000065 0.104445 0.003032 0.003000 0.002966 0.003000 0.000406  -1   2  -1 
59356.721985 0.000000 0.000000 0.100103 0.003000 0.104379 0.000069 0.104449 -0.004276 0.003000 -0.004346 0.003000 0.000406  -1   2  -1 
59356.725745 0.000000 0.000000 0.104976 0.003000 0.104379 0.000070 0.104450 0.000597 0.003000 0.000526 0.003000 0.000406  -1   2  -1 
59357.087914 0.000000 0.000000 0.099240 0.003000 0.099382 0.000192 0.099574 -0.000142 0.003000 -0.000334 0.003000 0.000406  -1   3  -1 
59357.090082 0.000000 0.000000 0.099423 0.003000 0.099382 0.000193 0.099575 0.000041 0.003000 -0.000152 0.003000 0.000406  -1   3  -1 
59357.092248 0.000000 0.000000 0.099557 0.003000 0.099382 0.000194 0.099575 0.000175 0.003000 -0.000018 0.003000 0.000406  -1   3  -1 
59358.923301 0.000000 0.000000 0.094644 0.003000 0.100156 0.000554 0.100710 -0.005512 0.003000 -0.006066 0.003000 0.000406  -1   0  -1 
59358.931249 0.000000 0.000000 0.101749 0.003000 0.100156 0.000554 0.100711 0.001593 0.003000 0.001038 0.003000 0.000406  -1   0  -1 
59358.937426 0.000000 0.000000 0.098773 0.003000 0.100156 0.000555 0.100711 -0.001383 0.003000 -0.001938 0.003000 0.000406  -1   0  -1 
59358.952972 0.000000 0.000000 0.099528 0.003000 0.099382 0.000555 0.099936 0.000146 0.003000 -0.000408 0.003000 0.000406  -1   3  -1 
59358.954053 0.000000 0.000000 0.099693 0.003000 0.099382 0.000555 0.099937 0.000311 0.003000 -0.000244 0.003000 0.000406  -1   3  -1 
59358.956208 0.000000 0.000000 0.099728 0.003000 0.099382 0.000555 0.099937 0.000346 0.003000 -0.000209 0.003000 0.000406  -1   3  -1 
59361.683491 0.000000 0.000000 0.100845 0.003000 0.104379 0.000246 0.104625 -0.003534 0.003000 -0.003780 0.003000 0.000406  -1   2  -1 
59361.687248 0.000000 0.000000 0.106455 0.003000 0.104379 0.000246 0.104625 0.002076 0.003000 0.001830 0.003000 0.000406  -1   2  -1 
59361.691012 0.000000 0.000000 0.105800 0.003000 0.104379 0.000246 0.104625 0.001421 0.003000 0.001175 0.003000 0.000406  -1   2  -1 
59361.944566 0.000000 0.000000 0.100437 0.003000 0.100156 0.000236 0.100392 0.000281 0.003000 0.000045 0.003000 0.000406  -1   0  -1 
59361.947357 0.000000 0.000000 0.101894 0.003000 0.100156 0.000236 0.100392 0.001738 0.003000 0.001502 0.003000 0.000406  -1   0  -1 
59361.957166 0.000000 0.000000 0.100877 0.003000 0.100156 0.000236 0.100392 0.000721 0.003000 0.000485 0.003000 0.000406  -1   0  -1 
59362.136140 0.000000 0.000000 0.099569 0.003000 0.099382 0.000235 0.099617 0.000187 0.003000 -0.000048 0.003000 0.000406  -1   3  -1 
59362.137220 0.000000 0.000000 0.099663 0.003000 0.099382 0.000235 0.099617 0.000281 0.003000 0.000046 0.003000 0.000406  -1   3  -1 
59362.138308 0.000000 0.000000 0.099833 0.003000 0.099382 0.000235 0.099617 0.000451 0.003000 0.000216 0.003000 0.000406  -1   3  -1 
59364.917885 0.000000 0.000000 0.099536 0.003000 0.099382 0.000399 0.099781 0.000154 0.003000 -0.000245 0.003000 0.000406  -1   3  -1 
59364.918966 0.000000 0.000000 0.099800 0.003000 0.099382 0.000399 0.099781 0.000418 0.003000 0.000019 0.003000 0.000406  -1   3  -1 
59364.921142 0.000000 0.000000 0.099362 0.003000 0.099382 0.000399 0.099781 -0.000020 0.003000 -0.000419 0.003000 0.000406  -1   3  -1 
59365.067320 0.000000 0.000000 0.109285 0.003000 0.100156 0.000387 0.100543 0.009129 0.003000 0.008742 0.003000 0.000406  -1   0  -1 
59365.069993 0.000000 0.000000 0.100983 0.003000 0.100156 0.000387 0.100543 0.000827 0.003000 0.000440 0.003000 0.000406  -1   0  -1 
59365.075398 0.000000 0.000000 0.107182 0.003000 0.100156 0.000386 0.100542 0.007026 0.003000 0.006640 0.003000 0.000406  -1   0  -1 
59365.648355 0.000000 0.000000 0.104780 0.003000 0.104379 0.000296 0.104676 0.000401 0.003000 0.000104 0.003000 0.000406  -1   2  -1 
59365.652118 0.000000 0.000000 0.104889 0.003000 0.104379 0.000295 0.104675 0.000510 0.003000 0.000214 0.003000 0.000406  -1   2  -1 
59365.659667 0.000000 0.000000 0.102802 0.003000 0.104379 0.000294 0.104673 -0.001577 0.003000 -0.001871 0.003000 0.000406  -1   2  -1 
59365.941188 0.000000 0.000000 0.104375 0.003000 0.100156 0.000226 0.100382 0.004219 0.003000 0.003993 0.003000 0.000406  -1   0  -1 
59365.959824 0.000000 0.000000 0.098319 0.003000 0.100156 0.000221 0.100377 -0.001837 0.003000 -0.002058 0.003000 0.000406  -1   0  -1 
59369.761210 0.000000 0.000000 0.105981 0.003000 0.104379 -0.000276 0.104103 0.001602 0.003000 0.001878 0.003000 0.000406  -1   2  -1 
59369.768738 0.000000 0.000000 0.105362 0.003000 0.104379 -0.000274 0.104106 0.000983 0.003000 0.001256 0.003000 0.000406  -1   2  -1 
59369.776263 0.000000 0.000000 0.103552 0.003000 0.104379 -0.000271 0.104108 -0.000827 0.003000 -0.000556 0.003000 0.000406  -1   2  -1 
59369.910940 0.000000 0.000000 0.098955 0.003000 0.099382 -0.000226 0.099156 -0.000427 0.003000 -0.000201 0.003000 0.000406  -1   3  -1 
59369.912028 0.000000 0.000000 0.098965 0.003000 0.099382 -0.000226 0.099156 -0.000417 0.003000 -0.000191 0.003000 0.000406  -1   3  -1 
59369.913108 0.000000 0.000000 0.099146 0.003000 0.099382 -0.000225 0.099156 -0.000236 0.003000 -0.000010 0.003000 0.000406  -1   3  -1 
59370.023276 0.000000 0.000000 0.105187 0.003000 0.100156 -0.000186 0.099970 0.005031 0.003000 0.005217 0.003000 0.000406  -1   0  -1 
59370.025654 0.000000 0.000000 0.097960 0.003000 0.100156 -0.000185 0.099971 -0.002196 0.003000 -0.002011 0.003000 0.000406  -1   0  -1 
59370.030553 0.000000 0.000000 0.092807 0.003000 0.100156 -0.000183 0.099973 -0.007349 0.003000 -0.007166 0.003000 0.000406  -1   0  -1 
59374.802541 0.000000 0.000000 0.105971 0.003000 0.104379 0.000297 0.104677 0.001592 0.003000 0.001294 0.003000 0.000406  -1   2  -1 
59374.806302 0.000000 0.000000 0.101556 0.003000 0.104379 0.000296 0.104676 -0.002823 0.003000 -0.003120 0.003000 0.000406  -1   2  -1 
59374.810063 0.000000 0.000000 0.106336 0.003000 0.104379 0.000295 0.104675 0.001957 0.003000 0.001661 0.003000 0.000406  -1   2  -1 
59376.787767 0.000000 0.000000 0.104653 0.003000 0.104379 0.000053 0.104433 0.000274 0.003000 0.000220 0.003000 0.000406  -1   2  -1 
59376.791518 0.000000 0.000000 0.099457 0.003000 0.104379 0.000054 0.104433 -0.004922 0.003000 -0.004976 0.003000 0.000406  -1   2  -1 
59376.799035 0.000000 0.000000 0.102282 0.003000 0.104379 0.000055 0.104434 -0.002097 0.003000 -0.002152 0.003000 0.000406  -1   2  -1 
59376.948922 0.000000 0.000000 0.098741 0.003000 0.099382 0.000077 0.099459 -0.000641 0.003000 -0.000718 0.003000 0.000406  -1   3  -1 
59376.951075 0.000000 0.000000 0.099119 0.003000 0.099382 0.000077 0.099459 -0.000263 0.003000 -0.000340 0.003000 0.000406  -1   3  -1 
59376.952157 0.000000 0.000000 0.099148 0.003000 0.099382 0.000077 0.099459 -0.000234 0.003000 -0.000311 0.003000 0.000406  -1   3  -1 
59377.106321 0.000000 0.000000 0.096988 0.003000 0.100156 0.000106 0.100262 -0.003168 0.003000 -0.003274 0.003000 0.000406  -1   0  -1 
59377.108935 0.000000 0.000000 0.099249 0.003000 0.100156 0.000106 0.100262 -0.000907 0.003000 -0.001013 0.003000 0.000406  -1   0  -1 
59377.116326 0.000000 0.000000 0.099894 0.003000 0.100156 0.000108 0.100264 -0.000262 0.003000 -0.000370 0.003000 0.000406  -1   0  -1 
59377.628949 0.000000 0.000000 0.104452 0.003000 0.104379 0.000236 0.104615 0.000073 0.003000 -0.000163 0.003000 0.000406  -1   2  -1 
59377.636479 0.000000 0.000000 0.098574 0.003000 0.104379 0.000238 0.104617 -0.005805 0.003000 -0.006043 0.003000 0.000406  -1   2  -1 
59377.640253 0.000000 0.000000 0.106341 0.003000 0.104379 0.000239 0.104618 0.001962 0.003000 0.001723 0.003000 0.000406  -1   2  -1 
59378.026109 0.000000 0.000000 0.105517 0.003000 0.100156 0.000356 0.100512 0.005361 0.003000 0.005005 0.003000 0.000406  -1   0  -1 
59378.031599 0.000000 0.000000 0.100398 0.003000 0.100156 0.000357 0.100514 0.000242 0.003000 -0.000116 0.003000 0.000406  -1   0  -1 
59378.035635 0.000000 0.000000 0.097034 0.003000 0.100156 0.000359 0.100515 -0.003122 0.003000 -0.003481 0.003000 0.000406  -1   0  -1 
59379.024886 0.000000 0.000000 0.104453 0.003000 0.100156 0.000634 0.100790 0.004297 0.003000 0.003663 0.003000 0.000406  -1   0  -1 
59379.027585 0.000000 0.000000 0.097797 0.003000 0.100156 0.000634 0.100790 -0.002359 0.003000 -0.002993 0.003000 0.000406  -1   0  -1 
59379.734125 0.000000 0.000000 0.100781 0.003000 0.104379 0.000718 0.105097 -0.003598 0.003000 -0.004316 0.003000 0.000406  -1   2  -1 
59379.737891 0.000000 0.000000 0.104845 0.003000 0.104379 0.000718 0.105097 0.000466 0.003000 -0.000252 0.003000 0.000406  -1   2  -1 
59379.749170 0.000000 0.000000 0.104652 0.003000 0.104379 0.000718 0.105098 0.000273 0.003000 -0.000446 0.003000 0.000406  -1   2  -1 
59379.927944 0.000000 0.000000 0.101299 0.003000 0.100156 0.000717 0.100873 0.001143 0.003000 0.000426 0.003000 0.000406  -1   0  -1 
59379.940910 0.000000 0.000000 0.102877 0.003000 0.100156 0.000716 0.100872 0.002721 0.003000 0.002005 0.003000 0.000406  -1   0  -1 
59379.943737 0.000000 0.000000 0.096024 0.003000 0.100156 0.000716 0.100872 -0.004132 0.003000 -0.004848 0.003000 0.000406  -1   0  -1 
59380.041449 0.000000 0.000000 0.098942 0.003000 0.099382 0.000711 0.100093 -0.000440 0.003000 -0.001151 0.003000 0.000406  -1   3  -1 
59380.044695 0.000000 0.000000 0.099332 0.003000 0.099382 0.000711 0.100093 -0.000050 0.003000 -0.000761 0.003000 0.000406  -1   3  -1 
59380.045775 0.000000 0.000000 0.099205 0.003000 0.099382 0.000711 0.100092 -0.000177 0.003000 -0.000887 0.003000 0.000406  -1   3  -1 
59381.742082 0.000000 0.000000 0.105489 0.003000 0.104379 0.000269 0.104649 0.001110 0.003000 0.000840 0.003000 0.000406  -1   2  -1 
59381.745840 0.000000 0.000000 0.105769 0.003000 0.104379 0.000268 0.104648 0.001390 0.003000 0.001121 0.003000 0.000406  -1   2  -1 
59381.749613 0.000000 0.000000 0.099662 0.003000 0.104379 0.000267 0.104646 -0.004717 0.003000 -0.004984 0.003000 0.000406  -1   2  -1 
59381.964035 0.000000 0.000000 0.101072 0.003000 0.100156 0.000190 0.100346 0.000916 0.003000 0.000726 0.003000 0.000406  -1   0  -1 
59381.966642 0.000000 0.000000 0.099584 0.003000 0.100156 0.000189 0.100346 -0.000572 0.003000 -0.000762 0.003000 0.000406  -1   0  -1 
59381.969218 0.000000 0.000000 0.101496 0.003000 0.100156 0.000189 0.100345 0.001340 0.003000 0.001151 0.003000 0.000406  -1   0  -1 
59382.115350 0.000000 0.000000 0.099569 0.003000 0.099382 0.000138 0.099520 0.000187 0.003000 0.000049 0.003000 0.000406  -1   3  -1 
59382.116432 0.000000 0.000000 0.099674 0.003000 0.099382 0.000138 0.099520 0.000292 0.003000 0.000154 0.003000 0.000406  -1   3  -1 
59382.117507 0.000000 0.000000 0.099412 0.003000 0.099382 0.000138 0.099520 0.000030 0.003000 -0.000108 0.003000 0.000406  -1   3  -1 
59383.644277 0.000000 0.000000 0.104437 0.003000 0.104379 -0.000114 0.104265 0.000058 0.003000 0.000172 0.003000 0.000406  -1   2  -1 
59383.648053 0.000000 0.000000 0.105756 0.003000 0.104379 -0.000114 0.104265 0.001377 0.003000 0.001491 0.003000 0.000406  -1   2  -1 
59383.655584 0.000000 0.000000 0.099854 0.003000 0.104379 -0.000114 0.104266 -0.004525 0.003000 -0.004412 0.003000 0.000406  -1   2  -1 
59383.978595 0.000000 0.000000 0.099389 0.003000 0.099382 -0.000075 0.099307 0.000007 0.003000 0.000082 0.003000 0.000406  -1   3  -1 
59383.979676 0.000000 0.000000 0.099165 0.003000 0.099382 -0.000075 0.099307 -0.000217 0.003000 -0.000142 0.003000 0.000406  -1   3  -1 
59383.981846 0.000000 0.000000 0.099732 0.003000 0.099382 -0.000074 0.099308 0.000350 0.003000 0.000424 0.003000 0.000406  -1   3  -1 
59383.992473 0.000000 0.000000 0.096345 0.003000 0.100156 -0.000072 0.100084 -0.003811 0.003000 -0.003739 0.003000 0.000406  -1   0  -1 
59384.002278 0.000000 0.000000 0.101536 0.003000 0.100156 -0.000071 0.100085 0.001380 0.003000 0.001451 0.003000 0.000406  -1   0  -1 
59384.007238 0.000000 0.000000 0.101159 0.003000 0.100156 -0.000070 0.100086 0.001003 0.003000 0.001073 0.003000 0.000406  -1   0  -1 
59384.628010 0.000000 0.000000 0.105792 0.003000 0.104379 0.000099 0.104478 0.001413 0.003000 0.001314 0.003000 0.000406  -1   2  -1 
59384.631782 0.000000 0.000000 0.105616 0.003000 0.104379 0.000100 0.104480 0.001237 0.003000 0.001136 0.003000 0.000406  -1   2  -1 
59384.635541 0.000000 0.000000 0.113709 0.003000 0.104379 0.000101 0.104481 0.009330 0.003000 0.009228 0.003000 0.000406  -1   2  -1 
59385.055212 0.000000 0.000000 0.099646 0.003000 0.100156 0.000266 0.100423 -0.000510 0.003000 -0.000777 0.003000 0.000406  -1   0  -1 
59385.061472 0.000000 0.000000 0.099284 0.003000 0.100156 0.000269 0.100425 -0.000872 0.003000 -0.001141 0.003000 0.000406  -1   0  -1 
59385.063906 0.000000 0.000000 0.101528 0.003000 0.100156 0.000270 0.100426 0.001372 0.003000 0.001102 0.003000 0.000406  -1   0  -1 
59387.920967 0.000000 0.000000 0.103536 0.003000 0.100156 0.001070 0.101226 0.003380 0.003000 0.002310 0.003000 0.000406  -1   0  -1 
59387.926477 0.000000 0.000000 0.100956 0.003000 0.100156 0.001070 0.101226 0.000800 0.003000 -0.000270 0.003000 0.000406  -1   0  -1 
59387.929412 0.000000 0.000000 0.107957 0.003000 0.100156 0.001069 0.101226 0.007801 0.003000 0.006731 0.003000 0.000406  -1   0  -1 
59388.644350 0.000000 0.000000 0.106091 0.003000 0.104379 0.000959 0.105338 0.001712 0.003000 0.000753 0.003000 0.000406  -1   2  -1 
59388.659397 0.000000 0.000000 0.105762 0.003000 0.104379 0.000956 0.105335 0.001383 0.003000 0.000427 0.003000 0.000406  -1   2  -1 
59388.663148 0.000000 0.000000 0.114179 0.003000 0.104379 0.000955 0.105334 0.009800 0.003000 0.008845 0.003000 0.000406  -1   2  -1 
59388.965674 0.000000 0.000000 0.103296 0.003000 0.100156 0.000881 0.101037 0.003140 0.003000 0.002259 0.003000 0.000406  -1   0  -1 
59388.967365 0.000000 0.000000 0.099484 0.003000 0.099382 0.000881 0.100263 0.000102 0.003000 -0.000779 0.003000 0.000406  -1   3  -1 
59388.968252 0.000000 0.000000 0.105198 0.003000 0.100156 0.000881 0.101037 0.005042 0.003000 0.004161 0.003000 0.000406  -1   0  -1 
59388.968449 0.000000 0.000000 0.099425 0.003000 0.099382 0.000881 0.100262 0.000043 0.003000 -0.000837 0.003000 0.000406  -1   3  -1 
59388.969524 0.000000 0.000000 0.099641 0.003000 0.099382 0.000880 0.100262 0.000259 0.003000 -0.000621 0.003000 0.000406  -1   3  -1 
59388.970854 0.000000 0.000000 0.101838 0.003000 0.100156 0.000880 0.101036 0.001682 0.003000 0.000802 0.003000 0.000406  -1   0  -1 
59389.809335 0.000000 0.000000 0.105292 0.003000 0.104379 0.000661 0.105041 0.000913 0.003000 0.000251 0.003000 0.000406  -1   2  -1 
59389.828264 0.000000 0.000000 0.104660 0.003000 0.104379 0.000657 0.105036 0.000281 0.003000 -0.000376 0.003000 0.000406  -1   2  -1 
59389.832028 0.000000 0.000000 0.105496 0.003000 0.104379 0.000656 0.105035 0.001117 0.003000 0.000461 0.003000 0.000406  -1   2  -1 
59389.926150 0.000000 0.000000 0.099394 0.003000 0.099382 0.000634 0.100016 0.000012 0.003000 -0.000622 0.003000 0.000406  -1   3  -1 
59389.928313 0.000000 0.000000 0.099326 0.003000 0.099382 0.000634 0.100016 -0.000056 0.003000 -0.000690 0.003000 0.000406  -1   3  -1 
59389.929388 0.000000 0.000000 0.099489 0.003000 0.099382 0.000633 0.100015 0.000107 0.003000 -0.000526 0.003000 0.000406  -1   3  -1 
59389.952568 0.000000 0.000000 0.106983 0.003000 0.100156 0.000628 0.100784 0.006827 0.003000 0.006199 0.003000 0.000406  -1   0  -1 
59389.957794 0.000000 0.000000 0.095618 0.003000 0.100156 0.000627 0.100783 -0.004538 0.003000 -0.005165 0.003000 0.000406  -1   0  -1 
59389.966851 0.000000 0.000000 0.098922 0.003000 0.100156 0.000625 0.100781 -0.001234 0.003000 -0.001859 0.003000 0.000406  -1   0  -1 
59392.835547 0.000000 0.000000 0.103270 0.003000 0.104379 0.000656 0.105036 -0.001109 0.003000 -0.001766 0.003000 0.000406  -1   2  -1 
59392.843066 0.000000 0.000000 0.107402 0.003000 0.104379 0.000657 0.105037 0.003023 0.003000 0.002365 0.003000 0.000406  -1   2  -1 
59392.846825 0.000000 0.000000 0.105765 0.003000 0.104379 0.000658 0.105037 0.001386 0.003000 0.000728 0.003000 0.000406  -1   2  -1 
59393.111566 0.000000 0.000000 0.099647 0.003000 0.100156 0.000684 0.100840 -0.000509 0.003000 -0.001193 0.003000 0.000406  -1   0  -1 
59393.114447 0.000000 0.000000 0.093693 0.003000 0.100156 0.000684 0.100840 -0.006463 0.003000 -0.007147 0.003000 0.000406  -1   0  -1 
59393.123097 0.000000 0.000000 0.099247 0.003000 0.100156 0.000685 0.100841 -0.000909 0.003000 -0.001594 0.003000 0.000406  -1   0  -1 
59397.703574 0.000000 0.000000 0.104502 0.003000 0.104379 -0.000438 0.103941 0.000123 0.003000 0.000561 0.003000 0.000406  -1   2  -1 
59397.714844 0.000000 0.000000 0.099960 0.003000 0.104379 -0.000439 0.103941 -0.004419 0.003000 -0.003981 0.003000 0.000406  -1   2  -1 
59397.718600 0.000000 0.000000 0.105668 0.003000 0.104379 -0.000439 0.103941 0.001289 0.003000 0.001727 0.003000 0.000406  -1   2  -1 
59397.891478 0.000000 0.000000 0.102113 0.003000 0.100156 -0.000436 0.099720 0.001957 0.003000 0.002393 0.003000 0.000406  -1   0  -1 
59397.896665 0.000000 0.000000 0.097660 0.003000 0.100156 -0.000436 0.099720 -0.002496 0.003000 -0.002060 0.003000 0.000406  -1   0  -1 
59397.899199 0.000000 0.000000 0.100319 0.003000 0.100156 -0.000436 0.099720 0.000163 0.003000 0.000599 0.003000 0.000406  -1   0  -1 
59398.093478 0.000000 0.000000 0.099477 0.003000 0.099382 -0.000419 0.098962 0.000095 0.003000 0.000515 0.003000 0.000406  -1   3  -1 
59398.094558 0.000000 0.000000 0.099618 0.003000 0.099382 -0.000419 0.098963 0.000236 0.003000 0.000655 0.003000 0.000406  -1   3  -1 
59398.096718 0.000000 0.000000 0.099417 0.003000 0.099382 -0.000419 0.098963 0.000035 0.003000 0.000454 0.003000 0.000406  -1   3  -1 
59401.792180 0.000000 0.000000 0.104962 0.003000 0.104379 0.000896 0.105276 0.000583 0.003000 -0.000314 0.003000 0.000406  -1   2  -1 
59401.795940 0.000000 0.000000 0.106838 0.003000 0.104379 0.000896 0.105276 0.002459 0.003000 0.001562 0.003000 0.000406  -1   2  -1 
59401.799701 0.000000 0.000000 0.106225 0.003000 0.104379 0.000897 0.105276 0.001846 0.003000 0.000949 0.003000 0.000406  -1   2  -1 
59401.885991 0.000000 0.000000 0.093771 0.003000 0.100156 0.000899 0.101055 -0.006385 0.003000 -0.007284 0.003000 0.000406  -1   0  -1 
59401.888644 0.000000 0.000000 0.096344 0.003000 0.100156 0.000899 0.101056 -0.003812 0.003000 -0.004712 0.003000 0.000406  -1   0  -1 
59401.892602 0.000000 0.000000 0.100799 0.003000 0.100156 0.000900 0.101056 0.000643 0.003000 -0.000257 0.003000 0.000406  -1   0  -1 
59401.927059 0.000000 0.000000 0.105898 0.003000 0.102515 0.000900 0.103415 0.003383 0.003000 0.002483 0.003000 0.000406  -1   1  -1 
59401.927765 0.000000 0.000000 0.101286 0.003000 0.102515 0.000900 0.103415 -0.001229 0.003000 -0.002129 0.003000 0.000406  -1   1  -1 
59401.929177 0.000000 0.000000 0.102202 0.003000 0.102515 0.000900 0.103415 -0.000313 0.003000 -0.001213 0.003000 0.000406  -1   1  -1 
59401.992049 0.000000 0.000000 0.099318 0.003000 0.099382 0.000899 0.100281 -0.000064 0.003000 -0.000963 0.003000 0.000406  -1   3  -1 
59401.994207 0.000000 0.000000 0.098754 0.003000 0.099382 0.000899 0.100281 -0.000628 0.003000 -0.001527 0.003000 0.000406  -1   3  -1 
59401.995280 0.000000 0.000000 0.099114 0.003000 0.099382 0.000899 0.100281 -0.000268 0.003000 -0.001167 0.003000 0.000406  -1   3  -1 
59402.794210 0.000000 0.000000 0.104505 0.003000 0.104379 0.000779 0.105158 0.000126 0.003000 -0.000653 0.003000 0.000406  -1   2  -1 
59402.797974 0.000000 0.000000 0.104257 0.003000 0.104379 0.000778 0.105157 -0.000122 0.003000 -0.000900 0.003000 0.000406  -1   2  -1 
59402.801729 0.000000 0.000000 0.106549 0.003000 0.104379 0.000777 0.105156 0.002170 0.003000 0.001393 0.003000 0.000406  -1   2  -1 
59402.966503 0.000000 0.000000 0.102618 0.003000 0.102515 0.000730 0.103244 0.000103 0.003000 -0.000626 0.003000 0.000406  -1   1  -1 
59402.968621 0.000000 0.000000 0.101970 0.003000 0.102515 0.000729 0.103244 -0.000545 0.003000 -0.001274 0.003000 0.000406  -1   1  -1 
59402.969327 0.000000 0.000000 0.102790 0.003000 0.102515 0.000729 0.103244 0.000275 0.003000 -0.000454 0.003000 0.000406  -1   1  -1 
59402.970612 0.000000 0.000000 0.099365 0.003000 0.099382 0.000728 0.100110 -0.000017 0.003000 -0.000745 0.003000 0.000406  -1   3  -1 
59402.971692 0.000000 0.000000 0.099512 0.003000 0.099382 0.000728 0.100110 0.000130 0.003000 -0.000598 0.003000 0.000406  -1   3  -1 
59402.972765 0.000000 0.000000 0.099600 0.003000 0.099382 0.000728 0.100110 0.000218 0.003000 -0.000510 0.003000 0.000406  -1   3  -1 
59403.889282 0.000000 0.000000 0.099760 0.003000 0.102515 0.000399 0.102914 -0.002755 0.003000 -0.003154 0.003000 0.000406  -1   1  -1 
59403.890693 0.000000 0.000000 0.104580 0.003000 0.102515 0.000398 0.102913 0.002065 0.003000 0.001667 0.003000 0.000406  -1   1  -1 
59403.891398 0.000000 0.000000 0.103654 0.003000 0.102515 0.000398 0.102913 0.001139 0.003000 0.000741 0.003000 0.000406  -1   1  -1 
59403.992215 0.000000 0.000000 0.103068 0.003000 0.100156 0.000360 0.100516 0.002912 0.003000 0.002552 0.003000 0.000406  -1   0  -1 
59404.001960 0.000000 0.000000 0.098930 0.003000 0.100156 0.000356 0.100513 -0.001226 0.003000 -0.001583 0.003000 0.000406  -1   0  -1 
59404.004362 0.000000 0.000000 0.102090 0.003000 0.100156 0.000356 0.100512 0.001934 0.003000 0.001578 0.003000 0.000406  -1   0  -1 
59404.084675 0.000000 0.000000 0.099619 0.003000 0.099382 0.000326 0.099708 0.000237 0.003000 -0.000089 0.003000 0.000406  -1   3  -1 
59404.085749 0.000000 0.000000 0.099932 0.003000 0.099382 0.000325 0.099707 0.000550 0.003000 0.000225 0.003000 0.000406  -1   3  -1 
59404.086835 0.000000 0.000000 0.099330 0.003000 0.099382 0.000325 0.099707 -0.000052 0.003000 -0.000377 0.003000 0.000406  -1   3  -1 
59405.737353 0.000000 0.000000 0.107012 0.003000 0.104379 -0.000038 0.104342 0.002633 0.003000 0.002670 0.003000 0.000406  -1   2  -1 
59405.748644 0.000000 0.000000 0.106659 0.003000 0.104379 -0.000038 0.104341 0.002280 0.003000 0.002318 0.003000 0.000406  -1   2  -1 
59405.756176 0.000000 0.000000 0.105883 0.003000 0.104379 -0.000038 0.104341 0.001504 0.003000 0.001542 0.003000 0.000406  -1   2  -1 
59405.855588 0.000000 0.000000 0.101533 0.003000 0.102515 -0.000040 0.102475 -0.000982 0.003000 -0.000942 0.003000 0.000406  -1   1  -1 
59405.857000 0.000000 0.000000 0.103946 0.003000 0.102515 -0.000040 0.102475 0.001431 0.003000 0.001471 0.003000 0.000406  -1   1  -1 
59405.857706 0.000000 0.000000 0.102622 0.003000 0.102515 -0.000040 0.102475 0.000107 0.003000 0.000147 0.003000 0.000406  -1   1  -1 
59406.106963 0.000000 0.000000 0.099539 0.003000 0.099382 -0.000033 0.099348 0.000157 0.003000 0.000191 0.003000 0.000406  -1   3  -1 
59406.108044 0.000000 0.000000 0.099869 0.003000 0.099382 -0.000033 0.099348 0.000487 0.003000 0.000521 0.003000 0.000406  -1   3  -1 
59406.109128 0.000000 0.000000 0.099542 0.003000 0.099382 -0.000033 0.099348 0.000160 0.003000 0.000194 0.003000 0.000406  -1   3  -1 
59407.864238 0.000000 0.000000 0.104483 0.003000 0.102515 0.000206 0.102721 0.001968 0.003000 0.001762 0.003000 0.000406  -1   1  -1 
59407.866356 0.000000 0.000000 0.104646 0.003000 0.102515 0.000207 0.102722 0.002131 0.003000 0.001924 0.003000 0.000406  -1   1  -1 
59407.867063 0.000000 0.000000 0.104491 0.003000 0.102515 0.000207 0.102722 0.001976 0.003000 0.001769 0.003000 0.000406  -1   1  -1 
59408.161045 0.000000 0.000000 0.098542 0.003000 0.100156 0.000237 0.100393 -0.001614 0.003000 -0.001851 0.003000 0.000406  -1   0  -1 
59408.163430 0.000000 0.000000 0.097329 0.003000 0.100156 0.000237 0.100393 -0.002827 0.003000 -0.003064 0.003000 0.000406  -1   0  -1 
59408.165807 0.000000 0.000000 0.095947 0.003000 0.100156 0.000237 0.100393 -0.004209 0.003000 -0.004446 0.003000 0.000406  -1   0  -1 
59411.082909 0.000000 0.000000 0.099704 0.003000 0.099382 -0.000095 0.099287 0.000322 0.003000 0.000417 0.003000 0.000406  -1   3  -1 
59411.083984 0.000000 0.000000 0.099474 0.003000 0.099382 -0.000095 0.099287 0.000092 0.003000 0.000187 0.003000 0.000406  -1   3  -1 
59411.085060 0.000000 0.000000 0.099646 0.003000 0.099382 -0.000095 0.099286 0.000264 0.003000 0.000360 0.003000 0.000406  -1   3  -1 
59411.109436 0.000000 0.000000 0.101066 0.003000 0.100156 -0.000098 0.100058 0.000910 0.003000 0.001008 0.003000 0.000406  -1   0  -1 
59411.114634 0.000000 0.000000 0.103082 0.003000 0.100156 -0.000099 0.100057 0.002926 0.003000 0.003025 0.003000 0.000406  -1   0  -1 
59411.121738 0.000000 0.000000 0.097714 0.003000 0.100156 -0.000100 0.100056 -0.002442 0.003000 -0.002342 0.003000 0.000406  -1   0  -1 
59418.956092 0.000000 0.000000 0.101127 0.003000 0.100156 0.000273 0.100429 0.000971 0.003000 0.000698 0.003000 0.000406  -1   0  -1 
59418.958787 0.000000 0.000000 0.098699 0.003000 0.100156 0.000272 0.100428 -0.001457 0.003000 -0.001729 0.003000 0.000406  -1   0  -1 
59418.965560 0.000000 0.000000 0.096518 0.003000 0.100156 0.000271 0.100427 -0.003638 0.003000 -0.003909 0.003000 0.000406  -1   0  -1 
59418.981323 0.000000 0.000000 0.099816 0.003000 0.099382 0.000269 0.099651 0.000434 0.003000 0.000165 0.003000 0.000406  -1   3  -1 
59418.982407 0.000000 0.000000 0.100076 0.003000 0.099382 0.000269 0.099650 0.000694 0.003000 0.000426 0.003000 0.000406  -1   3  -1 
59418.983485 0.000000 0.000000 0.100051 0.003000 0.099382 0.000268 0.099650 0.000669 0.003000 0.000401 0.003000 0.000406  -1   3  -1 
59419.756507 0.000000 0.000000 0.105216 0.003000 0.104379 0.000240 0.104620 0.000837 0.003000 0.000596 0.003000 0.000406  -1   2  -1 
59419.775306 0.000000 0.000000 0.099043 0.003000 0.104379 0.000242 0.104621 -0.005336 0.003000 -0.005578 0.003000 0.000406  -1   2  -1 
59419.779068 0.000000 0.000000 0.099601 0.003000 0.104379 0.000242 0.104622 -0.004778 0.003000 -0.005021 0.003000 0.000406  -1   2  -1 
59419.947893 0.000000 0.000000 0.102236 0.003000 0.100156 0.000262 0.100418 0.002080 0.003000 0.001818 0.003000 0.000406  -1   0  -1 
59419.986504 0.000000 0.000000 0.101970 0.003000 0.100156 0.000267 0.100423 0.001814 0.003000 0.001547 0.003000 0.000406  -1   0  -1 
59419.990052 0.000000 0.000000 0.099754 0.003000 0.100156 0.000268 0.100424 -0.000402 0.003000 -0.000670 0.003000 0.000406  -1   0  -1 
59420.037408 0.000000 0.000000 0.099672 0.003000 0.099382 0.000275 0.099657 0.000290 0.003000 0.000015 0.003000 0.000406  -1   3  -1 
59420.038492 0.000000 0.000000 0.099144 0.003000 0.099382 0.000275 0.099657 -0.000238 0.003000 -0.000513 0.003000 0.000406  -1   3  -1 
59420.040662 0.000000 0.000000 0.099343 0.003000 0.099382 0.000276 0.099657 -0.000039 0.003000 -0.000314 0.003000 0.000406  -1   3  -1 
59420.700637 0.000000 0.000000 0.105957 0.003000 0.104379 0.000435 0.104814 0.001578 0.003000 0.001143 0.003000 0.000406  -1   2  -1 
59420.708153 0.000000 0.000000 0.100975 0.003000 0.104379 0.000437 0.104816 -0.003404 0.003000 -0.003841 0.003000 0.000406  -1   2  -1 
59420.715676 0.000000 0.000000 0.102042 0.003000 0.104379 0.000439 0.104819 -0.002337 0.003000 -0.002777 0.003000 0.000406  -1   2  -1 
59420.873617 0.000000 0.000000 0.104443 0.003000 0.102515 0.000489 0.103003 0.001928 0.003000 0.001440 0.003000 0.000406  -1   1  -1 
59420.874323 0.000000 0.000000 0.103982 0.003000 0.102515 0.000489 0.103004 0.001467 0.003000 0.000978 0.003000 0.000406  -1   1  -1 
59420.875735 0.000000 0.000000 0.101317 0.003000 0.102515 0.000489 0.103004 -0.001198 0.003000 -0.001687 0.003000 0.000406  -1   1  -1 
59420.988150 0.000000 0.000000 0.099422 0.003000 0.099382 0.000526 0.099908 0.000040 0.003000 -0.000486 0.003000 0.000406  -1   3  -1 
59420.990293 0.000000 0.000000 0.099838 0.003000 0.099382 0.000527 0.099908 0.000456 0.003000 -0.000070 0.003000 0.000406  -1   3  -1 
59420.991383 0.000000 0.000000 0.099590 0.003000 0.099382 0.000527 0.099909 0.000208 0.003000 -0.000319 0.003000 0.000406  -1   3  -1 
59421.112099 0.000000 0.000000 0.100722 0.003000 0.100156 0.000567 0.100723 0.000566 0.003000 -0.000001 0.003000 0.000406  -1   0  -1 
59421.130285 0.000000 0.000000 0.096654 0.003000 0.100156 0.000573 0.100729 -0.003502 0.003000 -0.004075 0.003000 0.000406  -1   0  -1 
59421.136709 0.000000 0.000000 0.099569 0.003000 0.100156 0.000575 0.100731 -0.000587 0.003000 -0.001162 0.003000 0.000406  -1   0  -1 
59422.687448 0.000000 0.000000 0.106448 0.003000 0.104379 0.000937 0.105316 0.002069 0.003000 0.001132 0.003000 0.000406  -1   2  -1 
59422.694983 0.000000 0.000000 0.105967 0.003000 0.104379 0.000937 0.105316 0.001588 0.003000 0.000651 0.003000 0.000406  -1   2  -1 
59422.702516 0.000000 0.000000 0.106021 0.003000 0.104379 0.000937 0.105317 0.001642 0.003000 0.000704 0.003000 0.000406  -1   2  -1 
59422.871553 0.000000 0.000000 0.104434 0.003000 0.102515 0.000938 0.103452 0.001919 0.003000 0.000982 0.003000 0.000406  -1   1  -1 
59422.873670 0.000000 0.000000 0.105623 0.003000 0.102515 0.000938 0.103452 0.003108 0.003000 0.002171 0.003000 0.000406  -1   1  -1 
59422.874376 0.000000 0.000000 0.105800 0.003000 0.102515 0.000938 0.103452 0.003285 0.003000 0.002348 0.003000 0.000406  -1   1  -1 
59423.678423 0.000000 0.000000 0.096973 0.003000 0.104379 0.000800 0.105179 -0.007406 0.003000 -0.008206 0.003000 0.000406  -1   2  -1 
59423.685999 0.000000 0.000000 0.105584 0.003000 0.104379 0.000798 0.105177 0.001205 0.003000 0.000407 0.003000 0.000406  -1   2  -1 
59423.689751 0.000000 0.000000 0.106255 0.003000 0.104379 0.000796 0.105176 0.001876 0.003000 0.001079 0.003000 0.000406  -1   2  -1 
