# time model 
59325.801227 -3.430011 
59325.833009 -3.398715 
59325.864791 -3.366754 
59325.896573 -3.334146 
59325.928355 -3.300910 
59325.960137 -3.267064 
59325.991919 -3.232628 
59326.023701 -3.197619 
59326.055483 -3.162057 
59326.087265 -3.125963 
59326.119047 -3.089354 
59326.150829 -3.052252 
59326.182611 -3.014677 
59326.214393 -2.976647 
59326.246175 -2.938185 
59326.277957 -2.899310 
59326.309739 -2.860042 
59326.341521 -2.820403 
59326.373303 -2.780413 
59326.405085 -2.740093 
59326.436867 -2.699464 
59326.468649 -2.658546 
59326.500431 -2.617361 
59326.532213 -2.575928 
59326.563995 -2.534270 
59326.595777 -2.492406 
59326.627559 -2.450358 
59326.659341 -2.408146 
59326.691123 -2.365790 
59326.722905 -2.323312 
59326.754687 -2.280731 
59326.786469 -2.238068 
59326.818251 -2.195343 
59326.850033 -2.152576 
59326.881815 -2.109786 
59326.913597 -2.066994 
59326.945379 -2.024218 
59326.977161 -1.981478 
59327.008943 -1.938792 
59327.040725 -1.896180 
59327.072507 -1.853660 
59327.104289 -1.811250 
59327.136071 -1.768969 
59327.167853 -1.726832 
59327.199635 -1.684859 
59327.231417 -1.643066 
59327.263199 -1.601470 
59327.294981 -1.560087 
59327.326763 -1.518933 
59327.358545 -1.478024 
59327.390327 -1.437376 
59327.422109 -1.397002 
59327.453891 -1.356919 
59327.485673 -1.317139 
59327.517455 -1.277677 
59327.549237 -1.238546 
59327.581019 -1.199760 
59327.612801 -1.161330 
59327.644583 -1.123268 
59327.676365 -1.085587 
59327.708147 -1.048298 
59327.739929 -1.011411 
59327.771711 -0.974937 
59327.803493 -0.938885 
59327.835275 -0.903265 
59327.867057 -0.868087 
59327.898839 -0.833357 
59327.930621 -0.799085 
59327.962402 -0.765278 
59327.994184 -0.731942 
59328.025966 -0.699085 
59328.057748 -0.666712 
59328.089530 -0.634830 
59328.121312 -0.603442 
59328.153094 -0.572554 
59328.184876 -0.542169 
59328.216658 -0.512292 
59328.248440 -0.482925 
59328.280222 -0.454071 
59328.312004 -0.425732 
59328.343786 -0.397910 
59328.375568 -0.370605 
59328.407350 -0.343820 
59328.439132 -0.317552 
59328.470914 -0.291804 
59328.502696 -0.266572 
59328.534478 -0.241858 
59328.566260 -0.217657 
59328.598042 -0.193970 
59328.629824 -0.170792 
59328.661606 -0.148121 
59328.693388 -0.125953 
59328.725170 -0.104285 
59328.756952 -0.083112 
59328.788734 -0.062429 
59328.820516 -0.042230 
59328.852298 -0.022511 
59328.884080 -0.003266 
59328.915862 0.015513 
59328.947644 0.033832 
59328.979426 0.051698 
59329.011208 0.069119 
59329.042990 0.086103 
59329.074772 0.102657 
59329.106554 0.118791 
59329.138336 0.134513 
59329.170118 0.149834 
59329.201900 0.164761 
59329.233682 0.179306 
59329.265464 0.193478 
59329.297246 0.207288 
59329.329028 0.220746 
59329.360810 0.233864 
59329.392592 0.246652 
59329.424374 0.259122 
59329.456156 0.271286 
59329.487938 0.283155 
59329.519720 0.294742 
59329.551502 0.306058 
59329.583284 0.317116 
59329.615066 0.327929 
59329.646848 0.338509 
59329.678630 0.348870 
59329.710412 0.359023 
59329.742194 0.368982 
59329.773976 0.378760 
59329.805758 0.388370 
59329.837540 0.397826 
59329.869322 0.407140 
59329.901104 0.416327 
59329.932886 0.425398 
59329.964668 0.434369 
59329.996450 0.443252 
59330.028232 0.452060 
59330.060014 0.460806 
59330.091796 0.469505 
59330.123578 0.478169 
59330.155360 0.486811 
59330.187142 0.495445 
59330.218924 0.504083 
59330.250706 0.512738 
59330.282488 0.521422 
59330.314270 0.530150 
59330.346052 0.538932 
59330.377834 0.547782 
59330.409616 0.556710 
59330.441398 0.565730 
59330.473180 0.574853 
59330.504962 0.584091 
59330.536744 0.593455 
59330.568526 0.602955 
59330.600308 0.612604 
59330.632090 0.622411 
59330.663871 0.632386 
59330.695653 0.642541 
59330.727435 0.652885 
59330.759217 0.663427 
59330.790999 0.674176 
59330.822781 0.685142 
59330.854563 0.696333 
59330.886345 0.707757 
59330.918127 0.719423 
59330.949909 0.731337 
59330.981691 0.743508 
59331.013473 0.755943 
59331.045255 0.768646 
59331.077037 0.781626 
59331.108819 0.794888 
59331.140601 0.808437 
59331.172383 0.822278 
59331.204165 0.836416 
59331.235947 0.850855 
59331.267729 0.865599 
59331.299511 0.880652 
59331.331293 0.896017 
59331.363075 0.911696 
59331.394857 0.927691 
59331.426639 0.944005 
59331.458421 0.960638 
59331.490203 0.977592 
59331.521985 0.994868 
59331.553767 1.012465 
59331.585549 1.030383 
59331.617331 1.048621 
59331.649113 1.067179 
59331.680895 1.086055 
59331.712677 1.105246 
59331.744459 1.124751 
59331.776241 1.144566 
59331.808023 1.164688 
59331.839805 1.185114 
59331.871587 1.205840 
59331.903369 1.226860 
59331.935151 1.248171 
59331.966933 1.269766 
59331.998715 1.291640 
59332.030497 1.313788 
59332.062279 1.336201 
59332.094061 1.358875 
59332.125843 1.381800 
59332.157625 1.404970 
59332.189407 1.428377 
59332.221189 1.452012 
59332.252971 1.475866 
59332.284753 1.499931 
59332.316535 1.524196 
59332.348317 1.548653 
59332.380099 1.573291 
59332.411881 1.598099 
59332.443663 1.623067 
59332.475445 1.648184 
59332.507227 1.673439 
59332.539009 1.698820 
59332.570791 1.724314 
59332.602573 1.749911 
59332.634355 1.775597 
59332.666137 1.801360 
59332.697919 1.827187 
59332.729701 1.853065 
59332.761483 1.878980 
59332.793265 1.904920 
59332.825047 1.930870 
59332.856829 1.956817 
59332.888611 1.982746 
59332.920393 2.008643 
59332.952175 2.034495 
59332.983957 2.060286 
59333.015739 2.086002 
59333.047521 2.111629 
59333.079303 2.137151 
59333.111085 2.162554 
59333.142867 2.187823 
59333.174649 2.212943 
59333.206431 2.237899 
59333.238213 2.262675 
59333.269995 2.287258 
59333.301777 2.311632 
59333.333559 2.335781 
59333.365340 2.359691 
59333.397122 2.383348 
59333.428904 2.406735 
59333.460686 2.429839 
59333.492468 2.452644 
59333.524250 2.475136 
59333.556032 2.497300 
59333.587814 2.519123 
59333.619596 2.540588 
59333.651378 2.561684 
59333.683160 2.582395 
59333.714942 2.602707 
59333.746724 2.622607 
59333.778506 2.642082 
59333.810288 2.661119 
59333.842070 2.679703 
59333.873852 2.697823 
59333.905634 2.715466 
59333.937416 2.732620 
59333.969198 2.749273 
59334.000980 2.765412 
59334.032762 2.781027 
59334.064544 2.796106 
59334.096326 2.810639 
59334.128108 2.824614 
59334.159890 2.838023 
59334.191672 2.850854 
59334.223454 2.863099 
59334.255236 2.874748 
59334.287018 2.885792 
59334.318800 2.896224 
59334.350582 2.906035 
59334.382364 2.915217 
59334.414146 2.923763 
59334.445928 2.931667 
59334.477710 2.938922 
59334.509492 2.945522 
59334.541274 2.951462 
59334.573056 2.956736 
59334.604838 2.961340 
59334.636620 2.965270 
59334.668402 2.968522 
59334.700184 2.971092 
59334.731966 2.972978 
59334.763748 2.974178 
59334.795530 2.974689 
59334.827312 2.974510 
59334.859094 2.973640 
59334.890876 2.972080 
59334.922658 2.969828 
59334.954440 2.966886 
59334.986222 2.963254 
59335.018004 2.958933 
59335.049786 2.953927 
59335.081568 2.948237 
59335.113350 2.941867 
59335.145132 2.934819 
59335.176914 2.927098 
59335.208696 2.918708 
59335.240478 2.909654 
59335.272260 2.899942 
59335.304042 2.889578 
59335.335824 2.878567 
59335.367606 2.866916 
59335.399388 2.854634 
59335.431170 2.841727 
59335.462952 2.828204 
59335.494734 2.814074 
59335.526516 2.799346 
59335.558298 2.784029 
59335.590080 2.768134 
59335.621862 2.751671 
59335.653644 2.734651 
59335.685426 2.717085 
59335.717208 2.698985 
59335.748990 2.680363 
59335.780772 2.661232 
59335.812554 2.641605 
59335.844336 2.621495 
59335.876118 2.600916 
59335.907900 2.579882 
59335.939682 2.558407 
59335.971464 2.536506 
59336.003246 2.514195 
59336.035028 2.491488 
59336.066809 2.468402 
59336.098591 2.444953 
59336.130373 2.421157 
59336.162155 2.397030 
59336.193937 2.372590 
59336.225719 2.347854 
59336.257501 2.322838 
59336.289283 2.297562 
59336.321065 2.272043 
59336.352847 2.246298 
59336.384629 2.220347 
59336.416411 2.194207 
59336.448193 2.167897 
59336.479975 2.141437 
59336.511757 2.114844 
59336.543539 2.088139 
59336.575321 2.061339 
59336.607103 2.034466 
59336.638885 2.007537 
59336.670667 1.980572 
59336.702449 1.953591 
59336.734231 1.926614 
59336.766013 1.899659 
59336.797795 1.872747 
59336.829577 1.845897 
59336.861359 1.819128 
59336.893141 1.792461 
59336.924923 1.765914 
59336.956705 1.739507 
59336.988487 1.713259 
59337.020269 1.687190 
59337.052051 1.661318 
59337.083833 1.635664 
59337.115615 1.610245 
59337.147397 1.585080 
59337.179179 1.560188 
59337.210961 1.535588 
59337.242743 1.511297 
59337.274525 1.487334 
59337.306307 1.463717 
59337.338089 1.440462 
59337.369871 1.417588 
59337.401653 1.395110 
59337.433435 1.373048 
59337.465217 1.351415 
59337.496999 1.330230 
59337.528781 1.309507 
59337.560563 1.289263 
59337.592345 1.269512 
59337.624127 1.250269 
59337.655909 1.231550 
59337.687691 1.213368 
59337.719473 1.195736 
59337.751255 1.178669 
59337.783037 1.162179 
59337.814819 1.146279 
59337.846601 1.130981 
59337.878383 1.116296 
59337.910165 1.102237 
59337.941947 1.088813 
59337.973729 1.076035 
59338.005511 1.063913 
59338.037293 1.052457 
59338.069075 1.041675 
59338.100857 1.031576 
59338.132639 1.022167 
59338.164421 1.013457 
59338.196203 1.005451 
59338.227985 0.998157 
59338.259767 0.991580 
59338.291549 0.985725 
59338.323331 0.980598 
59338.355113 0.976203 
59338.386895 0.972543 
59338.418677 0.969622 
59338.450459 0.967442 
59338.482241 0.966005 
59338.514023 0.965312 
59338.545805 0.965366 
59338.577587 0.966166 
59338.609369 0.967711 
59338.641151 0.970002 
59338.672933 0.973038 
59338.704715 0.976815 
59338.736497 0.981332 
59338.768278 0.986586 
59338.800060 0.992574 
59338.831842 0.999291 
59338.863624 1.006732 
59338.895406 1.014894 
59338.927188 1.023769 
59338.958970 1.033352 
59338.990752 1.043636 
59339.022534 1.054614 
59339.054316 1.066278 
59339.086098 1.078620 
59339.117880 1.091630 
59339.149662 1.105299 
59339.181444 1.119618 
59339.213226 1.134576 
59339.245008 1.150163 
59339.276790 1.166366 
59339.308572 1.183175 
59339.340354 1.200577 
59339.372136 1.218559 
59339.403918 1.237108 
59339.435700 1.256210 
59339.467482 1.275852 
59339.499264 1.296020 
59339.531046 1.316697 
59339.562828 1.337870 
59339.594610 1.359522 
59339.626392 1.381637 
59339.658174 1.404200 
59339.689956 1.427193 
59339.721738 1.450599 
59339.753520 1.474402 
59339.785302 1.498583 
59339.817084 1.523125 
59339.848866 1.548009 
59339.880648 1.573217 
59339.912430 1.598731 
59339.944212 1.624530 
59339.975994 1.650597 
59340.007776 1.676912 
59340.039558 1.703454 
59340.071340 1.730205 
59340.103122 1.757145 
59340.134904 1.784253 
59340.166686 1.811509 
59340.198468 1.838893 
59340.230250 1.866384 
59340.262032 1.893963 
59340.293814 1.921608 
59340.325596 1.949299 
59340.357378 1.977015 
59340.389160 2.004735 
59340.420942 2.032440 
59340.452724 2.060108 
59340.484506 2.087718 
59340.516288 2.115250 
59340.548070 2.142684 
59340.579852 2.169999 
59340.611634 2.197175 
59340.643416 2.224191 
59340.675198 2.251028 
59340.706980 2.277665 
59340.738762 2.304083 
59340.770544 2.330262 
59340.802326 2.356183 
59340.834108 2.381826 
59340.865890 2.407172 
59340.897672 2.432203 
59340.929454 2.456901 
59340.961236 2.481246 
59340.993018 2.505221 
59341.024800 2.528808 
59341.056582 2.551991 
59341.088364 2.574751 
59341.120146 2.597073 
59341.151928 2.618940 
59341.183710 2.640336 
59341.215492 2.661245 
59341.247274 2.681653 
59341.279056 2.701544 
59341.310838 2.720905 
59341.342620 2.739721 
59341.374402 2.757978 
59341.406184 2.775665 
59341.437965 2.792768 
59341.469747 2.809276 
59341.501529 2.825176 
59341.533311 2.840458 
59341.565093 2.855111 
59341.596875 2.869125 
59341.628657 2.882491 
59341.660439 2.895200 
59341.692221 2.907243 
59341.724003 2.918613 
59341.755785 2.929301 
59341.787567 2.939302 
59341.819349 2.948610 
59341.851131 2.957218 
59341.882913 2.965122 
59341.914695 2.972317 
59341.946477 2.978800 
59341.978259 2.984567 
59342.010041 2.989616 
59342.041823 2.993945 
59342.073605 2.997553 
59342.105387 3.000438 
59342.137169 3.002602 
59342.168951 3.004043 
59342.200733 3.004763 
59342.232515 3.004765 
59342.264297 3.004050 
59342.296079 3.002622 
59342.327861 3.000484 
59342.359643 2.997640 
59342.391425 2.994096 
59342.423207 2.989856 
59342.454989 2.984927 
59342.486771 2.979316 
59342.518553 2.973029 
59342.550335 2.966076 
59342.582117 2.958464 
59342.613899 2.950202 
59342.645681 2.941300 
59342.677463 2.931769 
59342.709245 2.921620 
59342.741027 2.910863 
59342.772809 2.899511 
59342.804591 2.887577 
59342.836373 2.875073 
59342.868155 2.862013 
59342.899937 2.848412 
59342.931719 2.834285 
59342.963501 2.819645 
59342.995283 2.804510 
59343.027065 2.788896 
59343.058847 2.772818 
59343.090629 2.756295 
59343.122411 2.739344 
59343.154193 2.721983 
59343.185975 2.704231 
59343.217757 2.686106 
59343.249539 2.667629 
59343.281321 2.648818 
59343.313103 2.629694 
59343.344885 2.610277 
59343.376667 2.590588 
59343.408449 2.570649 
59343.440231 2.550480 
59343.472013 2.530105 
59343.503795 2.509544 
59343.535577 2.488820 
59343.567359 2.467956 
59343.599141 2.446975 
59343.630923 2.425900 
59343.662705 2.404754 
59343.694487 2.383560 
59343.726269 2.362343 
59343.758051 2.341126 
59343.789833 2.319933 
59343.821615 2.298789 
59343.853397 2.277717 
59343.885179 2.256742 
59343.916961 2.235888 
59343.948743 2.215179 
59343.980525 2.194641 
59344.012307 2.174297 
59344.044089 2.154172 
59344.075871 2.134290 
59344.107653 2.114676 
59344.139434 2.095354 
59344.171216 2.076349 
59344.202998 2.057684 
59344.234780 2.039383 
59344.266562 2.021471 
59344.298344 2.003971 
59344.330126 1.986907 
59344.361908 1.970302 
59344.393690 1.954179 
59344.425472 1.938562 
59344.457254 1.923473 
59344.489036 1.908934 
59344.520818 1.894968 
59344.552600 1.881596 
59344.584382 1.868841 
59344.616164 1.856722 
59344.647946 1.845263 
59344.679728 1.834482 
59344.711510 1.824399 
59344.743292 1.815036 
59344.775074 1.806411 
59344.806856 1.798542 
59344.838638 1.791449 
59344.870420 1.785150 
59344.902202 1.779661 
59344.933984 1.775000 
59344.965766 1.771184 
59344.997548 1.768229 
59345.029330 1.766150 
59345.061112 1.764962 
59345.092894 1.764679 
59345.124676 1.765315 
59345.156458 1.766885 
59345.188240 1.769399 
59345.220022 1.772871 
59345.251804 1.777311 
59345.283586 1.782731 
59345.315368 1.789141 
59345.347150 1.796550 
59345.378932 1.804967 
59345.410714 1.814401 
59345.442496 1.824859 
59345.474278 1.836347 
59345.506060 1.848873 
59345.537842 1.862441 
59345.569624 1.877056 
59345.601406 1.892723 
59345.633188 1.909445 
59345.664970 1.927224 
59345.696752 1.946063 
59345.728534 1.965963 
59345.760316 1.986923 
59345.792098 2.008945 
59345.823880 2.032027 
59345.855662 2.056167 
59345.887444 2.081363 
59345.919226 2.107612 
59345.951008 2.134909 
59345.982790 2.163251 
59346.014572 2.192632 
59346.046354 2.223046 
59346.078136 2.254485 
59346.109918 2.286943 
59346.141700 2.320412 
59346.173482 2.354881 
59346.205264 2.390342 
59346.237046 2.426783 
59346.268828 2.464195 
59346.300610 2.502564 
59346.332392 2.541879 
59346.364174 2.582127 
59346.395956 2.623292 
59346.427738 2.665362 
59346.459520 2.708319 
59346.491302 2.752149 
59346.523084 2.796836 
59346.554866 2.842361 
59346.586648 2.888707 
59346.618430 2.935855 
59346.650212 2.983787 
59346.681994 3.032482 
59346.713776 3.081921 
59346.745558 3.132083 
59346.777340 3.182946 
59346.809122 3.234488 
59346.840903 3.286687 
59346.872685 3.339520 
59346.904467 3.392964 
59346.936249 3.446994 
59346.968031 3.501585 
59346.999813 3.556714 
59347.031595 3.612355 
59347.063377 3.668481 
59347.095159 3.725067 
59347.126941 3.782086 
59347.158723 3.839512 
59347.190505 3.897316 
59347.222287 3.955471 
59347.254069 4.013949 
59347.285851 4.072722 
59347.317633 4.131761 
59347.349415 4.191037 
59347.381197 4.250522 
59347.412979 4.310185 
59347.444761 4.369998 
59347.476543 4.429930 
59347.508325 4.489952 
59347.540107 4.550034 
59347.571889 4.610144 
59347.603671 4.670254 
59347.635453 4.730333 
59347.667235 4.790349 
59347.699017 4.850274 
59347.730799 4.910075 
59347.762581 4.969722 
59347.794363 5.029186 
59347.826145 5.088435 
59347.857927 5.147439 
59347.889709 5.206168 
59347.921491 5.264590 
59347.953273 5.322677 
59347.985055 5.380398 
59348.016837 5.437722 
59348.048619 5.494621 
59348.080401 5.551065 
59348.112183 5.607025 
59348.143965 5.662470 
59348.175747 5.717374 
59348.207529 5.771706 
59348.239311 5.825439 
59348.271093 5.878545 
59348.302875 5.930997 
59348.334657 5.982766 
59348.366439 6.033827 
59348.398221 6.084152 
59348.430003 6.133716 
59348.461785 6.182493 
59348.493567 6.230457 
59348.525349 6.277585 
59348.557131 6.323852 
59348.588913 6.369233 
59348.620695 6.413707 
59348.652477 6.457249 
59348.684259 6.499839 
59348.716041 6.541453 
59348.747823 6.582073 
59348.779605 6.621676 
59348.811387 6.660243 
59348.843169 6.697755 
59348.874951 6.734194 
59348.906733 6.769541 
59348.938515 6.803779 
59348.970297 6.836892 
59349.002079 6.868864 
59349.033861 6.899679 
59349.065643 6.929323 
59349.097425 6.957782 
59349.129207 6.985044 
59349.160989 7.011096 
59349.192771 7.035926 
59349.224553 7.059524 
59349.256335 7.081879 
59349.288117 7.102982 
59349.319899 7.122826 
59349.351681 7.141401 
59349.383463 7.158702 
59349.415245 7.174722 
59349.447027 7.189455 
59349.478809 7.202898 
59349.510591 7.215047 
59349.542372 7.225898 
59349.574154 7.235449 
59349.605936 7.243700 
59349.637718 7.250650 
59349.669500 7.256300 
59349.701282 7.260649 
59349.733064 7.263702 
59349.764846 7.265459 
59349.796628 7.265926 
59349.828410 7.265106 
59349.860192 7.263005 
59349.891974 7.259629 
59349.923756 7.254985 
59349.955538 7.249080 
59349.987320 7.241924 
59350.019102 7.233524 
59350.050884 7.223892 
59350.082666 7.213038 
59350.114448 7.200974 
59350.146230 7.187713 
59350.178012 7.173267 
59350.209794 7.157650 
59350.241576 7.140878 
59350.273358 7.122965 
59350.305140 7.103927 
59350.336922 7.083782 
59350.368704 7.062547 
59350.400486 7.040240 
59350.432268 7.016880 
59350.464050 6.992487 
59350.495832 6.967081 
59350.527614 6.940682 
59350.559396 6.913313 
59350.591178 6.884995 
59350.622960 6.855751 
59350.654742 6.825604 
59350.686524 6.794578 
59350.718306 6.762698 
59350.750088 6.729988 
59350.781870 6.696474 
59350.813652 6.662182 
59350.845434 6.627138 
59350.877216 6.591370 
59350.908998 6.554903 
59350.940780 6.517768 
59350.972562 6.479990 
59351.004344 6.441600 
59351.036126 6.402626 
59351.067908 6.363097 
59351.099690 6.323044 
59351.131472 6.282495 
59351.163254 6.241482 
59351.195036 6.200034 
59351.226818 6.158184 
59351.258600 6.115961 
59351.290382 6.073396 
59351.322164 6.030523 
59351.353946 5.987371 
59351.385728 5.943973 
59351.417510 5.900361 
59351.449292 5.856567 
59351.481074 5.812622 
59351.512856 5.768559 
59351.544638 5.724411 
59351.576420 5.680209 
59351.608202 5.635986 
59351.639984 5.591774 
59351.671766 5.547605 
59351.703548 5.503511 
59351.735330 5.459525 
59351.767112 5.415678 
59351.798894 5.372002 
59351.830676 5.328529 
59351.862458 5.285290 
59351.894240 5.242317 
59351.926022 5.199640 
59351.957804 5.157291 
59351.989586 5.115300 
59352.021368 5.073698 
59352.053150 5.032515 
59352.084932 4.991780 
59352.116714 4.951523 
59352.148496 4.911773 
59352.180278 4.872558 
59352.212060 4.833908 
59352.243841 4.795849 
59352.275623 4.758411 
59352.307405 4.721618 
59352.339187 4.685499 
59352.370969 4.650079 
59352.402751 4.615384 
59352.434533 4.581439 
59352.466315 4.548269 
59352.498097 4.515897 
59352.529879 4.484348 
59352.561661 4.453643 
59352.593443 4.423807 
59352.625225 4.394860 
59352.657007 4.366823 
59352.688789 4.339717 
59352.720571 4.313562 
59352.752353 4.288376 
59352.784135 4.264180 
59352.815917 4.240990 
59352.847699 4.218823 
59352.879481 4.197697 
59352.911263 4.177626 
59352.943045 4.158626 
59352.974827 4.140712 
59353.006609 4.123896 
59353.038391 4.108193 
59353.070173 4.093613 
59353.101955 4.080168 
59353.133737 4.067868 
59353.165519 4.056725 
59353.197301 4.046745 
59353.229083 4.037939 
59353.260865 4.030312 
59353.292647 4.023873 
59353.324429 4.018626 
59353.356211 4.014578 
59353.387993 4.011731 
59353.419775 4.010090 
59353.451557 4.009657 
59353.483339 4.010434 
59353.515121 4.012422 
59353.546903 4.015622 
59353.578685 4.020033 
59353.610467 4.025653 
59353.642249 4.032481 
59353.674031 4.040514 
59353.705813 4.049747 
59353.737595 4.060177 
59353.769377 4.071798 
59353.801159 4.084604 
59353.832941 4.098588 
59353.864723 4.113743 
59353.896505 4.130061 
59353.928287 4.147532 
59353.960069 4.166146 
59353.991851 4.185893 
59354.023633 4.206762 
59354.055415 4.228740 
59354.087197 4.251815 
59354.118979 4.275974 
59354.150761 4.301202 
59354.182543 4.327485 
59354.214325 4.354807 
59354.246107 4.383152 
59354.277889 4.412504 
59354.309671 4.442844 
59354.341453 4.474156 
59354.373235 4.506420 
59354.405017 4.539617 
59354.436799 4.573728 
59354.468581 4.608733 
59354.500363 4.644609 
59354.532145 4.681337 
59354.563927 4.718894 
59354.595709 4.757258 
59354.627491 4.796406 
59354.659273 4.836315 
59354.691055 4.876961 
59354.722837 4.918320 
59354.754619 4.960366 
59354.786401 5.003076 
59354.818183 5.046424 
59354.849965 5.090384 
59354.881747 5.134930 
59354.913529 5.180036 
59354.945310 5.225675 
59354.977092 5.271820 
59355.008874 5.318443 
59355.040656 5.365518 
59355.072438 5.413017 
59355.104220 5.460912 
59355.136002 5.509174 
59355.167784 5.557776 
59355.199566 5.606690 
59355.231348 5.655885 
59355.263130 5.705335 
59355.294912 5.755010 
59355.326694 5.804881 
59355.358476 5.854921 
59355.390258 5.905099 
59355.422040 5.955387 
59355.453822 6.005756 
59355.485604 6.056178 
59355.517386 6.106624 
59355.549168 6.157064 
59355.580950 6.207471 
59355.612732 6.257816 
59355.644514 6.308070 
59355.676296 6.358206 
59355.708078 6.408195 
59355.739860 6.458010 
59355.771642 6.507623 
59355.803424 6.557006 
59355.835206 6.606133 
59355.866988 6.654977 
59355.898770 6.703510 
59355.930552 6.751707 
59355.962334 6.799542 
59355.994116 6.846988 
59356.025898 6.894021 
59356.057680 6.940616 
59356.089462 6.986748 
59356.121244 7.032392 
59356.153026 7.077526 
59356.184808 7.122126 
59356.216590 7.166168 
59356.248372 7.209631 
59356.280154 7.252492 
59356.311936 7.294730 
59356.343718 7.336324 
59356.375500 7.377253 
59356.407282 7.417498 
59356.439064 7.457038 
59356.470846 7.495856 
59356.502628 7.533932 
59356.534410 7.571249 
59356.566192 7.607790 
59356.597974 7.643538 
59356.629756 7.678477 
59356.661538 7.712592 
59356.693320 7.745867 
59356.725102 7.778289 
59356.756884 7.809844 
59356.788666 7.840519 
59356.820448 7.870302 
59356.852230 7.899181 
59356.884012 7.927145 
59356.915794 7.954184 
59356.947576 7.980288 
59356.979358 8.005449 
59357.011140 8.029657 
59357.042922 8.052905 
59357.074704 8.075186 
59357.106486 8.096494 
59357.138268 8.116824 
59357.170050 8.136169 
59357.201832 8.154526 
59357.233614 8.171892 
59357.265396 8.188263 
59357.297178 8.203637 
59357.328960 8.218012 
59357.360742 8.231388 
59357.392524 8.243765 
59357.424306 8.255142 
59357.456088 8.265521 
59357.487870 8.274904 
59357.519652 8.283293 
59357.551434 8.290691 
59357.583216 8.297101 
59357.614997 8.302529 
59357.646779 8.306978 
59357.678561 8.310456 
59357.710343 8.312967 
59357.742125 8.314519 
59357.773907 8.315119 
59357.805689 8.314774 
59357.837471 8.313495 
59357.869253 8.311289 
59357.901035 8.308167 
59357.932817 8.304139 
59357.964599 8.299215 
59357.996381 8.293407 
59358.028163 8.286728 
59358.059945 8.279188 
59358.091727 8.270801 
59358.123509 8.261581 
59358.155291 8.251541 
59358.187073 8.240695 
59358.218855 8.229059 
59358.250637 8.216647 
59358.282419 8.203475 
59358.314201 8.189559 
59358.345983 8.174916 
59358.377765 8.159561 
59358.409547 8.143512 
59358.441329 8.126787 
59358.473111 8.109403 
59358.504893 8.091379 
59358.536675 8.072732 
59358.568457 8.053481 
59358.600239 8.033646 
59358.632021 8.013245 
59358.663803 7.992298 
59358.695585 7.970824 
59358.727367 7.948843 
59358.759149 7.926375 
59358.790931 7.903441 
59358.822713 7.880059 
59358.854495 7.856252 
59358.886277 7.832039 
59358.918059 7.807441 
59358.949841 7.782478 
59358.981623 7.757172 
59359.013405 7.731543 
59359.045187 7.705612 
59359.076969 7.679400 
59359.108751 7.652928 
59359.140533 7.626215 
59359.172315 7.599284 
59359.204097 7.572155 
59359.235879 7.544848 
59359.267661 7.517384 
59359.299443 7.489784 
59359.331225 7.462067 
59359.363007 7.434254 
59359.394789 7.406365 
59359.426571 7.378420 
59359.458353 7.350438 
59359.490135 7.322439 
59359.521917 7.294442 
59359.553699 7.266465 
59359.585481 7.238529 
59359.617263 7.210651 
59359.649045 7.182849 
59359.680827 7.155142 
59359.712609 7.127547 
59359.744391 7.100081 
59359.776173 7.072762 
59359.807955 7.045606 
59359.839737 7.018629 
59359.871519 6.991847 
59359.903301 6.965277 
59359.935083 6.938932 
59359.966865 6.912829 
59359.998647 6.886980 
59360.030429 6.861401 
59360.062211 6.836105 
59360.093993 6.811105 
59360.125775 6.786413 
59360.157557 6.762042 
59360.189339 6.738003 
59360.221121 6.714309 
59360.252903 6.690969 
59360.284685 6.667994 
59360.316466 6.645394 
59360.348248 6.623178 
59360.380030 6.601356 
59360.411812 6.579935 
59360.443594 6.558923 
59360.475376 6.538327 
59360.507158 6.518155 
59360.538940 6.498413 
59360.570722 6.479107 
59360.602504 6.460241 
59360.634286 6.441821 
59360.666068 6.423851 
59360.697850 6.406334 
59360.729632 6.389273 
59360.761414 6.372672 
59360.793196 6.356532 
59360.824978 6.340856 
59360.856760 6.325643 
59360.888542 6.310895 
59360.920324 6.296611 
59360.952106 6.282791 
59360.983888 6.269434 
59361.015670 6.256539 
59361.047452 6.244104 
59361.079234 6.232125 
59361.111016 6.220600 
59361.142798 6.209526 
59361.174580 6.198898 
59361.206362 6.188713 
59361.238144 6.178964 
59361.269926 6.169647 
59361.301708 6.160756 
59361.333490 6.152284 
59361.365272 6.144225 
59361.397054 6.136572 
59361.428836 6.129317 
59361.460618 6.122452 
59361.492400 6.115969 
59361.524182 6.109858 
59361.555964 6.104112 
59361.587746 6.098719 
59361.619528 6.093671 
59361.651310 6.088957 
59361.683092 6.084566 
59361.714874 6.080488 
59361.746656 6.076712 
59361.778438 6.073225 
59361.810220 6.070017 
59361.842002 6.067074 
59361.873784 6.064386 
59361.905566 6.061938 
59361.937348 6.059719 
59361.969130 6.057716 
59362.000912 6.055915 
59362.032694 6.054303 
59362.064476 6.052866 
59362.096258 6.051591 
59362.128040 6.050463 
59362.159822 6.049470 
59362.191604 6.048596 
59362.223386 6.047828 
59362.255168 6.047151 
59362.286950 6.046550 
59362.318732 6.046013 
59362.350514 6.045524 
59362.382296 6.045068 
59362.414078 6.044631 
59362.445860 6.044200 
59362.477642 6.043759 
59362.509424 6.043294 
59362.541206 6.042790 
59362.572988 6.042235 
59362.604770 6.041612 
59362.636552 6.040909 
59362.668334 6.040112 
59362.700116 6.039206 
59362.731898 6.038179 
59362.763680 6.037016 
59362.795462 6.035704 
59362.827244 6.034231 
59362.859026 6.032583 
59362.890808 6.030748 
59362.922590 6.028713 
59362.954372 6.026467 
59362.986154 6.023997 
59363.017935 6.021291 
59363.049717 6.018339 
59363.081499 6.015130 
59363.113281 6.011652 
59363.145063 6.007895 
59363.176845 6.003850 
59363.208627 5.999507 
59363.240409 5.994856 
59363.272191 5.989888 
59363.303973 5.984596 
59363.335755 5.978970 
59363.367537 5.973003 
59363.399319 5.966688 
59363.431101 5.960019 
59363.462883 5.952987 
59363.494665 5.945589 
59363.526447 5.937817 
59363.558229 5.929668 
59363.590011 5.921136 
59363.621793 5.912217 
59363.653575 5.902909 
59363.685357 5.893207 
59363.717139 5.883109 
59363.748921 5.872612 
59363.780703 5.861717 
59363.812485 5.850421 
59363.844267 5.838723 
59363.876049 5.826624 
59363.907831 5.814125 
59363.939613 5.801225 
59363.971395 5.787928 
59364.003177 5.774234 
59364.034959 5.760147 
59364.066741 5.745670 
59364.098523 5.730806 
59364.130305 5.715560 
59364.162087 5.699937 
59364.193869 5.683941 
59364.225651 5.667579 
59364.257433 5.650857 
59364.289215 5.633783 
59364.320997 5.616362 
59364.352779 5.598605 
59364.384561 5.580518 
59364.416343 5.562112 
59364.448125 5.543395 
59364.479907 5.524378 
59364.511689 5.505071 
59364.543471 5.485485 
59364.575253 5.465633 
59364.607035 5.445525 
59364.638817 5.425175 
59364.670599 5.404596 
59364.702381 5.383800 
59364.734163 5.362802 
59364.765945 5.341617 
59364.797727 5.320258 
59364.829509 5.298742 
59364.861291 5.277084 
59364.893073 5.255300 
59364.924855 5.233406 
59364.956637 5.211420 
59364.988419 5.189357 
59365.020201 5.167237 
59365.051983 5.145077 
59365.083765 5.122895 
59365.115547 5.100709 
59365.147329 5.078540 
59365.179111 5.056404 
59365.210893 5.034323 
59365.242675 5.012316 
59365.274457 4.990403 
59365.306239 4.968604 
59365.338021 4.946939 
59365.369803 4.925429 
59365.401585 4.904095 
59365.433367 4.882958 
59365.465149 4.862039 
59365.496931 4.841360 
59365.528713 4.820941 
59365.560495 4.800804 
59365.592277 4.780971 
59365.624059 4.761463 
59365.655841 4.742303 
59365.687623 4.723512 
59365.719404 4.705111 
59365.751186 4.687124 
59365.782968 4.669571 
59365.814750 4.652474 
59365.846532 4.635855 
59365.878314 4.619735 
59365.910096 4.604137 
59365.941878 4.589082 
59365.973660 4.574590 
59366.005442 4.560684 
59366.037224 4.547384 
59366.069006 4.534712 
59366.100788 4.522687 
59366.132570 4.511331 
59366.164352 4.500664 
59366.196134 4.490706 
59366.227916 4.481476 
59366.259698 4.472994 
59366.291480 4.465280 
59366.323262 4.458352 
59366.355044 4.452228 
59366.386826 4.446928 
59366.418608 4.442469 
59366.450390 4.438869 
59366.482172 4.436144 
59366.513954 4.434311 
59366.545736 4.433388 
59366.577518 4.433389 
59366.609300 4.434329 
59366.641082 4.436225 
59366.672864 4.439091 
59366.704646 4.442939 
59366.736428 4.447785 
59366.768210 4.453641 
59366.799992 4.460519 
59366.831774 4.468431 
59366.863556 4.477388 
59366.895338 4.487403 
59366.927120 4.498483 
59366.958902 4.510640 
59366.990684 4.523881 
59367.022466 4.538217 
59367.054248 4.553653 
59367.086030 4.570198 
59367.117812 4.587858 
59367.149594 4.606638 
59367.181376 4.626545 
59367.213158 4.647582 
59367.244940 4.669753 
59367.276722 4.693061 
59367.308504 4.717510 
59367.340286 4.743100 
59367.372068 4.769833 
59367.403850 4.797710 
59367.435632 4.826729 
59367.467414 4.856891 
59367.499196 4.888193 
59367.530978 4.920632 
59367.562760 4.954207 
59367.594542 4.988912 
59367.626324 5.024744 
59367.658106 5.061697 
59367.689888 5.099764 
59367.721670 5.138941 
59367.753452 5.179218 
59367.785234 5.220588 
59367.817016 5.263042 
59367.848798 5.306570 
59367.880580 5.351163 
59367.912362 5.396808 
59367.944144 5.443495 
59367.975926 5.491211 
59368.007708 5.539944 
59368.039490 5.589678 
59368.071272 5.640401 
59368.103054 5.692096 
59368.134836 5.744749 
59368.166618 5.798342 
59368.198400 5.852859 
59368.230182 5.908282 
59368.261964 5.964593 
59368.293746 6.021772 
59368.325528 6.079801 
59368.357310 6.138659 
59368.389092 6.198326 
59368.420873 6.258780 
59368.452655 6.319999 
59368.484437 6.381961 
59368.516219 6.444643 
59368.548001 6.508023 
59368.579783 6.572074 
59368.611565 6.636774 
59368.643347 6.702098 
59368.675129 6.768019 
59368.706911 6.834513 
59368.738693 6.901553 
59368.770475 6.969112 
59368.802257 7.037163 
59368.834039 7.105679 
59368.865821 7.174631 
59368.897603 7.243993 
59368.929385 7.313735 
59368.961167 7.383828 
59368.992949 7.454243 
59369.024731 7.524952 
59369.056513 7.595923 
59369.088295 7.667129 
59369.120077 7.738537 
59369.151859 7.810119 
59369.183641 7.881843 
59369.215423 7.953680 
59369.247205 8.025597 
59369.278987 8.097565 
59369.310769 8.169552 
59369.342551 8.241528 
59369.374333 8.313460 
59369.406115 8.385319 
59369.437897 8.457072 
59369.469679 8.528689 
59369.501461 8.600139 
59369.533243 8.671390 
59369.565025 8.742411 
59369.596807 8.813172 
59369.628589 8.883642 
59369.660371 8.953789 
59369.692153 9.023584 
59369.723935 9.092995 
59369.755717 9.161993 
59369.787499 9.230548 
59369.819281 9.298630 
59369.851063 9.366209 
59369.882845 9.433257 
59369.914627 9.499744 
59369.946409 9.565641 
59369.978191 9.630921 
59370.009973 9.695555 
59370.041755 9.759516 
59370.073537 9.822776 
59370.105319 9.885309 
59370.137101 9.947089 
59370.168883 10.008089 
59370.200665 10.068283 
59370.232447 10.127648 
59370.264229 10.186159 
59370.296011 10.243791 
59370.327793 10.300521 
59370.359575 10.356326 
59370.391357 10.411183 
59370.423139 10.465072 
59370.454921 10.517971 
59370.486703 10.569859 
59370.518485 10.620716 
59370.550267 10.670523 
59370.582049 10.719261 
59370.613831 10.766913 
59370.645613 10.813460 
59370.677395 10.858887 
59370.709177 10.903177 
59370.740959 10.946315 
59370.772741 10.988287 
59370.804523 11.029078 
59370.836305 11.068675 
59370.868087 11.107067 
59370.899869 11.144242 
59370.931651 11.180189 
59370.963433 11.214897 
59370.995215 11.248358 
59371.026997 11.280563 
59371.058779 11.311505 
59371.090561 11.341176 
59371.122342 11.369570 
59371.154124 11.396683 
59371.185906 11.422509 
59371.217688 11.447045 
59371.249470 11.470289 
59371.281252 11.492238 
59371.313034 11.512890 
59371.344816 11.532246 
59371.376598 11.550307 
59371.408380 11.567072 
59371.440162 11.582545 
59371.471944 11.596727 
59371.503726 11.609624 
59371.535508 11.621239 
59371.567290 11.631577 
59371.599072 11.640645 
59371.630854 11.648450 
59371.662636 11.654999 
59371.694418 11.660301 
59371.726200 11.664365 
59371.757982 11.667201 
59371.789764 11.668821 
59371.821546 11.669234 
59371.853328 11.668455 
59371.885110 11.666496 
59371.916892 11.663370 
59371.948674 11.659093 
59371.980456 11.653679 
59372.012238 11.647145 
59372.044020 11.639506 
59372.075802 11.630782 
59372.107584 11.620988 
59372.139366 11.610145 
59372.171148 11.598272 
59372.202930 11.585387 
59372.234712 11.571513 
59372.266494 11.556669 
59372.298276 11.540878 
59372.330058 11.524162 
59372.361840 11.506544 
59372.393622 11.488046 
59372.425404 11.468694 
59372.457186 11.448511 
59372.488968 11.427523 
59372.520750 11.405754 
59372.552532 11.383230 
59372.584314 11.359978 
59372.616096 11.336024 
59372.647878 11.311395 
59372.679660 11.286119 
59372.711442 11.260223 
59372.743224 11.233735 
59372.775006 11.206684 
59372.806788 11.179098 
59372.838570 11.151007 
59372.870352 11.122439 
59372.902134 11.093423 
59372.933916 11.063991 
59372.965698 11.034171 
59372.997480 11.003993 
59373.029262 10.973487 
59373.061044 10.942684 
59373.092826 10.911614 
59373.124608 10.880307 
59373.156390 10.848794 
59373.188172 10.817106 
59373.219954 10.785272 
59373.251736 10.753324 
59373.283518 10.721291 
59373.315300 10.689205 
59373.347082 10.657096 
59373.378864 10.624993 
59373.410646 10.592927 
59373.442428 10.560929 
59373.474210 10.529027 
59373.505992 10.497252 
59373.537774 10.465632 
59373.569556 10.434198 
59373.601338 10.402978 
59373.633120 10.372001 
59373.664902 10.341295 
59373.696684 10.310889 
59373.728466 10.280809 
59373.760248 10.251085 
59373.792029 10.221742 
59373.823811 10.192808 
59373.855593 10.164308 
59373.887375 10.136269 
59373.919157 10.108716 
59373.950939 10.081673 
59373.982721 10.055167 
59374.014503 10.029219 
59374.046285 10.003855 
59374.078067 9.979096 
59374.109849 9.954966 
59374.141631 9.931486 
59374.173413 9.908677 
59374.205195 9.886560 
59374.236977 9.865156 
59374.268759 9.844483 
59374.300541 9.824560 
59374.332323 9.805407 
59374.364105 9.787039 
59374.395887 9.769474 
59374.427669 9.752728 
59374.459451 9.736818 
59374.491233 9.721756 
59374.523015 9.707558 
59374.554797 9.694237 
59374.586579 9.681805 
59374.618361 9.670275 
59374.650143 9.659657 
59374.681925 9.649961 
59374.713707 9.641199 
59374.745489 9.633377 
59374.777271 9.626505 
59374.809053 9.620589 
59374.840835 9.615637 
59374.872617 9.611653 
59374.904399 9.608643 
59374.936181 9.606610 
59374.967963 9.605560 
59374.999745 9.605492 
59375.031527 9.606411 
59375.063309 9.608315 
59375.095091 9.611207 
59375.126873 9.615084 
59375.158655 9.619946 
59375.190437 9.625790 
59375.222219 9.632613 
59375.254001 9.640412 
59375.285783 9.649182 
59375.317565 9.658918 
59375.349347 9.669612 
59375.381129 9.681260 
59375.412911 9.693852 
59375.444693 9.707380 
59375.476475 9.721836 
59375.508257 9.737209 
59375.540039 9.753489 
59375.571821 9.770665 
59375.603603 9.788724 
59375.635385 9.807653 
59375.667167 9.827440 
59375.698949 9.848069 
59375.730731 9.869527 
59375.762513 9.891798 
59375.794295 9.914865 
59375.826077 9.938712 
59375.857859 9.963322 
59375.889641 9.988677 
59375.921423 10.014758 
59375.953205 10.041546 
59375.984987 10.069021 
59376.016769 10.097164 
59376.048551 10.125953 
59376.080333 10.155368 
59376.112115 10.185386 
59376.143897 10.215986 
59376.175679 10.247144 
59376.207461 10.278839 
59376.239243 10.311045 
59376.271025 10.343740 
59376.302807 10.376899 
59376.334589 10.410497 
59376.366371 10.444510 
59376.398153 10.478912 
59376.429935 10.513678 
59376.461717 10.548781 
59376.493498 10.584196 
59376.525280 10.619897 
59376.557062 10.655855 
59376.588844 10.692046 
59376.620626 10.728441 
59376.652408 10.765014 
59376.684190 10.801738 
59376.715972 10.838585 
59376.747754 10.875527 
59376.779536 10.912537 
59376.811318 10.949588 
59376.843100 10.986652 
59376.874882 11.023701 
59376.906664 11.060708 
59376.938446 11.097645 
59376.970228 11.134484 
59377.002010 11.171199 
59377.033792 11.207762 
59377.065574 11.244146 
59377.097356 11.280324 
59377.129138 11.316269 
59377.160920 11.351954 
59377.192702 11.387353 
59377.224484 11.422440 
59377.256266 11.457188 
59377.288048 11.491573 
59377.319830 11.525568 
59377.351612 11.559149 
59377.383394 11.592291 
59377.415176 11.624969 
59377.446958 11.657160 
59377.478740 11.688840 
59377.510522 11.719986 
59377.542304 11.750575 
59377.574086 11.780585 
59377.605868 11.809994 
59377.637650 11.838780 
59377.669432 11.866923 
59377.701214 11.894403 
59377.732996 11.921199 
59377.764778 11.947292 
59377.796560 11.972665 
59377.828342 11.997298 
59377.860124 12.021174 
59377.891906 12.044276 
59377.923688 12.066588 
59377.955470 12.088095 
59377.987252 12.108782 
59378.019034 12.128633 
59378.050816 12.147636 
59378.082598 12.165778 
59378.114380 12.183046 
59378.146162 12.199428 
59378.177944 12.214915 
59378.209726 12.229496 
59378.241508 12.243161 
59378.273290 12.255902 
59378.305072 12.267711 
59378.336854 12.278582 
59378.368636 12.288506 
59378.400418 12.297480 
59378.432200 12.305498 
59378.463982 12.312557 
59378.495764 12.318652 
59378.527546 12.323782 
59378.559328 12.327945 
59378.591110 12.331139 
59378.622892 12.333366 
59378.654674 12.334625 
59378.686456 12.334919 
59378.718238 12.334248 
59378.750020 12.332617 
59378.781802 12.330030 
59378.813584 12.326491 
59378.845366 12.322005 
59378.877148 12.316578 
59378.908930 12.310219 
59378.940712 12.302934 
59378.972494 12.294732 
59379.004276 12.285622 
59379.036058 12.275615 
59379.067840 12.264721 
59379.099622 12.252952 
59379.131404 12.240320 
59379.163186 12.226838 
59379.194967 12.212520 
59379.226749 12.197381 
59379.258531 12.181435 
59379.290313 12.164698 
59379.322095 12.147186 
59379.353877 12.128918 
59379.385659 12.109911 
59379.417441 12.090183 
59379.449223 12.069752 
59379.481005 12.048640 
59379.512787 12.026867 
59379.544569 12.004452 
59379.576351 11.981417 
59379.608133 11.957785 
59379.639915 11.933578 
59379.671697 11.908819 
59379.703479 11.883532 
59379.735261 11.857740 
59379.767043 11.831468 
59379.798825 11.804740 
59379.830607 11.777583 
59379.862389 11.750022 
59379.894171 11.722082 
59379.925953 11.693791 
59379.957735 11.665176 
59379.989517 11.636263 
59380.021299 11.607080 
59380.053081 11.577655 
59380.084863 11.548016 
59380.116645 11.518190 
59380.148427 11.488208 
59380.180209 11.458097 
59380.211991 11.427886 
59380.243773 11.397604 
59380.275555 11.367281 
59380.307337 11.336946 
59380.339119 11.306628 
59380.370901 11.276357 
59380.402683 11.246161 
59380.434465 11.216072 
59380.466247 11.186118 
59380.498029 11.156330 
59380.529811 11.126735 
59380.561593 11.097365 
59380.593375 11.068247 
59380.625157 11.039413 
59380.656939 11.010889 
59380.688721 10.982707 
59380.720503 10.954894 
59380.752285 10.927478 
59380.784067 10.900490 
59380.815849 10.873955 
59380.847631 10.847903 
59380.879413 10.822361 
59380.911195 10.797357 
59380.942977 10.772916 
59380.974759 10.749067 
59381.006541 10.725835 
59381.038323 10.703245 
59381.070105 10.681324 
59381.101887 10.660097 
59381.133669 10.639587 
59381.165451 10.619820 
59381.197233 10.600819 
59381.229015 10.582606 
59381.260797 10.565205 
59381.292579 10.548638 
59381.324361 10.532926 
59381.356143 10.518089 
59381.387925 10.504150 
59381.419707 10.491126 
59381.451489 10.479037 
59381.483271 10.467903 
59381.515053 10.457740 
59381.546835 10.448565 
59381.578617 10.440396 
59381.610399 10.433248 
59381.642181 10.427135 
59381.673963 10.422073 
59381.705745 10.418076 
59381.737527 10.415155 
59381.769309 10.413323 
59381.801091 10.412591 
59381.832873 10.412970 
59381.864655 10.414470 
59381.896436 10.417100 
59381.928218 10.420868 
59381.960000 10.425781 
59381.991782 10.431846 
59382.023564 10.439069 
59382.055346 10.447454 
59382.087128 10.457007 
59382.118910 10.467729 
59382.150692 10.479623 
59382.182474 10.492692 
59382.214256 10.506936 
59382.246038 10.522354 
59382.277820 10.538946 
59382.309602 10.556710 
59382.341384 10.575644 
59382.373166 10.595743 
59382.404948 10.617003 
59382.436730 10.639420 
59382.468512 10.662987 
59382.500294 10.687697 
59382.532076 10.713543 
59382.563858 10.740516 
59382.595640 10.768607 
59382.627422 10.797805 
59382.659204 10.828100 
59382.690986 10.859479 
59382.722768 10.891931 
59382.754550 10.925441 
59382.786332 10.959995 
59382.818114 10.995578 
59382.849896 11.032175 
59382.881678 11.069769 
59382.913460 11.108343 
59382.945242 11.147879 
59382.977024 11.188358 
59383.008806 11.229760 
59383.040588 11.272065 
59383.072370 11.315254 
59383.104152 11.359303 
59383.135934 11.404191 
59383.167716 11.449895 
59383.199498 11.496392 
59383.231280 11.543657 
59383.263062 11.591667 
59383.294844 11.640395 
59383.326626 11.689815 
59383.358408 11.739903 
59383.390190 11.790630 
59383.421972 11.841969 
59383.453754 11.893892 
59383.485536 11.946372 
59383.517318 11.999378 
59383.549100 12.052883 
59383.580882 12.106856 
59383.612664 12.161267 
59383.644446 12.216086 
59383.676228 12.271282 
59383.708010 12.326824 
59383.739792 12.382680 
59383.771574 12.438819 
59383.803356 12.495209 
59383.835138 12.551818 
59383.866920 12.608612 
59383.898702 12.665560 
59383.930484 12.722629 
59383.962266 12.779785 
59383.994048 12.836996 
59384.025830 12.894228 
59384.057612 12.951448 
59384.089394 13.008623 
59384.121176 13.065719 
59384.152958 13.122702 
59384.184740 13.179540 
59384.216522 13.236198 
59384.248304 13.292644 
59384.280086 13.348844 
59384.311868 13.404765 
59384.343650 13.460374 
59384.375432 13.515637 
59384.407214 13.570523 
59384.438996 13.624998 
59384.470778 13.679030 
59384.502560 13.732587 
59384.534342 13.785637 
59384.566124 13.838148 
59384.597905 13.890089 
59384.629687 13.941429 
59384.661469 13.992138 
59384.693251 14.042184 
59384.725033 14.091537 
59384.756815 14.140169 
59384.788597 14.188051 
59384.820379 14.235152 
59384.852161 14.281446 
59384.883943 14.326904 
59384.915725 14.371499 
59384.947507 14.415204 
59384.979289 14.457993 
59385.011071 14.499840 
59385.042853 14.540720 
59385.074635 14.580609 
59385.106417 14.619483 
59385.138199 14.657317 
59385.169981 14.694090 
59385.201763 14.729779 
59385.233545 14.764363 
59385.265327 14.797822 
59385.297109 14.830134 
59385.328891 14.861281 
59385.360673 14.891244 
59385.392455 14.920005 
59385.424237 14.947547 
59385.456019 14.973853 
59385.487801 14.998908 
59385.519583 15.022696 
59385.551365 15.045204 
59385.583147 15.066418 
59385.614929 15.086325 
59385.646711 15.104914 
59385.678493 15.122173 
59385.710275 15.138093 
59385.742057 15.152663 
59385.773839 15.165876 
59385.805621 15.177724 
59385.837403 15.188199 
59385.869185 15.197295 
59385.900967 15.205008 
59385.932749 15.211333 
59385.964531 15.216266 
59385.996313 15.219804 
59386.028095 15.221946 
59386.059877 15.222690 
59386.091659 15.222037 
59386.123441 15.219986 
59386.155223 15.216539 
59386.187005 15.211699 
59386.218787 15.205468 
59386.250569 15.197850 
59386.282351 15.188851 
59386.314133 15.178474 
59386.345915 15.166728 
59386.377697 15.153618 
59386.409479 15.139154 
59386.441261 15.123342 
59386.473043 15.106194 
59386.504825 15.087719 
59386.536607 15.067928 
59386.568389 15.046832 
59386.600171 15.024445 
59386.631953 15.000780 
59386.663735 14.975849 
59386.695517 14.949669 
59386.727299 14.922254 
59386.759081 14.893621 
59386.790863 14.863785 
59386.822645 14.832764 
59386.854427 14.800577 
59386.886209 14.767241 
59386.917991 14.732775 
59386.949773 14.697201 
59386.981555 14.660537 
59387.013337 14.622804 
59387.045119 14.584025 
59387.076901 14.544221 
59387.108683 14.503414 
59387.140465 14.461628 
59387.172247 14.418885 
59387.204029 14.375210 
59387.235811 14.330627 
59387.267593 14.285161 
59387.299374 14.238836 
59387.331156 14.191679 
59387.362938 14.143714 
59387.394720 14.094969 
59387.426502 14.045469 
59387.458284 13.995242 
59387.490066 13.944314 
59387.521848 13.892713 
59387.553630 13.840466 
59387.585412 13.787602 
59387.617194 13.734147 
59387.648976 13.680130 
59387.680758 13.625580 
59387.712540 13.570524 
59387.744322 13.514992 
59387.776104 13.459011 
59387.807886 13.402611 
59387.839668 13.345820 
59387.871450 13.288666 
59387.903232 13.231179 
59387.935014 13.173387 
59387.966796 13.115319 
59387.998578 13.057003 
59388.030360 12.998467 
59388.062142 12.939741 
59388.093924 12.880853 
59388.125706 12.821829 
59388.157488 12.762699 
59388.189270 12.703490 
59388.221052 12.644230 
59388.252834 12.584945 
59388.284616 12.525664 
59388.316398 12.466412 
59388.348180 12.407216 
59388.379962 12.348103 
59388.411744 12.289097 
59388.443526 12.230226 
59388.475308 12.171513 
59388.507090 12.112983 
59388.538872 12.054662 
59388.570654 11.996573 
59388.602436 11.938739 
59388.634218 11.881183 
59388.666000 11.823928 
59388.697782 11.766997 
59388.729564 11.710411 
59388.761346 11.654190 
59388.793128 11.598356 
59388.824910 11.542929 
59388.856692 11.487928 
59388.888474 11.433373 
59388.920256 11.379280 
59388.952038 11.325670 
59388.983820 11.272557 
59389.015602 11.219961 
59389.047384 11.167895 
59389.079166 11.116376 
59389.110948 11.065418 
59389.142730 11.015035 
59389.174512 10.965242 
59389.206294 10.916050 
59389.238076 10.867472 
59389.269858 10.819519 
59389.301640 10.772202 
59389.333422 10.725530 
59389.365204 10.679515 
59389.396986 10.634163 
59389.428768 10.589483 
59389.460550 10.545483 
59389.492332 10.502169 
59389.524114 10.459546 
59389.555896 10.417621 
59389.587678 10.376397 
59389.619460 10.335878 
59389.651242 10.296067 
59389.683024 10.256968 
59389.714806 10.218580 
59389.746588 10.180906 
59389.778370 10.143946 
59389.810152 10.107698 
59389.841934 10.072163 
59389.873716 10.037338 
59389.905498 10.003220 
59389.937280 9.969807 
59389.969061 9.937095 
59390.000843 9.905079 
59390.032625 9.873754 
59390.064407 9.843114 
59390.096189 9.813154 
59390.127971 9.783865 
59390.159753 9.755240 
59390.191535 9.727270 
59390.223317 9.699948 
59390.255099 9.673263 
59390.286881 9.647206 
59390.318663 9.621765 
59390.350445 9.596930 
59390.382227 9.572689 
59390.414009 9.549029 
59390.445791 9.525939 
59390.477573 9.503403 
59390.509355 9.481410 
59390.541137 9.459944 
59390.572919 9.438992 
59390.604701 9.418537 
59390.636483 9.398564 
59390.668265 9.379058 
59390.700047 9.360002 
59390.731829 9.341380 
59390.763611 9.323173 
59390.795393 9.305366 
59390.827175 9.287940 
59390.858957 9.270877 
59390.890739 9.254159 
59390.922521 9.237767 
59390.954303 9.221683 
59390.986085 9.205888 
59391.017867 9.190361 
59391.049649 9.175084 
59391.081431 9.160038 
59391.113213 9.145202 
59391.144995 9.130556 
59391.176777 9.116081 
59391.208559 9.101757 
59391.240341 9.087562 
59391.272123 9.073478 
59391.303905 9.059484 
59391.335687 9.045559 
59391.367469 9.031683 
59391.399251 9.017837 
59391.431033 9.003999 
59391.462815 8.990150 
59391.494597 8.976270 
59391.526379 8.962339 
59391.558161 8.948337 
59391.589943 8.934245 
59391.621725 8.920042 
59391.653507 8.905711 
59391.685289 8.891231 
59391.717071 8.876584 
59391.748853 8.861751 
59391.780635 8.846715 
59391.812417 8.831456 
59391.844199 8.815958 
59391.875981 8.800202 
59391.907763 8.784172 
59391.939545 8.767851 
59391.971327 8.751223 
59392.003109 8.734271 
59392.034891 8.716981 
59392.066673 8.699336 
59392.098455 8.681323 
59392.130237 8.662927 
59392.162019 8.644134 
59392.193801 8.624931 
59392.225583 8.605304 
59392.257365 8.585243 
59392.289147 8.564735 
59392.320929 8.543768 
59392.352711 8.522333 
59392.384493 8.500419 
59392.416275 8.478016 
59392.448057 8.455115 
59392.479839 8.431708 
59392.511621 8.407788 
59392.543403 8.383347 
59392.575185 8.358379 
59392.606967 8.332877 
59392.638749 8.306837 
59392.670530 8.280253 
59392.702312 8.253123 
59392.734094 8.225442 
59392.765876 8.197208 
59392.797658 8.168419 
59392.829440 8.139074 
59392.861222 8.109172 
59392.893004 8.078714 
59392.924786 8.047699 
59392.956568 8.016130 
59392.988350 7.984009 
59393.020132 7.951339 
59393.051914 7.918123 
59393.083696 7.884365 
59393.115478 7.850071 
59393.147260 7.815247 
59393.179042 7.779897 
59393.210824 7.744030 
59393.242606 7.707654 
59393.274388 7.670776 
59393.306170 7.633406 
59393.337952 7.595554 
59393.369734 7.557230 
59393.401516 7.518445 
59393.433298 7.479211 
59393.465080 7.439541 
59393.496862 7.399447 
59393.528644 7.358944 
59393.560426 7.318045 
59393.592208 7.276766 
59393.623990 7.235122 
59393.655772 7.193129 
59393.687554 7.150805 
59393.719336 7.108166 
59393.751118 7.065231 
59393.782900 7.022018 
59393.814682 6.978546 
59393.846464 6.934834 
59393.878246 6.890903 
59393.910028 6.846774 
59393.941810 6.802467 
59393.973592 6.758003 
59394.005374 6.713406 
59394.037156 6.668697 
59394.068938 6.623899 
59394.100720 6.579036 
59394.132502 6.534131 
59394.164284 6.489208 
59394.196066 6.444292 
59394.227848 6.399407 
59394.259630 6.354579 
59394.291412 6.309833 
59394.323194 6.265194 
59394.354976 6.220688 
59394.386758 6.176342 
59394.418540 6.132182 
59394.450322 6.088235 
59394.482104 6.044526 
59394.513886 6.001084 
59394.545668 5.957936 
59394.577450 5.915107 
59394.609232 5.872627 
59394.641014 5.830522 
59394.672796 5.788819 
59394.704578 5.747547 
59394.736360 5.706732 
59394.768142 5.666402 
59394.799924 5.626584 
59394.831706 5.587307 
59394.863488 5.548596 
59394.895270 5.510480 
59394.927052 5.472986 
59394.958834 5.436140 
59394.990616 5.399969 
59395.022398 5.364500 
59395.054180 5.329760 
59395.085962 5.295774 
59395.117744 5.262569 
59395.149526 5.230170 
59395.181308 5.198602 
59395.213090 5.167892 
59395.244872 5.138062 
59395.276654 5.109139 
59395.308436 5.081145 
59395.340218 5.054105 
59395.371999 5.028041 
59395.403781 5.002978 
59395.435563 4.978936 
59395.467345 4.955937 
59395.499127 4.934004 
59395.530909 4.913157 
59395.562691 4.893416 
59395.594473 4.874801 
59395.626255 4.857331 
59395.658037 4.841025 
59395.689819 4.825902 
59395.721601 4.811977 
59395.753383 4.799269 
59395.785165 4.787794 
59395.816947 4.777566 
59395.848729 4.768601 
59395.880511 4.760913 
59395.912293 4.754515 
59395.944075 4.749420 
59395.975857 4.745640 
59396.007639 4.743186 
59396.039421 4.742068 
59396.071203 4.742298 
59396.102985 4.743882 
59396.134767 4.746830 
59396.166549 4.751148 
59396.198331 4.756844 
59396.230113 4.763923 
59396.261895 4.772390 
59396.293677 4.782249 
59396.325459 4.793504 
59396.357241 4.806156 
59396.389023 4.820207 
59396.420805 4.835658 
59396.452587 4.852509 
59396.484369 4.870759 
59396.516151 4.890405 
59396.547933 4.911446 
59396.579715 4.933877 
59396.611497 4.957694 
59396.643279 4.982892 
59396.675061 5.009465 
59396.706843 5.037404 
59396.738625 5.066703 
59396.770407 5.097352 
59396.802189 5.129342 
59396.833971 5.162662 
59396.865753 5.197301 
59396.897535 5.233247 
59396.929317 5.270485 
59396.961099 5.309004 
59396.992881 5.348786 
59397.024663 5.389818 
59397.056445 5.432082 
59397.088227 5.475561 
59397.120009 5.520238 
59397.151791 5.566092 
59397.183573 5.613106 
59397.215355 5.661257 
59397.247137 5.710525 
59397.278919 5.760889 
59397.310701 5.812324 
59397.342483 5.864809 
59397.374265 5.918318 
59397.406047 5.972827 
59397.437829 6.028311 
59397.469611 6.084742 
59397.501393 6.142096 
59397.533175 6.200343 
59397.564957 6.259455 
59397.596739 6.319405 
59397.628521 6.380163 
59397.660303 6.441698 
59397.692085 6.503981 
59397.723867 6.566981 
59397.755649 6.630665 
59397.787431 6.695003 
59397.819213 6.759961 
59397.850995 6.825507 
59397.882777 6.891607 
59397.914559 6.958228 
59397.946341 7.025335 
59397.978123 7.092895 
59398.009905 7.160871 
59398.041687 7.229230 
59398.073468 7.297935 
59398.105250 7.366950 
59398.137032 7.436240 
59398.168814 7.505769 
59398.200596 7.575500 
59398.232378 7.645395 
59398.264160 7.715419 
59398.295942 7.785535 
59398.327724 7.855705 
59398.359506 7.925892 
59398.391288 7.996059 
59398.423070 8.066168 
59398.454852 8.136183 
59398.486634 8.206065 
59398.518416 8.275779 
59398.550198 8.345285 
59398.581980 8.414548 
59398.613762 8.483530 
59398.645544 8.552195 
59398.677326 8.620505 
59398.709108 8.688423 
59398.740890 8.755914 
59398.772672 8.822942 
59398.804454 8.889470 
59398.836236 8.955462 
59398.868018 9.020883 
59398.899800 9.085699 
59398.931582 9.149874 
59398.963364 9.213375 
59398.995146 9.276166 
59399.026928 9.338215 
59399.058710 9.399488 
59399.090492 9.459953 
59399.122274 9.519577 
59399.154056 9.578329 
59399.185838 9.636178 
59399.217620 9.693092 
59399.249402 9.749042 
59399.281184 9.803998 
59399.312966 9.857932 
59399.344748 9.910814 
59399.376530 9.962617 
59399.408312 10.013314 
59399.440094 10.062879 
59399.471876 10.111286 
59399.503658 10.158510 
59399.535440 10.204527 
59399.567222 10.249312 
59399.599004 10.292844 
59399.630786 10.335100 
59399.662568 10.376060 
59399.694350 10.415701 
59399.726132 10.454006 
59399.757914 10.490955 
59399.789696 10.526529 
59399.821478 10.560713 
59399.853260 10.593489 
59399.885042 10.624842 
59399.916824 10.654758 
59399.948606 10.683222 
59399.980388 10.710222 
59400.012170 10.735747 
59400.043952 10.759784 
59400.075734 10.782325 
59400.107516 10.803359 
59400.139298 10.822879 
59400.171080 10.840877 
59400.202862 10.857347 
59400.234644 10.872283 
59400.266426 10.885681 
59400.298208 10.897537 
59400.329990 10.907849 
59400.361772 10.916614 
59400.393554 10.923833 
59400.425336 10.929505 
59400.457118 10.933632 
59400.488900 10.936215 
59400.520682 10.937258 
59400.552464 10.936765 
59400.584246 10.934740 
59400.616028 10.931188 
59400.647810 10.926118 
59400.679592 10.919537 
59400.711374 10.911452 
59400.743156 10.901874 
59400.774937 10.890813 
59400.806719 10.878280 
59400.838501 10.864288 
59400.870283 10.848848 
59400.902065 10.831976 
59400.933847 10.813685 
59400.965629 10.793991 
59400.997411 10.772911 
59401.029193 10.750462 
59401.060975 10.726661 
59401.092757 10.701528 
59401.124539 10.675081 
59401.156321 10.647342 
59401.188103 10.618331 
59401.219885 10.588070 
59401.251667 10.556582 
59401.283449 10.523889 
59401.315231 10.490015 
59401.347013 10.454985 
59401.378795 10.418824 
59401.410577 10.381558 
59401.442359 10.343213 
59401.474141 10.303816 
59401.505923 10.263395 
59401.537705 10.221978 
59401.569487 10.179592 
59401.601269 10.136269 
59401.633051 10.092036 
59401.664833 10.046924 
59401.696615 10.000964 
59401.728397 9.954186 
59401.760179 9.906622 
59401.791961 9.858304 
59401.823743 9.809263 
59401.855525 9.759533 
59401.887307 9.709145 
59401.919089 9.658133 
59401.950871 9.606530 
59401.982653 9.554370 
59402.014435 9.501686 
59402.046217 9.448512 
59402.077999 9.394883 
59402.109781 9.340832 
59402.141563 9.286395 
59402.173345 9.231605 
59402.205127 9.176497 
59402.236909 9.121106 
59402.268691 9.065466 
59402.300473 9.009612 
59402.332255 8.953579 
59402.364037 8.897401 
59402.395819 8.841113 
59402.427601 8.784750 
59402.459383 8.728345 
59402.491165 8.671933 
59402.522947 8.615547 
59402.554729 8.559223 
59402.586511 8.502993 
59402.618293 8.446891 
59402.650075 8.390951 
59402.681857 8.335204 
59402.713639 8.279684 
59402.745421 8.224423 
59402.777203 8.169453 
59402.808985 8.114806 
59402.840767 8.060513 
59402.872549 8.006605 
59402.904331 7.953113 
59402.936113 7.900066 
59402.967895 7.847494 
59402.999677 7.795426 
59403.031459 7.743891 
59403.063241 7.692916 
59403.095023 7.642531 
59403.126805 7.592761 
59403.158587 7.543633 
59403.190369 7.495173 
59403.222151 7.447406 
59403.253933 7.400358 
59403.285715 7.354052 
59403.317497 7.308511 
59403.349279 7.263759 
59403.381061 7.219818 
59403.412843 7.176709 
59403.444624 7.134453 
59403.476406 7.093070 
59403.508188 7.052580 
59403.539970 7.013001 
59403.571752 6.974351 
59403.603534 6.936647 
59403.635316 6.899907 
59403.667098 6.864145 
59403.698880 6.829376 
59403.730662 6.795615 
59403.762444 6.762876 
59403.794226 6.731170 
59403.826008 6.700510 
59403.857790 6.670907 
59403.889572 6.642370 
59403.921354 6.614910 
59403.953136 6.588536 
59403.984918 6.563254 
59404.016700 6.539072 
59404.048482 6.515996 
59404.080264 6.494032 
59404.112046 6.473185 
59404.143828 6.453457 
59404.175610 6.434853 
59404.207392 6.417374 
59404.239174 6.401023 
59404.270956 6.385798 
59404.302738 6.371702 
59404.334520 6.358731 
59404.366302 6.346886 
59404.398084 6.336162 
59404.429866 6.326558 
59404.461648 6.318069 
59404.493430 6.310690 
59404.525212 6.304415 
59404.556994 6.299239 
59404.588776 6.295155 
59404.620558 6.292155 
59404.652340 6.290230 
59404.684122 6.289371 
59404.715904 6.289569 
59404.747686 6.290813 
59404.779468 6.293092 
59404.811250 6.296394 
59404.843032 6.300707 
59404.874814 6.306018 
59404.906596 6.312314 
59404.938378 6.319579 
59404.970160 6.327799 
59405.001942 6.336959 
59405.033724 6.347043 
59405.065506 6.358035 
59405.097288 6.369917 
59405.129070 6.382673 
59405.160852 6.396283 
59405.192634 6.410731 
59405.224416 6.425996 
59405.256198 6.442060 
59405.287980 6.458903 
59405.319762 6.476505 
59405.351544 6.494846 
59405.383326 6.513904 
59405.415108 6.533659 
59405.446890 6.554090 
59405.478672 6.575174 
59405.510454 6.596889 
59405.542236 6.619214 
59405.574018 6.642125 
59405.605800 6.665601 
59405.637582 6.689618 
59405.669364 6.714153 
59405.701146 6.739183 
59405.732928 6.764685 
59405.764710 6.790635 
59405.796492 6.817010 
59405.828274 6.843786 
59405.860056 6.870939 
59405.891838 6.898446 
59405.923620 6.926283 
59405.955402 6.954427 
59405.987184 6.982853 
59406.018966 7.011538 
59406.050748 7.040460 
59406.082530 7.069593 
59406.114312 7.098916 
59406.146093 7.128404 
59406.177875 7.158035 
59406.209657 7.187787 
59406.241439 7.217635 
59406.273221 7.247559 
59406.305003 7.277535 
59406.336785 7.307542 
59406.368567 7.337559 
59406.400349 7.367563 
59406.432131 7.397534 
59406.463913 7.427451 
59406.495695 7.457293 
59406.527477 7.487041 
59406.559259 7.516674 
59406.591041 7.546174 
59406.622823 7.575521 
59406.654605 7.604698 
59406.686387 7.633685 
59406.718169 7.662466 
59406.749951 7.691023 
59406.781733 7.719339 
59406.813515 7.747399 
59406.845297 7.775186 
59406.877079 7.802686 
59406.908861 7.829884 
59406.940643 7.856765 
59406.972425 7.883317 
59407.004207 7.909526 
59407.035989 7.935379 
59407.067771 7.960865 
59407.099553 7.985973 
59407.131335 8.010691 
59407.163117 8.035010 
59407.194899 8.058921 
59407.226681 8.082413 
59407.258463 8.105480 
59407.290245 8.128113 
59407.322027 8.150306 
59407.353809 8.172052 
59407.385591 8.193345 
59407.417373 8.214180 
59407.449155 8.234553 
59407.480937 8.254461 
59407.512719 8.273899 
59407.544501 8.292865 
59407.576283 8.311358 
59407.608065 8.329376 
59407.639847 8.346918 
59407.671629 8.363986 
59407.703411 8.380579 
59407.735193 8.396698 
59407.766975 8.412347 
59407.798757 8.427527 
59407.830539 8.442242 
59407.862321 8.456495 
59407.894103 8.470291 
59407.925885 8.483636 
59407.957667 8.496534 
59407.989449 8.508993 
59408.021231 8.521019 
59408.053013 8.532619 
59408.084795 8.543803 
59408.116577 8.554577 
59408.148359 8.564952 
59408.180141 8.574938 
59408.211923 8.584544 
59408.243705 8.593781 
59408.275487 8.602661 
59408.307269 8.611196 
59408.339051 8.619397 
59408.370833 8.627278 
59408.402615 8.634852 
59408.434397 8.642133 
59408.466179 8.649134 
59408.497961 8.655870 
59408.529743 8.662356 
59408.561525 8.668608 
59408.593307 8.674641 
59408.625089 8.680471 
59408.656871 8.686115 
59408.688653 8.691590 
59408.720435 8.696912 
59408.752217 8.702099 
59408.783999 8.707169 
59408.815781 8.712138 
59408.847562 8.717027 
59408.879344 8.721852 
59408.911126 8.726632 
59408.942908 8.731387 
59408.974690 8.736134 
59409.006472 8.740894 
59409.038254 8.745685 
59409.070036 8.750526 
59409.101818 8.755437 
59409.133600 8.760438 
59409.165382 8.765547 
59409.197164 8.770784 
59409.228946 8.776169 
59409.260728 8.781722 
59409.292510 8.787461 
59409.324292 8.793407 
59409.356074 8.799578 
59409.387856 8.805994 
59409.419638 8.812674 
59409.451420 8.819637 
59409.483202 8.826902 
59409.514984 8.834488 
59409.546766 8.842413 
59409.578548 8.850696 
59409.610330 8.859355 
59409.642112 8.868407 
59409.673894 8.877871 
59409.705676 8.887763 
59409.737458 8.898102 
59409.769240 8.908902 
59409.801022 8.920182 
59409.832804 8.931956 
59409.864586 8.944241 
59409.896368 8.957053 
59409.928150 8.970405 
59409.959932 8.984312 
59409.991714 8.998789 
59410.023496 9.013849 
59410.055278 9.029505 
59410.087060 9.045770 
59410.118842 9.062656 
59410.150624 9.080175 
59410.182406 9.098338 
59410.214188 9.117155 
59410.245970 9.136637 
59410.277752 9.156793 
59410.309534 9.177633 
59410.341316 9.199163 
59410.373098 9.221393 
59410.404880 9.244330 
59410.436662 9.267979 
59410.468444 9.292347 
59410.500226 9.317439 
59410.532008 9.343261 
59410.563790 9.369815 
59410.595572 9.397105 
59410.627354 9.425134 
59410.659136 9.453904 
59410.690918 9.483416 
59410.722700 9.513671 
59410.754482 9.544669 
59410.786264 9.576408 
59410.818046 9.608889 
59410.849828 9.642108 
59410.881610 9.676063 
59410.913392 9.710750 
59410.945174 9.746165 
59410.976956 9.782303 
59411.008738 9.819158 
59411.040520 9.856725 
59411.072302 9.894995 
59411.104084 9.933962 
59411.135866 9.973617 
59411.167648 10.013950 
59411.199430 10.054952 
59411.231212 10.096613 
59411.262994 10.138921 
59411.294776 10.181863 
59411.326558 10.225429 
59411.358340 10.269604 
59411.390122 10.314374 
59411.421904 10.359726 
59411.453686 10.405643 
59411.485468 10.452110 
59411.517250 10.499111 
59411.549031 10.546628 
59411.580813 10.594643 
59411.612595 10.643139 
59411.644377 10.692097 
59411.676159 10.741497 
59411.707941 10.791319 
59411.739723 10.841542 
59411.771505 10.892146 
59411.803287 10.943108 
59411.835069 10.994407 
59411.866851 11.046020 
59411.898633 11.097924 
59411.930415 11.150096 
59411.962197 11.202510 
59411.993979 11.255143 
59412.025761 11.307971 
59412.057543 11.360966 
59412.089325 11.414105 
59412.121107 11.467361 
59412.152889 11.520707 
59412.184671 11.574117 
59412.216453 11.627564 
59412.248235 11.681021 
59412.280017 11.734460 
59412.311799 11.787852 
59412.343581 11.841171 
59412.375363 11.894388 
59412.407145 11.947474 
59412.438927 12.000400 
59412.470709 12.053139 
59412.502491 12.105661 
59412.534273 12.157937 
59412.566055 12.209938 
59412.597837 12.261634 
59412.629619 12.312997 
59412.661401 12.363998 
59412.693183 12.414606 
59412.724965 12.464794 
59412.756747 12.514531 
59412.788529 12.563789 
59412.820311 12.612538 
59412.852093 12.660750 
59412.883875 12.708396 
59412.915657 12.755447 
59412.947439 12.801875 
59412.979221 12.847652 
59413.011003 12.892749 
59413.042785 12.937138 
59413.074567 12.980793 
59413.106349 13.023686 
59413.138131 13.065790 
59413.169913 13.107077 
59413.201695 13.147523 
59413.233477 13.187101 
59413.265259 13.225785 
59413.297041 13.263551 
59413.328823 13.300373 
59413.360605 13.336228 
59413.392387 13.371091 
59413.424169 13.404939 
59413.455951 13.437749 
59413.487733 13.469499 
59413.519515 13.500167 
59413.551297 13.529733 
59413.583079 13.558174 
59413.614861 13.585471 
59413.646643 13.611605 
59413.678425 13.636557 
59413.710207 13.660308 
59413.741989 13.682841 
59413.773771 13.704139 
59413.805553 13.724186 
59413.837335 13.742966 
59413.869117 13.760464 
59413.900899 13.776667 
59413.932681 13.791560 
59413.964463 13.805131 
59413.996245 13.817368 
59414.028027 13.828260 
59414.059809 13.837797 
59414.091591 13.845969 
59414.123373 13.852766 
59414.155155 13.858182 
59414.186937 13.862209 
59414.218719 13.864840 
59414.250500 13.866070 
59414.282282 13.865894 
59414.314064 13.864309 
59414.345846 13.861310 
59414.377628 13.856896 
59414.409410 13.851066 
59414.441192 13.843818 
59414.472974 13.835154 
59414.504756 13.825073 
59414.536538 13.813579 
59414.568320 13.800674 
59414.600102 13.786361 
59414.631884 13.770646 
59414.663666 13.753533 
59414.695448 13.735028 
59414.727230 13.715140 
59414.759012 13.693875 
59414.790794 13.671243 
59414.822576 13.647252 
59414.854358 13.621913 
59414.886140 13.595239 
59414.917922 13.567239 
59414.949704 13.537928 
59414.981486 13.507318 
59415.013268 13.475425 
59415.045050 13.442264 
59415.076832 13.407849 
59415.108614 13.372199 
59415.140396 13.335330 
59415.172178 13.297260 
59415.203960 13.258009 
59415.235742 13.217597 
59415.267524 13.176042 
59415.299306 13.133367 
59415.331088 13.089593 
59415.362870 13.044743 
59415.394652 12.998839 
59415.426434 12.951904 
59415.458216 12.903964 
59415.489998 12.855043 
59415.521780 12.805166 
59415.553562 12.754359 
59415.585344 12.702648 
59415.617126 12.650062 
59415.648908 12.596626 
59415.680690 12.542369 
59415.712472 12.487320 
59415.744254 12.431507 
59415.776036 12.374959 
59415.807818 12.317707 
59415.839600 12.259780 
59415.871382 12.201209 
59415.903164 12.142025 
59415.934946 12.082258 
59415.966728 12.021940 
59415.998510 11.961103 
59416.030292 11.899778 
59416.062074 11.837998 
59416.093856 11.775796 
59416.125638 11.713202 
59416.157420 11.650251 
59416.189202 11.586975 
59416.220984 11.523407 
59416.252766 11.459581 
59416.284548 11.395528 
59416.316330 11.331282 
59416.348112 11.266877 
59416.379894 11.202345 
59416.411676 11.137719 
59416.443458 11.073034 
59416.475240 11.008320 
59416.507022 10.943612 
59416.538804 10.878942 
59416.570586 10.814343 
59416.602368 10.749847 
59416.634150 10.685486 
59416.665932 10.621293 
59416.697714 10.557298 
59416.729496 10.493534 
59416.761278 10.430031 
59416.793060 10.366821 
59416.824842 10.303934 
59416.856624 10.241400 
59416.888406 10.179249 
59416.920188 10.117511 
59416.951969 10.056213 
59416.983751 9.995386 
59417.015533 9.935056 
59417.047315 9.875252 
59417.079097 9.816001 
59417.110879 9.757328 
59417.142661 9.699261 
59417.174443 9.641824 
59417.206225 9.585042 
59417.238007 9.528940 
59417.269789 9.473541 
59417.301571 9.418869 
59417.333353 9.364945 
59417.365135 9.311791 
59417.396917 9.259429 
59417.428699 9.207878 
59417.460481 9.157158 
59417.492263 9.107288 
59417.524045 9.058287 
59417.555827 9.010171 
59417.587609 8.962957 
59417.619391 8.916660 
59417.651173 8.871297 
59417.682955 8.826881 
59417.714737 8.783425 
59417.746519 8.740942 
59417.778301 8.699445 
59417.810083 8.658943 
59417.841865 8.619447 
59417.873647 8.580966 
59417.905429 8.543508 
59417.937211 8.507082 
59417.968993 8.471693 
59418.000775 8.437347 
59418.032557 8.404049 
59418.064339 8.371804 
59418.096121 8.340613 
59418.127903 8.310481 
59418.159685 8.281407 
59418.191467 8.253392 
59418.223249 8.226436 
59418.255031 8.200537 
59418.286813 8.175694 
59418.318595 8.151903 
59418.350377 8.129159 
59418.382159 8.107459 
59418.413941 8.086797 
59418.445723 8.067165 
59418.477505 8.048557 
59418.509287 8.030963 
59418.541069 8.014376 
59418.572851 7.998784 
59418.604633 7.984177 
59418.636415 7.970544 
59418.668197 7.957871 
59418.699979 7.946146 
59418.731761 7.935354 
59418.763543 7.925480 
59418.795325 7.916509 
59418.827107 7.908425 
59418.858889 7.901209 
59418.890671 7.894845 
59418.922453 7.889314 
59418.954235 7.884596 
59418.986017 7.880671 
59419.017799 7.877518 
59419.049581 7.875117 
59419.081363 7.873445 
59419.113145 7.872479 
59419.144927 7.872197 
59419.176709 7.872574 
59419.208491 7.873587 
59419.240273 7.875209 
59419.272055 7.877417 
59419.303837 7.880183 
59419.335619 7.883481 
59419.367401 7.887285 
59419.399183 7.891567 
59419.430965 7.896298 
59419.462747 7.901452 
59419.494529 7.906999 
59419.526311 7.912911 
59419.558093 7.919157 
59419.589875 7.925710 
59419.621656 7.932537 
59419.653438 7.939610 
59419.685220 7.946898 
59419.717002 7.954371 
59419.748784 7.961997 
59419.780566 7.969746 
59419.812348 7.977586 
59419.844130 7.985486 
59419.875912 7.993415 
59419.907694 8.001342 
59419.939476 8.009234 
59419.971258 8.017061 
59420.003040 8.024791 
59420.034822 8.032392 
59420.066604 8.039834 
59420.098386 8.047084 
59420.130168 8.054111 
59420.161950 8.060885 
59420.193732 8.067375 
59420.225514 8.073549 
59420.257296 8.079377 
59420.289078 8.084829 
59420.320860 8.089874 
59420.352642 8.094483 
59420.384424 8.098627 
59420.416206 8.102275 
59420.447988 8.105400 
59420.479770 8.107972 
59420.511552 8.109965 
59420.543334 8.111349 
59420.575116 8.112097 
59420.606898 8.112184 
59420.638680 8.111582 
59420.670462 8.110266 
59420.702244 8.108211 
59420.734026 8.105391 
59420.765808 8.101783 
59420.797590 8.097363 
59420.829372 8.092108 
59420.861154 8.085996 
59420.892936 8.079004 
59420.924718 8.071113 
59420.956500 8.062301 
59420.988282 8.052549 
59421.020064 8.041838 
59421.051846 8.030149 
59421.083628 8.017466 
59421.115410 8.003771 
59421.147192 7.989048 
59421.178974 7.973282 
59421.210756 7.956460 
59421.242538 7.938566 
59421.274320 7.919589 
59421.306102 7.899516 
59421.337884 7.878337 
59421.369666 7.856042 
59421.401448 7.832620 
59421.433230 7.808063 
59421.465012 7.782365 
59421.496794 7.755517 
59421.528576 7.727515 
59421.560358 7.698354 
59421.592140 7.668029 
59421.623922 7.636537 
59421.655704 7.603876 
59421.687486 7.570046 
59421.719268 7.535045 
59421.751050 7.498875 
59421.782832 7.461537 
59421.814614 7.423033 
59421.846396 7.383366 
59421.878178 7.342542 
59421.909960 7.300566 
59421.941742 7.257443 
59421.973524 7.213181 
59422.005306 7.167788 
59422.037088 7.121272 
59422.068870 7.073644 
59422.100652 7.024915 
59422.132434 6.975096 
59422.164216 6.924200 
59422.195998 6.872240 
59422.227780 6.819230 
59422.259562 6.765187 
59422.291344 6.710125 
59422.323125 6.654062 
59422.354907 6.597015 
59422.386689 6.539004 
59422.418471 6.480047 
59422.450253 6.420165 
59422.482035 6.359379 
59422.513817 6.297711 
59422.545599 6.235182 
59422.577381 6.171817 
59422.609163 6.107640 
59422.640945 6.042674 
59422.672727 5.976946 
59422.704509 5.910482 
59422.736291 5.843308 
59422.768073 5.775452 
59422.799855 5.706942 
59422.831637 5.637807 
59422.863419 5.568075 
59422.895201 5.497777 
59422.926983 5.426943 
59422.958765 5.355604 
59422.990547 5.283791 
59423.022329 5.211536 
59423.054111 5.138871 
59423.085893 5.065829 
59423.117675 4.992444 
59423.149457 4.918749 
59423.181239 4.844777 
59423.213021 4.770564 
59423.244803 4.696143 
59423.276585 4.621549 
59423.308367 4.546819 
59423.340149 4.471986 
59423.371931 4.397087 
59423.403713 4.322157 
59423.435495 4.247233 
59423.467277 4.172350 
59423.499059 4.097545 
59423.530841 4.022854 
59423.562623 3.948314 
59423.594405 3.873960 
59423.626187 3.799830 
59423.657969 3.725960 
59423.689751 3.652386 
59423.721533 3.579144 
59423.753315 3.506271 
59423.785097 3.433803 
59423.816879 3.361776 
59423.848661 3.290225 
59423.880443 3.219186 
59423.912225 3.148695 
59423.944007 3.078787 
59423.975789 3.009497 
59424.007571 2.940858 
59424.039353 2.872906 
59424.071135 2.805674 
59424.102917 2.739196 
59424.134699 2.673505 
59424.166481 2.608634 
59424.198263 2.544615 
59424.230045 2.481479 
59424.261827 2.419258 
59424.293609 2.357983 
59424.325391 2.297684 
59424.357173 2.238391 
59424.388955 2.180133 
59424.420737 2.122938 
59424.452519 2.066835 
59424.484301 2.011850 
59424.516083 1.958010 
59424.547865 1.905341 
59424.579647 1.853868 
59424.611429 1.803616 
59424.643211 1.754608 
59424.674993 1.706867 
59424.706775 1.660417 
59424.738557 1.615277 
59424.770339 1.571468 
59424.802121 1.529011 
59424.833903 1.487925 
59424.865685 1.448227 
59424.897467 1.409934 
59424.929249 1.373064 
59424.961031 1.337630 
59424.992813 1.303649 
59425.024594 1.271134 
59425.056376 1.240097 
59425.088158 1.210550 
59425.119940 1.182504 
59425.151722 1.155969 
59425.183504 1.130954 
59425.215286 1.107467 
59425.247068 1.085514 
59425.278850 1.065103 
59425.310632 1.046237 
59425.342414 1.028921 
59425.374196 1.013158 
59425.405978 0.998949 
59425.437760 0.986297 
59425.469542 0.975201 
59425.501324 0.965661 
59425.533106 0.957673 
59425.564888 0.951235 
59425.596670 0.946344 
59425.628452 0.942994 
59425.660234 0.941180 
59425.692016 0.940894 
59425.723798 0.942129 
59425.755580 0.944875 
59425.787362 0.949123 
59425.819144 0.954862 
59425.850926 0.962080 
59425.882708 0.970764 
59425.914490 0.980901 
59425.946272 0.992476 
59425.978054 1.005473 
59426.009836 1.019876 
59426.041618 1.035667 
59426.073400 1.052829 
59426.105182 1.071341 
59426.136964 1.091184 
59426.168746 1.112337 
59426.200528 1.134778 
59426.232310 1.158485 
59426.264092 1.183433 
59426.295874 1.209599 
59426.327656 1.236958 
59426.359438 1.265484 
59426.391220 1.295150 
59426.423002 1.325930 
59426.454784 1.357794 
59426.486566 1.390715 
59426.518348 1.424663 
59426.550130 1.459608 
59426.581912 1.495520 
59426.613694 1.532366 
59426.645476 1.570116 
59426.677258 1.608736 
59426.709040 1.648195 
59426.740822 1.688457 
59426.772604 1.729490 
59426.804386 1.771258 
59426.836168 1.813727 
59426.867950 1.856862 
59426.899732 1.900626 
59426.931514 1.944983 
59426.963296 1.989897 
59426.995078 2.035330 
59427.026860 2.081246 
59427.058642 2.127607 
59427.090424 2.174375 
59427.122206 2.221513 
59427.153988 2.268981 
59427.185770 2.316742 
59427.217552 2.364756 
59427.249334 2.412986 
59427.281116 2.461392 
59427.312898 2.509935 
59427.344680 2.558577 
59427.376462 2.607278 
59427.408244 2.656000 
59427.440026 2.704703 
59427.471808 2.753348 
59427.503590 2.801897 
59427.535372 2.850311 
59427.567154 2.898551 
59427.598936 2.946578 
59427.630718 2.994355 
59427.662500 3.041843 
59427.694282 3.089005 
59427.726063 3.135802 
59427.757845 3.182197 
59427.789627 3.228154 
59427.821409 3.273635 
59427.853191 3.318604 
59427.884973 3.363025 
59427.916755 3.406863 
59427.948537 3.450083 
59427.980319 3.492649 
59428.012101 3.534527 
59428.043883 3.575684 
59428.075665 3.616086 
59428.107447 3.655701 
59428.139229 3.694496 
59428.171011 3.732441 
59428.202793 3.769503 
59428.234575 3.805652 
59428.266357 3.840860 
59428.298139 3.875095 
59428.329921 3.908332 
59428.361703 3.940540 
59428.393485 3.971695 
59428.425267 4.001768 
59428.457049 4.030735 
59428.488831 4.058572 
59428.520613 4.085253 
59428.552395 4.110756 
59428.584177 4.135058 
59428.615959 4.158138 
59428.647741 4.179975 
59428.679523 4.200549 
59428.711305 4.219841 
59428.743087 4.237833 
59428.774869 4.254508 
59428.806651 4.269849 
59428.838433 4.283840 
59428.870215 4.296468 
59428.901997 4.307717 
59428.933779 4.317577 
59428.965561 4.326034 
59428.997343 4.333078 
59429.029125 4.338698 
59429.060907 4.342887 
59429.092689 4.345635 
59429.124471 4.346936 
59429.156253 4.346784 
59429.188035 4.345173 
59429.219817 4.342099 
59429.251599 4.337558 
59429.283381 4.331549 
59429.315163 4.324071 
59429.346945 4.315122 
59429.378727 4.304703 
59429.410509 4.292816 
59429.442291 4.279464 
59429.474073 4.264649 
59429.505855 4.248377 
59429.537637 4.230652 
59429.569419 4.211480 
59429.601201 4.190870 
59429.632983 4.168828 
59429.664765 4.145365 
59429.696547 4.120489 
59429.728329 4.094212 
59429.760111 4.066546 
59429.791893 4.037503 
59429.823675 4.007096 
59429.855457 3.975340 
59429.887239 3.942250 
59429.919021 3.907842 
59429.950803 3.872133 
59429.982585 3.835140 
59430.014367 3.796882 
59430.046149 3.757378 
59430.077931 3.716648 
59430.109713 3.674712 
59430.141495 3.631593 
59430.173277 3.587311 
59430.205059 3.541891 
59430.236841 3.495355 
59430.268623 3.447728 
59430.300405 3.399035 
59430.332187 3.349301 
59430.363969 3.298552 
59430.395751 3.246814 
59430.427532 3.194116 
59430.459314 3.140485 
59430.491096 3.085949 
59430.522878 3.030536 
59430.554660 2.974278 
59430.586442 2.917202 
59430.618224 2.859339 
59430.650006 2.800721 
59430.681788 2.741378 
59430.713570 2.681341 
59430.745352 2.620643 
59430.777134 2.559315 
59430.808916 2.497390 
59430.840698 2.434901 
59430.872480 2.371881 
59430.904262 2.308362 
59430.936044 2.244380 
59430.967826 2.179966 
59430.999608 2.115156 
59431.031390 2.049983 
59431.063172 1.984481 
59431.094954 1.918685 
59431.126736 1.852629 
59431.158518 1.786347 
59431.190300 1.719875 
59431.222082 1.653246 
59431.253864 1.586494 
59431.285646 1.519656 
59431.317428 1.452763 
59431.349210 1.385852 
59431.380992 1.318957 
59431.412774 1.252111 
59431.444556 1.185348 
59431.476338 1.118703 
59431.508120 1.052208 
59431.539902 0.985898 
59431.571684 0.919805 
59431.603466 0.853963 
59431.635248 0.788405 
59431.667030 0.723161 
59431.698812 0.658266 
59431.730594 0.593750 
59431.762376 0.529645 
59431.794158 0.465982 
59431.825940 0.402791 
59431.857722 0.340104 
59431.889504 0.277949 
59431.921286 0.216356 
59431.953068 0.155354 
59431.984850 0.094972 
59432.016632 0.035238 
59432.048414 -0.023821 
59432.080196 -0.082179 
59432.111978 -0.139807 
59432.143760 -0.196682 
59432.175542 -0.252777 
59432.207324 -0.308067 
59432.239106 -0.362529 
59432.270888 -0.416139 
59432.302670 -0.468873 
59432.334452 -0.520711 
59432.366234 -0.571629 
59432.398016 -0.621607 
59432.429798 -0.670625 
59432.461580 -0.718663 
59432.493362 -0.765702 
59432.525144 -0.811723 
59432.556926 -0.856710 
59432.588708 -0.079180 
