# time model 
59325.801227 -0.000076 
59325.833009 -0.000077 
59325.864791 -0.000077 
59325.896573 -0.000077 
59325.928355 -0.000077 
59325.960137 -0.000078 
59325.991919 -0.000078 
59326.023701 -0.000078 
59326.055483 -0.000078 
59326.087265 -0.000078 
59326.119047 -0.000078 
59326.150829 -0.000078 
59326.182611 -0.000079 
59326.214393 -0.000079 
59326.246175 -0.000078 
59326.277957 -0.000078 
59326.309739 -0.000078 
59326.341521 -0.000078 
59326.373303 -0.000078 
59326.405085 -0.000078 
59326.436867 -0.000078 
59326.468649 -0.000077 
59326.500431 -0.000077 
59326.532213 -0.000077 
59326.563995 -0.000077 
59326.595777 -0.000076 
59326.627559 -0.000076 
59326.659341 -0.000075 
59326.691123 -0.000075 
59326.722905 -0.000075 
59326.754687 -0.000074 
59326.786469 -0.000074 
59326.818251 -0.000073 
59326.850033 -0.000072 
59326.881815 -0.000072 
59326.913597 -0.000071 
59326.945379 -0.000071 
59326.977161 -0.000070 
59327.008943 -0.000069 
59327.040725 -0.000069 
59327.072507 -0.000068 
59327.104289 -0.000067 
59327.136071 -0.000067 
59327.167853 -0.000066 
59327.199635 -0.000065 
59327.231417 -0.000064 
59327.263199 -0.000064 
59327.294981 -0.000063 
59327.326763 -0.000062 
59327.358545 -0.000061 
59327.390327 -0.000060 
59327.422109 -0.000059 
59327.453891 -0.000059 
59327.485673 -0.000058 
59327.517455 -0.000057 
59327.549237 -0.000056 
59327.581019 -0.000055 
59327.612801 -0.000054 
59327.644583 -0.000053 
59327.676365 -0.000052 
59327.708147 -0.000051 
59327.739929 -0.000051 
59327.771711 -0.000050 
59327.803493 -0.000049 
59327.835275 -0.000048 
59327.867057 -0.000047 
59327.898839 -0.000046 
59327.930621 -0.000045 
59327.962402 -0.000044 
59327.994184 -0.000043 
59328.025966 -0.000042 
59328.057748 -0.000041 
59328.089530 -0.000040 
59328.121312 -0.000039 
59328.153094 -0.000039 
59328.184876 -0.000038 
59328.216658 -0.000037 
59328.248440 -0.000036 
59328.280222 -0.000035 
59328.312004 -0.000034 
59328.343786 -0.000033 
59328.375568 -0.000032 
59328.407350 -0.000032 
59328.439132 -0.000031 
59328.470914 -0.000030 
59328.502696 -0.000029 
59328.534478 -0.000028 
59328.566260 -0.000027 
59328.598042 -0.000027 
59328.629824 -0.000026 
59328.661606 -0.000025 
59328.693388 -0.000024 
59328.725170 -0.000024 
59328.756952 -0.000023 
59328.788734 -0.000022 
59328.820516 -0.000022 
59328.852298 -0.000021 
59328.884080 -0.000020 
59328.915862 -0.000020 
59328.947644 -0.000019 
59328.979426 -0.000019 
59329.011208 -0.000018 
59329.042990 -0.000017 
59329.074772 -0.000017 
59329.106554 -0.000016 
59329.138336 -0.000016 
59329.170118 -0.000015 
59329.201900 -0.000015 
59329.233682 -0.000015 
59329.265464 -0.000014 
59329.297246 -0.000014 
59329.329028 -0.000013 
59329.360810 -0.000013 
59329.392592 -0.000013 
59329.424374 -0.000012 
59329.456156 -0.000012 
59329.487938 -0.000012 
59329.519720 -0.000011 
59329.551502 -0.000011 
59329.583284 -0.000011 
59329.615066 -0.000011 
59329.646848 -0.000011 
59329.678630 -0.000010 
59329.710412 -0.000010 
59329.742194 -0.000010 
59329.773976 -0.000010 
59329.805758 -0.000010 
59329.837540 -0.000010 
59329.869322 -0.000010 
59329.901104 -0.000010 
59329.932886 -0.000010 
59329.964668 -0.000010 
59329.996450 -0.000010 
59330.028232 -0.000010 
59330.060014 -0.000010 
59330.091796 -0.000010 
59330.123578 -0.000010 
59330.155360 -0.000010 
59330.187142 -0.000010 
59330.218924 -0.000010 
59330.250706 -0.000010 
59330.282488 -0.000010 
59330.314270 -0.000011 
59330.346052 -0.000011 
59330.377834 -0.000011 
59330.409616 -0.000011 
59330.441398 -0.000011 
59330.473180 -0.000011 
59330.504962 -0.000012 
59330.536744 -0.000012 
59330.568526 -0.000012 
59330.600308 -0.000012 
59330.632090 -0.000013 
59330.663871 -0.000013 
59330.695653 -0.000013 
59330.727435 -0.000013 
59330.759217 -0.000014 
59330.790999 -0.000014 
59330.822781 -0.000014 
59330.854563 -0.000015 
59330.886345 -0.000015 
59330.918127 -0.000015 
59330.949909 -0.000015 
59330.981691 -0.000016 
59331.013473 -0.000016 
59331.045255 -0.000016 
59331.077037 -0.000017 
59331.108819 -0.000017 
59331.140601 -0.000017 
59331.172383 -0.000018 
59331.204165 -0.000018 
59331.235947 -0.000018 
59331.267729 -0.000018 
59331.299511 -0.000019 
59331.331293 -0.000019 
59331.363075 -0.000019 
59331.394857 -0.000020 
59331.426639 -0.000020 
59331.458421 -0.000020 
59331.490203 -0.000020 
59331.521985 -0.000021 
59331.553767 -0.000021 
59331.585549 -0.000021 
59331.617331 -0.000021 
59331.649113 -0.000021 
59331.680895 -0.000022 
59331.712677 -0.000022 
59331.744459 -0.000022 
59331.776241 -0.000022 
59331.808023 -0.000022 
59331.839805 -0.000022 
59331.871587 -0.000022 
59331.903369 -0.000023 
59331.935151 -0.000023 
59331.966933 -0.000023 
59331.998715 -0.000023 
59332.030497 -0.000023 
59332.062279 -0.000023 
59332.094061 -0.000023 
59332.125843 -0.000023 
59332.157625 -0.000023 
59332.189407 -0.000023 
59332.221189 -0.000023 
59332.252971 -0.000023 
59332.284753 -0.000023 
59332.316535 -0.000022 
59332.348317 -0.000022 
59332.380099 -0.000022 
59332.411881 -0.000022 
59332.443663 -0.000022 
59332.475445 -0.000022 
59332.507227 -0.000021 
59332.539009 -0.000021 
59332.570791 -0.000021 
59332.602573 -0.000021 
59332.634355 -0.000020 
59332.666137 -0.000020 
59332.697919 -0.000020 
59332.729701 -0.000019 
59332.761483 -0.000019 
59332.793265 -0.000018 
59332.825047 -0.000018 
59332.856829 -0.000018 
59332.888611 -0.000017 
59332.920393 -0.000017 
59332.952175 -0.000016 
59332.983957 -0.000016 
59333.015739 -0.000015 
59333.047521 -0.000014 
59333.079303 -0.000014 
59333.111085 -0.000013 
59333.142867 -0.000013 
59333.174649 -0.000012 
59333.206431 -0.000011 
59333.238213 -0.000011 
59333.269995 -0.000010 
59333.301777 -0.000009 
59333.333559 -0.000009 
59333.365340 -0.000008 
59333.397122 -0.000007 
59333.428904 -0.000006 
59333.460686 -0.000006 
59333.492468 -0.000005 
59333.524250 -0.000004 
59333.556032 -0.000003 
59333.587814 -0.000002 
59333.619596 -0.000002 
59333.651378 -0.000001 
59333.683160 0.000000 
59333.714942 0.000001 
59333.746724 0.000002 
59333.778506 0.000003 
59333.810288 0.000004 
59333.842070 0.000005 
59333.873852 0.000005 
59333.905634 0.000006 
59333.937416 0.000007 
59333.969198 0.000008 
59334.000980 0.000009 
59334.032762 0.000010 
59334.064544 0.000011 
59334.096326 0.000012 
59334.128108 0.000013 
59334.159890 0.000014 
59334.191672 0.000015 
59334.223454 0.000016 
59334.255236 0.000017 
59334.287018 0.000018 
59334.318800 0.000019 
59334.350582 0.000020 
59334.382364 0.000021 
59334.414146 0.000022 
59334.445928 0.000023 
59334.477710 0.000024 
59334.509492 0.000025 
59334.541274 0.000026 
59334.573056 0.000027 
59334.604838 0.000028 
59334.636620 0.000028 
59334.668402 0.000029 
59334.700184 0.000030 
59334.731966 0.000031 
59334.763748 0.000032 
59334.795530 0.000033 
59334.827312 0.000034 
59334.859094 0.000035 
59334.890876 0.000036 
59334.922658 0.000036 
59334.954440 0.000037 
59334.986222 0.000038 
59335.018004 0.000039 
59335.049786 0.000040 
59335.081568 0.000040 
59335.113350 0.000041 
59335.145132 0.000042 
59335.176914 0.000043 
59335.208696 0.000043 
59335.240478 0.000044 
59335.272260 0.000045 
59335.304042 0.000045 
59335.335824 0.000046 
59335.367606 0.000046 
59335.399388 0.000047 
59335.431170 0.000047 
59335.462952 0.000048 
59335.494734 0.000049 
59335.526516 0.000049 
59335.558298 0.000049 
59335.590080 0.000050 
59335.621862 0.000050 
59335.653644 0.000051 
59335.685426 0.000051 
59335.717208 0.000051 
59335.748990 0.000052 
59335.780772 0.000052 
59335.812554 0.000052 
59335.844336 0.000052 
59335.876118 0.000053 
59335.907900 0.000053 
59335.939682 0.000053 
59335.971464 0.000053 
59336.003246 0.000053 
59336.035028 0.000053 
59336.066809 0.000053 
59336.098591 0.000053 
59336.130373 0.000053 
59336.162155 0.000053 
59336.193937 0.000053 
59336.225719 0.000053 
59336.257501 0.000053 
59336.289283 0.000053 
59336.321065 0.000053 
59336.352847 0.000052 
59336.384629 0.000052 
59336.416411 0.000052 
59336.448193 0.000052 
59336.479975 0.000051 
59336.511757 0.000051 
59336.543539 0.000051 
59336.575321 0.000050 
59336.607103 0.000050 
59336.638885 0.000049 
59336.670667 0.000049 
59336.702449 0.000049 
59336.734231 0.000048 
59336.766013 0.000047 
59336.797795 0.000047 
59336.829577 0.000046 
59336.861359 0.000046 
59336.893141 0.000045 
59336.924923 0.000044 
59336.956705 0.000044 
59336.988487 0.000043 
59337.020269 0.000042 
59337.052051 0.000042 
59337.083833 0.000041 
59337.115615 0.000040 
59337.147397 0.000039 
59337.179179 0.000038 
59337.210961 0.000038 
59337.242743 0.000037 
59337.274525 0.000036 
59337.306307 0.000035 
59337.338089 0.000034 
59337.369871 0.000033 
59337.401653 0.000032 
59337.433435 0.000031 
59337.465217 0.000030 
59337.496999 0.000029 
59337.528781 0.000028 
59337.560563 0.000027 
59337.592345 0.000026 
59337.624127 0.000025 
59337.655909 0.000024 
59337.687691 0.000023 
59337.719473 0.000022 
59337.751255 0.000021 
59337.783037 0.000020 
59337.814819 0.000019 
59337.846601 0.000018 
59337.878383 0.000017 
59337.910165 0.000016 
59337.941947 0.000015 
59337.973729 0.000014 
59338.005511 0.000013 
59338.037293 0.000012 
59338.069075 0.000011 
59338.100857 0.000010 
59338.132639 0.000009 
59338.164421 0.000008 
59338.196203 0.000007 
59338.227985 0.000006 
59338.259767 0.000005 
59338.291549 0.000004 
59338.323331 0.000003 
59338.355113 0.000002 
59338.386895 0.000001 
59338.418677 -0.000000 
59338.450459 -0.000001 
59338.482241 -0.000002 
59338.514023 -0.000003 
59338.545805 -0.000004 
59338.577587 -0.000005 
59338.609369 -0.000006 
59338.641151 -0.000007 
59338.672933 -0.000008 
59338.704715 -0.000009 
59338.736497 -0.000009 
59338.768278 -0.000010 
59338.800060 -0.000011 
59338.831842 -0.000012 
59338.863624 -0.000013 
59338.895406 -0.000013 
59338.927188 -0.000014 
59338.958970 -0.000015 
59338.990752 -0.000015 
59339.022534 -0.000016 
59339.054316 -0.000017 
59339.086098 -0.000017 
59339.117880 -0.000018 
59339.149662 -0.000018 
59339.181444 -0.000019 
59339.213226 -0.000019 
59339.245008 -0.000020 
59339.276790 -0.000020 
59339.308572 -0.000021 
59339.340354 -0.000021 
59339.372136 -0.000022 
59339.403918 -0.000022 
59339.435700 -0.000022 
59339.467482 -0.000023 
59339.499264 -0.000023 
59339.531046 -0.000023 
59339.562828 -0.000023 
59339.594610 -0.000024 
59339.626392 -0.000024 
59339.658174 -0.000024 
59339.689956 -0.000024 
59339.721738 -0.000024 
59339.753520 -0.000024 
59339.785302 -0.000024 
59339.817084 -0.000024 
59339.848866 -0.000024 
59339.880648 -0.000024 
59339.912430 -0.000024 
59339.944212 -0.000024 
59339.975994 -0.000023 
59340.007776 -0.000023 
59340.039558 -0.000023 
59340.071340 -0.000023 
59340.103122 -0.000023 
59340.134904 -0.000022 
59340.166686 -0.000022 
59340.198468 -0.000022 
59340.230250 -0.000021 
59340.262032 -0.000021 
59340.293814 -0.000020 
59340.325596 -0.000020 
59340.357378 -0.000019 
59340.389160 -0.000019 
59340.420942 -0.000018 
59340.452724 -0.000018 
59340.484506 -0.000017 
59340.516288 -0.000016 
59340.548070 -0.000016 
59340.579852 -0.000015 
59340.611634 -0.000014 
59340.643416 -0.000014 
59340.675198 -0.000013 
59340.706980 -0.000012 
59340.738762 -0.000012 
59340.770544 -0.000011 
59340.802326 -0.000010 
59340.834108 -0.000009 
59340.865890 -0.000008 
59340.897672 -0.000007 
59340.929454 -0.000007 
59340.961236 -0.000006 
59340.993018 -0.000005 
59341.024800 -0.000004 
59341.056582 -0.000003 
59341.088364 -0.000002 
59341.120146 -0.000001 
59341.151928 -0.000000 
59341.183710 0.000001 
59341.215492 0.000002 
59341.247274 0.000003 
59341.279056 0.000004 
59341.310838 0.000005 
59341.342620 0.000006 
59341.374402 0.000007 
59341.406184 0.000008 
59341.437965 0.000009 
59341.469747 0.000010 
59341.501529 0.000011 
59341.533311 0.000012 
59341.565093 0.000013 
59341.596875 0.000014 
59341.628657 0.000015 
59341.660439 0.000016 
59341.692221 0.000017 
59341.724003 0.000018 
59341.755785 0.000019 
59341.787567 0.000020 
59341.819349 0.000021 
59341.851131 0.000022 
59341.882913 0.000023 
59341.914695 0.000024 
59341.946477 0.000025 
59341.978259 0.000026 
59342.010041 0.000027 
59342.041823 0.000028 
59342.073605 0.000029 
59342.105387 0.000030 
59342.137169 0.000031 
59342.168951 0.000032 
59342.200733 0.000033 
59342.232515 0.000033 
59342.264297 0.000034 
59342.296079 0.000035 
59342.327861 0.000036 
59342.359643 0.000037 
59342.391425 0.000037 
59342.423207 0.000038 
59342.454989 0.000039 
59342.486771 0.000039 
59342.518553 0.000040 
59342.550335 0.000041 
59342.582117 0.000041 
59342.613899 0.000042 
59342.645681 0.000042 
59342.677463 0.000043 
59342.709245 0.000043 
59342.741027 0.000044 
59342.772809 0.000044 
59342.804591 0.000045 
59342.836373 0.000045 
59342.868155 0.000045 
59342.899937 0.000046 
59342.931719 0.000046 
59342.963501 0.000046 
59342.995283 0.000047 
59343.027065 0.000047 
59343.058847 0.000047 
59343.090629 0.000047 
59343.122411 0.000047 
59343.154193 0.000047 
59343.185975 0.000047 
59343.217757 0.000047 
59343.249539 0.000047 
59343.281321 0.000047 
59343.313103 0.000047 
59343.344885 0.000047 
59343.376667 0.000047 
59343.408449 0.000047 
59343.440231 0.000046 
59343.472013 0.000046 
59343.503795 0.000046 
59343.535577 0.000045 
59343.567359 0.000045 
59343.599141 0.000045 
59343.630923 0.000044 
59343.662705 0.000044 
59343.694487 0.000043 
59343.726269 0.000043 
59343.758051 0.000042 
59343.789833 0.000042 
59343.821615 0.000041 
59343.853397 0.000040 
59343.885179 0.000040 
59343.916961 0.000039 
59343.948743 0.000038 
59343.980525 0.000038 
59344.012307 0.000037 
59344.044089 0.000036 
59344.075871 0.000035 
59344.107653 0.000034 
59344.139434 0.000033 
59344.171216 0.000032 
59344.202998 0.000031 
59344.234780 0.000030 
59344.266562 0.000029 
59344.298344 0.000028 
59344.330126 0.000027 
59344.361908 0.000026 
59344.393690 0.000025 
59344.425472 0.000024 
59344.457254 0.000023 
59344.489036 0.000022 
59344.520818 0.000021 
59344.552600 0.000019 
59344.584382 0.000018 
59344.616164 0.000017 
59344.647946 0.000016 
59344.679728 0.000015 
59344.711510 0.000013 
59344.743292 0.000012 
59344.775074 0.000011 
59344.806856 0.000009 
59344.838638 0.000008 
59344.870420 0.000007 
59344.902202 0.000005 
59344.933984 0.000004 
59344.965766 0.000003 
59344.997548 0.000001 
59345.029330 0.000000 
59345.061112 -0.000001 
59345.092894 -0.000003 
59345.124676 -0.000004 
59345.156458 -0.000005 
59345.188240 -0.000007 
59345.220022 -0.000008 
59345.251804 -0.000009 
59345.283586 -0.000011 
59345.315368 -0.000012 
59345.347150 -0.000013 
59345.378932 -0.000015 
59345.410714 -0.000016 
59345.442496 -0.000017 
59345.474278 -0.000019 
59345.506060 -0.000020 
59345.537842 -0.000021 
59345.569624 -0.000022 
59345.601406 -0.000024 
59345.633188 -0.000025 
59345.664970 -0.000026 
59345.696752 -0.000027 
59345.728534 -0.000028 
59345.760316 -0.000030 
59345.792098 -0.000031 
59345.823880 -0.000032 
59345.855662 -0.000033 
59345.887444 -0.000034 
59345.919226 -0.000035 
59345.951008 -0.000036 
59345.982790 -0.000037 
59346.014572 -0.000038 
59346.046354 -0.000039 
59346.078136 -0.000040 
59346.109918 -0.000041 
59346.141700 -0.000042 
59346.173482 -0.000043 
59346.205264 -0.000043 
59346.237046 -0.000044 
59346.268828 -0.000045 
59346.300610 -0.000046 
59346.332392 -0.000046 
59346.364174 -0.000047 
59346.395956 -0.000047 
59346.427738 -0.000048 
59346.459520 -0.000049 
59346.491302 -0.000049 
59346.523084 -0.000049 
59346.554866 -0.000050 
59346.586648 -0.000050 
59346.618430 -0.000051 
59346.650212 -0.000051 
59346.681994 -0.000051 
59346.713776 -0.000051 
59346.745558 -0.000052 
59346.777340 -0.000052 
59346.809122 -0.000052 
59346.840903 -0.000052 
59346.872685 -0.000052 
59346.904467 -0.000052 
59346.936249 -0.000052 
59346.968031 -0.000052 
59346.999813 -0.000051 
59347.031595 -0.000051 
59347.063377 -0.000051 
59347.095159 -0.000051 
59347.126941 -0.000050 
59347.158723 -0.000050 
59347.190505 -0.000050 
59347.222287 -0.000049 
59347.254069 -0.000049 
59347.285851 -0.000048 
59347.317633 -0.000048 
59347.349415 -0.000047 
59347.381197 -0.000046 
59347.412979 -0.000046 
59347.444761 -0.000045 
59347.476543 -0.000044 
59347.508325 -0.000043 
59347.540107 -0.000042 
59347.571889 -0.000041 
59347.603671 -0.000041 
59347.635453 -0.000040 
59347.667235 -0.000038 
59347.699017 -0.000037 
59347.730799 -0.000036 
59347.762581 -0.000035 
59347.794363 -0.000034 
59347.826145 -0.000033 
59347.857927 -0.000032 
59347.889709 -0.000030 
59347.921491 -0.000029 
59347.953273 -0.000028 
59347.985055 -0.000026 
59348.016837 -0.000025 
59348.048619 -0.000023 
59348.080401 -0.000022 
59348.112183 -0.000020 
59348.143965 -0.000019 
59348.175747 -0.000017 
59348.207529 -0.000016 
59348.239311 -0.000014 
59348.271093 -0.000013 
59348.302875 -0.000011 
59348.334657 -0.000009 
59348.366439 -0.000008 
59348.398221 -0.000006 
59348.430003 -0.000004 
59348.461785 -0.000002 
59348.493567 -0.000001 
59348.525349 0.000001 
59348.557131 0.000003 
59348.588913 0.000005 
59348.620695 0.000007 
59348.652477 0.000009 
59348.684259 0.000010 
59348.716041 0.000012 
59348.747823 0.000014 
59348.779605 0.000016 
59348.811387 0.000018 
59348.843169 0.000020 
59348.874951 0.000022 
59348.906733 0.000024 
59348.938515 0.000026 
59348.970297 0.000028 
59349.002079 0.000030 
59349.033861 0.000031 
59349.065643 0.000033 
59349.097425 0.000035 
59349.129207 0.000037 
59349.160989 0.000039 
59349.192771 0.000041 
59349.224553 0.000043 
59349.256335 0.000045 
59349.288117 0.000047 
59349.319899 0.000049 
59349.351681 0.000050 
59349.383463 0.000052 
59349.415245 0.000054 
59349.447027 0.000056 
59349.478809 0.000058 
59349.510591 0.000059 
59349.542372 0.000061 
59349.574154 0.000063 
59349.605936 0.000065 
59349.637718 0.000066 
59349.669500 0.000068 
59349.701282 0.000070 
59349.733064 0.000071 
59349.764846 0.000073 
59349.796628 0.000074 
59349.828410 0.000076 
59349.860192 0.000077 
59349.891974 0.000079 
59349.923756 0.000080 
59349.955538 0.000082 
59349.987320 0.000083 
59350.019102 0.000084 
59350.050884 0.000086 
59350.082666 0.000087 
59350.114448 0.000088 
59350.146230 0.000089 
59350.178012 0.000091 
59350.209794 0.000092 
59350.241576 0.000093 
59350.273358 0.000094 
59350.305140 0.000095 
59350.336922 0.000096 
59350.368704 0.000097 
59350.400486 0.000098 
59350.432268 0.000099 
59350.464050 0.000099 
59350.495832 0.000100 
59350.527614 0.000101 
59350.559396 0.000101 
59350.591178 0.000102 
59350.622960 0.000103 
59350.654742 0.000103 
59350.686524 0.000104 
59350.718306 0.000104 
59350.750088 0.000105 
59350.781870 0.000105 
59350.813652 0.000105 
59350.845434 0.000106 
59350.877216 0.000106 
59350.908998 0.000106 
59350.940780 0.000106 
59350.972562 0.000106 
59351.004344 0.000106 
59351.036126 0.000106 
59351.067908 0.000106 
59351.099690 0.000106 
59351.131472 0.000106 
59351.163254 0.000106 
59351.195036 0.000105 
59351.226818 0.000105 
59351.258600 0.000105 
59351.290382 0.000104 
59351.322164 0.000104 
59351.353946 0.000103 
59351.385728 0.000103 
59351.417510 0.000102 
59351.449292 0.000102 
59351.481074 0.000101 
59351.512856 0.000101 
59351.544638 0.000100 
59351.576420 0.000099 
59351.608202 0.000098 
59351.639984 0.000097 
59351.671766 0.000096 
59351.703548 0.000096 
59351.735330 0.000095 
59351.767112 0.000094 
59351.798894 0.000093 
59351.830676 0.000092 
59351.862458 0.000090 
59351.894240 0.000089 
59351.926022 0.000088 
59351.957804 0.000087 
59351.989586 0.000086 
59352.021368 0.000084 
59352.053150 0.000083 
59352.084932 0.000082 
59352.116714 0.000080 
59352.148496 0.000079 
59352.180278 0.000078 
59352.212060 0.000076 
59352.243841 0.000075 
59352.275623 0.000073 
59352.307405 0.000072 
59352.339187 0.000070 
59352.370969 0.000069 
59352.402751 0.000067 
59352.434533 0.000066 
59352.466315 0.000064 
59352.498097 0.000062 
59352.529879 0.000061 
59352.561661 0.000059 
59352.593443 0.000057 
59352.625225 0.000056 
59352.657007 0.000054 
59352.688789 0.000052 
59352.720571 0.000051 
59352.752353 0.000049 
59352.784135 0.000047 
59352.815917 0.000046 
59352.847699 0.000044 
59352.879481 0.000042 
59352.911263 0.000041 
59352.943045 0.000039 
59352.974827 0.000037 
59353.006609 0.000035 
59353.038391 0.000034 
59353.070173 0.000032 
59353.101955 0.000030 
59353.133737 0.000029 
59353.165519 0.000027 
59353.197301 0.000025 
59353.229083 0.000024 
59353.260865 0.000022 
59353.292647 0.000020 
59353.324429 0.000019 
59353.356211 0.000017 
59353.387993 0.000016 
59353.419775 0.000014 
59353.451557 0.000012 
59353.483339 0.000011 
59353.515121 0.000009 
59353.546903 0.000008 
59353.578685 0.000006 
59353.610467 0.000005 
59353.642249 0.000004 
59353.674031 0.000002 
59353.705813 0.000001 
59353.737595 -0.000001 
59353.769377 -0.000002 
59353.801159 -0.000003 
59353.832941 -0.000004 
59353.864723 -0.000006 
59353.896505 -0.000007 
59353.928287 -0.000008 
59353.960069 -0.000009 
59353.991851 -0.000010 
59354.023633 -0.000011 
59354.055415 -0.000012 
59354.087197 -0.000013 
59354.118979 -0.000014 
59354.150761 -0.000015 
59354.182543 -0.000016 
59354.214325 -0.000017 
59354.246107 -0.000018 
59354.277889 -0.000019 
59354.309671 -0.000019 
59354.341453 -0.000020 
59354.373235 -0.000021 
59354.405017 -0.000021 
59354.436799 -0.000022 
59354.468581 -0.000022 
59354.500363 -0.000023 
59354.532145 -0.000023 
59354.563927 -0.000024 
59354.595709 -0.000024 
59354.627491 -0.000025 
59354.659273 -0.000025 
59354.691055 -0.000025 
59354.722837 -0.000025 
59354.754619 -0.000026 
59354.786401 -0.000026 
59354.818183 -0.000026 
59354.849965 -0.000026 
59354.881747 -0.000026 
59354.913529 -0.000026 
59354.945310 -0.000026 
59354.977092 -0.000026 
59355.008874 -0.000025 
59355.040656 -0.000025 
59355.072438 -0.000025 
59355.104220 -0.000025 
59355.136002 -0.000024 
59355.167784 -0.000024 
59355.199566 -0.000023 
59355.231348 -0.000023 
59355.263130 -0.000023 
59355.294912 -0.000022 
59355.326694 -0.000021 
59355.358476 -0.000021 
59355.390258 -0.000020 
59355.422040 -0.000020 
59355.453822 -0.000019 
59355.485604 -0.000018 
59355.517386 -0.000017 
59355.549168 -0.000016 
59355.580950 -0.000016 
59355.612732 -0.000015 
59355.644514 -0.000014 
59355.676296 -0.000013 
59355.708078 -0.000012 
59355.739860 -0.000011 
59355.771642 -0.000010 
59355.803424 -0.000009 
59355.835206 -0.000008 
59355.866988 -0.000007 
59355.898770 -0.000005 
59355.930552 -0.000004 
59355.962334 -0.000003 
59355.994116 -0.000002 
59356.025898 -0.000001 
59356.057680 0.000001 
59356.089462 0.000002 
59356.121244 0.000003 
59356.153026 0.000005 
59356.184808 0.000006 
59356.216590 0.000007 
59356.248372 0.000009 
59356.280154 0.000010 
59356.311936 0.000012 
59356.343718 0.000013 
59356.375500 0.000015 
59356.407282 0.000016 
59356.439064 0.000017 
59356.470846 0.000019 
59356.502628 0.000020 
59356.534410 0.000022 
59356.566192 0.000023 
59356.597974 0.000025 
59356.629756 0.000026 
59356.661538 0.000028 
59356.693320 0.000029 
59356.725102 0.000031 
59356.756884 0.000033 
59356.788666 0.000034 
59356.820448 0.000036 
59356.852230 0.000037 
59356.884012 0.000039 
59356.915794 0.000040 
59356.947576 0.000042 
59356.979358 0.000043 
59357.011140 0.000045 
59357.042922 0.000046 
59357.074704 0.000048 
59357.106486 0.000049 
59357.138268 0.000051 
59357.170050 0.000052 
59357.201832 0.000053 
59357.233614 0.000055 
59357.265396 0.000056 
59357.297178 0.000058 
59357.328960 0.000059 
59357.360742 0.000060 
59357.392524 0.000062 
59357.424306 0.000063 
59357.456088 0.000064 
59357.487870 0.000066 
59357.519652 0.000067 
59357.551434 0.000068 
59357.583216 0.000070 
59357.614997 0.000071 
59357.646779 0.000072 
59357.678561 0.000073 
59357.710343 0.000074 
59357.742125 0.000075 
59357.773907 0.000076 
59357.805689 0.000077 
59357.837471 0.000079 
59357.869253 0.000080 
59357.901035 0.000081 
59357.932817 0.000081 
59357.964599 0.000082 
59357.996381 0.000083 
59358.028163 0.000084 
59358.059945 0.000085 
59358.091727 0.000086 
59358.123509 0.000087 
59358.155291 0.000087 
59358.187073 0.000088 
59358.218855 0.000089 
59358.250637 0.000089 
59358.282419 0.000090 
59358.314201 0.000091 
59358.345983 0.000091 
59358.377765 0.000092 
59358.409547 0.000092 
59358.441329 0.000093 
59358.473111 0.000093 
59358.504893 0.000094 
59358.536675 0.000094 
59358.568457 0.000094 
59358.600239 0.000095 
59358.632021 0.000095 
59358.663803 0.000095 
59358.695585 0.000095 
59358.727367 0.000096 
59358.759149 0.000096 
59358.790931 0.000096 
59358.822713 0.000096 
59358.854495 0.000096 
59358.886277 0.000096 
59358.918059 0.000096 
59358.949841 0.000096 
59358.981623 0.000096 
59359.013405 0.000096 
59359.045187 0.000096 
59359.076969 0.000096 
59359.108751 0.000096 
59359.140533 0.000095 
59359.172315 0.000095 
59359.204097 0.000095 
59359.235879 0.000095 
59359.267661 0.000094 
59359.299443 0.000094 
59359.331225 0.000094 
59359.363007 0.000093 
59359.394789 0.000093 
59359.426571 0.000093 
59359.458353 0.000092 
59359.490135 0.000092 
59359.521917 0.000091 
59359.553699 0.000091 
59359.585481 0.000090 
59359.617263 0.000090 
59359.649045 0.000089 
59359.680827 0.000089 
59359.712609 0.000088 
59359.744391 0.000088 
59359.776173 0.000087 
59359.807955 0.000086 
59359.839737 0.000086 
59359.871519 0.000085 
59359.903301 0.000084 
59359.935083 0.000084 
59359.966865 0.000083 
59359.998647 0.000082 
59360.030429 0.000082 
59360.062211 0.000081 
59360.093993 0.000080 
59360.125775 0.000079 
59360.157557 0.000079 
59360.189339 0.000078 
59360.221121 0.000077 
59360.252903 0.000076 
59360.284685 0.000076 
59360.316466 0.000075 
59360.348248 0.000074 
59360.380030 0.000073 
59360.411812 0.000073 
59360.443594 0.000072 
59360.475376 0.000071 
59360.507158 0.000070 
59360.538940 0.000070 
59360.570722 0.000069 
59360.602504 0.000068 
59360.634286 0.000068 
59360.666068 0.000067 
59360.697850 0.000066 
59360.729632 0.000065 
59360.761414 0.000065 
59360.793196 0.000064 
59360.824978 0.000063 
59360.856760 0.000063 
59360.888542 0.000062 
59360.920324 0.000061 
59360.952106 0.000061 
59360.983888 0.000060 
59361.015670 0.000059 
59361.047452 0.000059 
59361.079234 0.000058 
59361.111016 0.000058 
59361.142798 0.000057 
59361.174580 0.000056 
59361.206362 0.000056 
59361.238144 0.000055 
59361.269926 0.000055 
59361.301708 0.000054 
59361.333490 0.000054 
59361.365272 0.000053 
59361.397054 0.000053 
59361.428836 0.000053 
59361.460618 0.000052 
59361.492400 0.000052 
59361.524182 0.000051 
59361.555964 0.000051 
59361.587746 0.000051 
59361.619528 0.000051 
59361.651310 0.000050 
59361.683092 0.000050 
59361.714874 0.000050 
59361.746656 0.000049 
59361.778438 0.000049 
59361.810220 0.000049 
59361.842002 0.000049 
59361.873784 0.000049 
59361.905566 0.000049 
59361.937348 0.000049 
59361.969130 0.000048 
59362.000912 0.000048 
59362.032694 0.000048 
59362.064476 0.000048 
59362.096258 0.000048 
59362.128040 0.000048 
59362.159822 0.000048 
59362.191604 0.000048 
59362.223386 0.000048 
59362.255168 0.000049 
59362.286950 0.000049 
59362.318732 0.000049 
59362.350514 0.000049 
59362.382296 0.000049 
59362.414078 0.000049 
59362.445860 0.000049 
59362.477642 0.000050 
59362.509424 0.000050 
59362.541206 0.000050 
59362.572988 0.000050 
59362.604770 0.000051 
59362.636552 0.000051 
59362.668334 0.000051 
59362.700116 0.000052 
59362.731898 0.000052 
59362.763680 0.000052 
59362.795462 0.000053 
59362.827244 0.000053 
59362.859026 0.000053 
59362.890808 0.000054 
59362.922590 0.000054 
59362.954372 0.000055 
59362.986154 0.000055 
59363.017935 0.000055 
59363.049717 0.000056 
59363.081499 0.000056 
59363.113281 0.000057 
59363.145063 0.000057 
59363.176845 0.000058 
59363.208627 0.000058 
59363.240409 0.000058 
59363.272191 0.000059 
59363.303973 0.000059 
59363.335755 0.000060 
59363.367537 0.000060 
59363.399319 0.000061 
59363.431101 0.000061 
59363.462883 0.000062 
59363.494665 0.000062 
59363.526447 0.000062 
59363.558229 0.000063 
59363.590011 0.000063 
59363.621793 0.000064 
59363.653575 0.000064 
59363.685357 0.000065 
59363.717139 0.000065 
59363.748921 0.000065 
59363.780703 0.000066 
59363.812485 0.000066 
59363.844267 0.000066 
59363.876049 0.000067 
59363.907831 0.000067 
59363.939613 0.000068 
59363.971395 0.000068 
59364.003177 0.000068 
59364.034959 0.000068 
59364.066741 0.000069 
59364.098523 0.000069 
59364.130305 0.000069 
59364.162087 0.000069 
59364.193869 0.000070 
59364.225651 0.000070 
59364.257433 0.000070 
59364.289215 0.000070 
59364.320997 0.000070 
59364.352779 0.000070 
59364.384561 0.000070 
59364.416343 0.000070 
59364.448125 0.000070 
59364.479907 0.000071 
59364.511689 0.000070 
59364.543471 0.000070 
59364.575253 0.000070 
59364.607035 0.000070 
59364.638817 0.000070 
59364.670599 0.000070 
59364.702381 0.000070 
59364.734163 0.000070 
59364.765945 0.000070 
59364.797727 0.000069 
59364.829509 0.000069 
59364.861291 0.000069 
59364.893073 0.000068 
59364.924855 0.000068 
59364.956637 0.000068 
59364.988419 0.000067 
59365.020201 0.000067 
59365.051983 0.000066 
59365.083765 0.000066 
59365.115547 0.000066 
59365.147329 0.000065 
59365.179111 0.000064 
59365.210893 0.000064 
59365.242675 0.000063 
59365.274457 0.000063 
59365.306239 0.000062 
59365.338021 0.000061 
59365.369803 0.000060 
59365.401585 0.000060 
59365.433367 0.000059 
59365.465149 0.000058 
59365.496931 0.000057 
59365.528713 0.000056 
59365.560495 0.000056 
59365.592277 0.000055 
59365.624059 0.000054 
59365.655841 0.000053 
59365.687623 0.000052 
59365.719404 0.000051 
59365.751186 0.000050 
59365.782968 0.000049 
59365.814750 0.000048 
59365.846532 0.000047 
59365.878314 0.000045 
59365.910096 0.000044 
59365.941878 0.000043 
59365.973660 0.000042 
59366.005442 0.000041 
59366.037224 0.000040 
59366.069006 0.000038 
59366.100788 0.000037 
59366.132570 0.000036 
59366.164352 0.000034 
59366.196134 0.000033 
59366.227916 0.000032 
59366.259698 0.000031 
59366.291480 0.000029 
59366.323262 0.000028 
59366.355044 0.000026 
59366.386826 0.000025 
59366.418608 0.000024 
59366.450390 0.000022 
59366.482172 0.000021 
59366.513954 0.000020 
59366.545736 0.000018 
59366.577518 0.000017 
59366.609300 0.000015 
59366.641082 0.000014 
59366.672864 0.000012 
59366.704646 0.000011 
59366.736428 0.000010 
59366.768210 0.000008 
59366.799992 0.000007 
59366.831774 0.000005 
59366.863556 0.000004 
59366.895338 0.000002 
59366.927120 0.000001 
59366.958902 -0.000000 
59366.990684 -0.000002 
59367.022466 -0.000003 
59367.054248 -0.000005 
59367.086030 -0.000006 
59367.117812 -0.000007 
59367.149594 -0.000009 
59367.181376 -0.000010 
59367.213158 -0.000011 
59367.244940 -0.000013 
59367.276722 -0.000014 
59367.308504 -0.000015 
59367.340286 -0.000016 
59367.372068 -0.000018 
59367.403850 -0.000019 
59367.435632 -0.000020 
59367.467414 -0.000021 
59367.499196 -0.000022 
59367.530978 -0.000024 
59367.562760 -0.000025 
59367.594542 -0.000026 
59367.626324 -0.000027 
59367.658106 -0.000028 
59367.689888 -0.000029 
59367.721670 -0.000030 
59367.753452 -0.000031 
59367.785234 -0.000032 
59367.817016 -0.000033 
59367.848798 -0.000033 
59367.880580 -0.000034 
59367.912362 -0.000035 
59367.944144 -0.000036 
59367.975926 -0.000036 
59368.007708 -0.000037 
59368.039490 -0.000038 
59368.071272 -0.000038 
59368.103054 -0.000039 
59368.134836 -0.000040 
59368.166618 -0.000040 
59368.198400 -0.000040 
59368.230182 -0.000041 
59368.261964 -0.000041 
59368.293746 -0.000042 
59368.325528 -0.000042 
59368.357310 -0.000042 
59368.389092 -0.000042 
59368.420873 -0.000043 
59368.452655 -0.000043 
59368.484437 -0.000043 
59368.516219 -0.000043 
59368.548001 -0.000043 
59368.579783 -0.000043 
59368.611565 -0.000043 
59368.643347 -0.000043 
59368.675129 -0.000042 
59368.706911 -0.000042 
59368.738693 -0.000042 
59368.770475 -0.000042 
59368.802257 -0.000041 
59368.834039 -0.000041 
59368.865821 -0.000041 
59368.897603 -0.000040 
59368.929385 -0.000040 
59368.961167 -0.000039 
59368.992949 -0.000038 
59369.024731 -0.000038 
59369.056513 -0.000037 
59369.088295 -0.000036 
59369.120077 -0.000036 
59369.151859 -0.000035 
59369.183641 -0.000034 
59369.215423 -0.000033 
59369.247205 -0.000032 
59369.278987 -0.000031 
59369.310769 -0.000030 
59369.342551 -0.000029 
59369.374333 -0.000028 
59369.406115 -0.000027 
59369.437897 -0.000026 
59369.469679 -0.000024 
59369.501461 -0.000023 
59369.533243 -0.000022 
59369.565025 -0.000021 
59369.596807 -0.000019 
59369.628589 -0.000018 
59369.660371 -0.000016 
59369.692153 -0.000015 
59369.723935 -0.000013 
59369.755717 -0.000012 
59369.787499 -0.000010 
59369.819281 -0.000009 
59369.851063 -0.000007 
59369.882845 -0.000006 
59369.914627 -0.000004 
59369.946409 -0.000002 
59369.978191 -0.000000 
59370.009973 0.000001 
59370.041755 0.000003 
59370.073537 0.000005 
59370.105319 0.000007 
59370.137101 0.000008 
59370.168883 0.000010 
59370.200665 0.000012 
59370.232447 0.000014 
59370.264229 0.000016 
59370.296011 0.000018 
59370.327793 0.000020 
59370.359575 0.000022 
59370.391357 0.000024 
59370.423139 0.000026 
59370.454921 0.000028 
59370.486703 0.000030 
59370.518485 0.000032 
59370.550267 0.000034 
59370.582049 0.000036 
59370.613831 0.000038 
59370.645613 0.000040 
59370.677395 0.000042 
59370.709177 0.000044 
59370.740959 0.000046 
59370.772741 0.000048 
59370.804523 0.000050 
59370.836305 0.000052 
59370.868087 0.000054 
59370.899869 0.000056 
59370.931651 0.000058 
59370.963433 0.000060 
59370.995215 0.000062 
59371.026997 0.000063 
59371.058779 0.000065 
59371.090561 0.000067 
59371.122342 0.000069 
59371.154124 0.000071 
59371.185906 0.000073 
59371.217688 0.000075 
59371.249470 0.000077 
59371.281252 0.000079 
59371.313034 0.000080 
59371.344816 0.000082 
59371.376598 0.000084 
59371.408380 0.000086 
59371.440162 0.000087 
59371.471944 0.000089 
59371.503726 0.000091 
59371.535508 0.000092 
59371.567290 0.000094 
59371.599072 0.000095 
59371.630854 0.000097 
59371.662636 0.000098 
59371.694418 0.000100 
59371.726200 0.000101 
59371.757982 0.000103 
59371.789764 0.000104 
59371.821546 0.000106 
59371.853328 0.000107 
59371.885110 0.000108 
59371.916892 0.000109 
59371.948674 0.000110 
59371.980456 0.000112 
59372.012238 0.000113 
59372.044020 0.000114 
59372.075802 0.000115 
59372.107584 0.000116 
59372.139366 0.000117 
59372.171148 0.000118 
59372.202930 0.000119 
59372.234712 0.000119 
59372.266494 0.000120 
59372.298276 0.000121 
59372.330058 0.000122 
59372.361840 0.000122 
59372.393622 0.000123 
59372.425404 0.000123 
59372.457186 0.000124 
59372.488968 0.000124 
59372.520750 0.000125 
59372.552532 0.000125 
59372.584314 0.000126 
59372.616096 0.000126 
59372.647878 0.000126 
59372.679660 0.000126 
59372.711442 0.000126 
59372.743224 0.000127 
59372.775006 0.000127 
59372.806788 0.000127 
59372.838570 0.000127 
59372.870352 0.000127 
59372.902134 0.000127 
59372.933916 0.000126 
59372.965698 0.000126 
59372.997480 0.000126 
59373.029262 0.000126 
59373.061044 0.000125 
59373.092826 0.000125 
59373.124608 0.000125 
59373.156390 0.000124 
59373.188172 0.000124 
59373.219954 0.000123 
59373.251736 0.000123 
59373.283518 0.000122 
59373.315300 0.000122 
59373.347082 0.000121 
59373.378864 0.000120 
59373.410646 0.000119 
59373.442428 0.000119 
59373.474210 0.000118 
59373.505992 0.000117 
59373.537774 0.000116 
59373.569556 0.000115 
59373.601338 0.000114 
59373.633120 0.000113 
59373.664902 0.000112 
59373.696684 0.000111 
59373.728466 0.000110 
59373.760248 0.000109 
59373.792029 0.000108 
59373.823811 0.000107 
59373.855593 0.000106 
59373.887375 0.000105 
59373.919157 0.000104 
59373.950939 0.000102 
59373.982721 0.000101 
59374.014503 0.000100 
59374.046285 0.000099 
59374.078067 0.000097 
59374.109849 0.000096 
59374.141631 0.000095 
59374.173413 0.000094 
59374.205195 0.000092 
59374.236977 0.000091 
59374.268759 0.000090 
59374.300541 0.000088 
59374.332323 0.000087 
59374.364105 0.000085 
59374.395887 0.000084 
59374.427669 0.000083 
59374.459451 0.000081 
59374.491233 0.000080 
59374.523015 0.000079 
59374.554797 0.000077 
59374.586579 0.000076 
59374.618361 0.000074 
59374.650143 0.000073 
59374.681925 0.000072 
59374.713707 0.000070 
59374.745489 0.000069 
59374.777271 0.000068 
59374.809053 0.000066 
59374.840835 0.000065 
59374.872617 0.000064 
59374.904399 0.000063 
59374.936181 0.000061 
59374.967963 0.000060 
59374.999745 0.000059 
59375.031527 0.000058 
59375.063309 0.000056 
59375.095091 0.000055 
59375.126873 0.000054 
59375.158655 0.000053 
59375.190437 0.000052 
59375.222219 0.000051 
59375.254001 0.000050 
59375.285783 0.000048 
59375.317565 0.000047 
59375.349347 0.000046 
59375.381129 0.000045 
59375.412911 0.000045 
59375.444693 0.000044 
59375.476475 0.000043 
59375.508257 0.000042 
59375.540039 0.000041 
59375.571821 0.000040 
59375.603603 0.000040 
59375.635385 0.000039 
59375.667167 0.000038 
59375.698949 0.000037 
59375.730731 0.000037 
59375.762513 0.000036 
59375.794295 0.000036 
59375.826077 0.000035 
59375.857859 0.000035 
59375.889641 0.000034 
59375.921423 0.000034 
59375.953205 0.000033 
59375.984987 0.000033 
59376.016769 0.000033 
59376.048551 0.000033 
59376.080333 0.000032 
59376.112115 0.000032 
59376.143897 0.000032 
59376.175679 0.000032 
59376.207461 0.000032 
59376.239243 0.000032 
59376.271025 0.000032 
59376.302807 0.000032 
59376.334589 0.000032 
59376.366371 0.000032 
59376.398153 0.000032 
59376.429935 0.000032 
59376.461717 0.000033 
59376.493498 0.000033 
59376.525280 0.000033 
59376.557062 0.000034 
59376.588844 0.000034 
59376.620626 0.000035 
59376.652408 0.000035 
59376.684190 0.000036 
59376.715972 0.000036 
59376.747754 0.000037 
59376.779536 0.000037 
59376.811318 0.000038 
59376.843100 0.000039 
59376.874882 0.000039 
59376.906664 0.000040 
59376.938446 0.000041 
59376.970228 0.000042 
59377.002010 0.000043 
59377.033792 0.000043 
59377.065574 0.000044 
59377.097356 0.000045 
59377.129138 0.000046 
59377.160920 0.000047 
59377.192702 0.000048 
59377.224484 0.000049 
59377.256266 0.000050 
59377.288048 0.000051 
59377.319830 0.000053 
59377.351612 0.000054 
59377.383394 0.000055 
59377.415176 0.000056 
59377.446958 0.000057 
59377.478740 0.000058 
59377.510522 0.000060 
59377.542304 0.000061 
59377.574086 0.000062 
59377.605868 0.000064 
59377.637650 0.000065 
59377.669432 0.000066 
59377.701214 0.000067 
59377.732996 0.000069 
59377.764778 0.000070 
59377.796560 0.000072 
59377.828342 0.000073 
59377.860124 0.000074 
59377.891906 0.000076 
59377.923688 0.000077 
59377.955470 0.000078 
59377.987252 0.000080 
59378.019034 0.000081 
59378.050816 0.000083 
59378.082598 0.000084 
59378.114380 0.000085 
59378.146162 0.000087 
59378.177944 0.000088 
59378.209726 0.000089 
59378.241508 0.000091 
59378.273290 0.000092 
59378.305072 0.000094 
59378.336854 0.000095 
59378.368636 0.000096 
59378.400418 0.000097 
59378.432200 0.000099 
59378.463982 0.000100 
59378.495764 0.000101 
59378.527546 0.000103 
59378.559328 0.000104 
59378.591110 0.000105 
59378.622892 0.000106 
59378.654674 0.000107 
59378.686456 0.000109 
59378.718238 0.000110 
59378.750020 0.000111 
59378.781802 0.000112 
59378.813584 0.000113 
59378.845366 0.000114 
59378.877148 0.000115 
59378.908930 0.000116 
59378.940712 0.000117 
59378.972494 0.000118 
59379.004276 0.000119 
59379.036058 0.000120 
59379.067840 0.000120 
59379.099622 0.000121 
59379.131404 0.000122 
59379.163186 0.000123 
59379.194967 0.000123 
59379.226749 0.000124 
59379.258531 0.000125 
59379.290313 0.000125 
59379.322095 0.000126 
59379.353877 0.000126 
59379.385659 0.000127 
59379.417441 0.000127 
59379.449223 0.000128 
59379.481005 0.000128 
59379.512787 0.000128 
59379.544569 0.000129 
59379.576351 0.000129 
59379.608133 0.000129 
59379.639915 0.000129 
59379.671697 0.000129 
59379.703479 0.000129 
59379.735261 0.000129 
59379.767043 0.000129 
59379.798825 0.000129 
59379.830607 0.000129 
59379.862389 0.000129 
59379.894171 0.000129 
59379.925953 0.000129 
59379.957735 0.000129 
59379.989517 0.000128 
59380.021299 0.000128 
59380.053081 0.000128 
59380.084863 0.000127 
59380.116645 0.000127 
59380.148427 0.000126 
59380.180209 0.000126 
59380.211991 0.000125 
59380.243773 0.000125 
59380.275555 0.000124 
59380.307337 0.000123 
59380.339119 0.000123 
59380.370901 0.000122 
59380.402683 0.000121 
59380.434465 0.000120 
59380.466247 0.000119 
59380.498029 0.000118 
59380.529811 0.000117 
59380.561593 0.000117 
59380.593375 0.000116 
59380.625157 0.000114 
59380.656939 0.000113 
59380.688721 0.000112 
59380.720503 0.000111 
59380.752285 0.000110 
59380.784067 0.000109 
59380.815849 0.000108 
59380.847631 0.000106 
59380.879413 0.000105 
59380.911195 0.000104 
59380.942977 0.000103 
59380.974759 0.000101 
59381.006541 0.000100 
59381.038323 0.000099 
59381.070105 0.000097 
59381.101887 0.000096 
59381.133669 0.000094 
59381.165451 0.000093 
59381.197233 0.000091 
59381.229015 0.000090 
59381.260797 0.000088 
59381.292579 0.000087 
59381.324361 0.000085 
59381.356143 0.000084 
59381.387925 0.000082 
59381.419707 0.000081 
59381.451489 0.000079 
59381.483271 0.000078 
59381.515053 0.000076 
59381.546835 0.000075 
59381.578617 0.000073 
59381.610399 0.000072 
59381.642181 0.000070 
59381.673963 0.000068 
59381.705745 0.000067 
59381.737527 0.000065 
59381.769309 0.000064 
59381.801091 0.000062 
59381.832873 0.000061 
59381.864655 0.000059 
59381.896436 0.000058 
59381.928218 0.000056 
59381.960000 0.000055 
59381.991782 0.000053 
59382.023564 0.000052 
59382.055346 0.000050 
59382.087128 0.000049 
59382.118910 0.000047 
59382.150692 0.000046 
59382.182474 0.000045 
59382.214256 0.000043 
59382.246038 0.000042 
59382.277820 0.000041 
59382.309602 0.000039 
59382.341384 0.000038 
59382.373166 0.000037 
59382.404948 0.000036 
59382.436730 0.000035 
59382.468512 0.000033 
59382.500294 0.000032 
59382.532076 0.000031 
59382.563858 0.000030 
59382.595640 0.000029 
59382.627422 0.000028 
59382.659204 0.000027 
59382.690986 0.000026 
59382.722768 0.000026 
59382.754550 0.000025 
59382.786332 0.000024 
59382.818114 0.000023 
59382.849896 0.000022 
59382.881678 0.000022 
59382.913460 0.000021 
59382.945242 0.000020 
59382.977024 0.000020 
59383.008806 0.000019 
59383.040588 0.000019 
59383.072370 0.000018 
59383.104152 0.000018 
59383.135934 0.000018 
59383.167716 0.000017 
59383.199498 0.000017 
59383.231280 0.000017 
59383.263062 0.000017 
59383.294844 0.000017 
59383.326626 0.000017 
59383.358408 0.000017 
59383.390190 0.000017 
59383.421972 0.000017 
59383.453754 0.000017 
59383.485536 0.000017 
59383.517318 0.000017 
59383.549100 0.000017 
59383.580882 0.000018 
59383.612664 0.000018 
59383.644446 0.000019 
59383.676228 0.000019 
59383.708010 0.000019 
59383.739792 0.000020 
59383.771574 0.000021 
59383.803356 0.000021 
59383.835138 0.000022 
59383.866920 0.000023 
59383.898702 0.000023 
59383.930484 0.000024 
59383.962266 0.000025 
59383.994048 0.000026 
59384.025830 0.000027 
59384.057612 0.000028 
59384.089394 0.000029 
59384.121176 0.000030 
59384.152958 0.000031 
59384.184740 0.000032 
59384.216522 0.000033 
59384.248304 0.000035 
59384.280086 0.000036 
59384.311868 0.000037 
59384.343650 0.000038 
59384.375432 0.000040 
59384.407214 0.000041 
59384.438996 0.000043 
59384.470778 0.000044 
59384.502560 0.000046 
59384.534342 0.000047 
59384.566124 0.000049 
59384.597905 0.000050 
59384.629687 0.000052 
59384.661469 0.000054 
59384.693251 0.000055 
59384.725033 0.000057 
59384.756815 0.000059 
59384.788597 0.000061 
59384.820379 0.000062 
59384.852161 0.000064 
59384.883943 0.000066 
59384.915725 0.000068 
59384.947507 0.000070 
59384.979289 0.000072 
59385.011071 0.000074 
59385.042853 0.000075 
59385.074635 0.000077 
59385.106417 0.000079 
59385.138199 0.000081 
59385.169981 0.000083 
59385.201763 0.000085 
59385.233545 0.000087 
59385.265327 0.000089 
59385.297109 0.000091 
59385.328891 0.000093 
59385.360673 0.000095 
59385.392455 0.000097 
59385.424237 0.000099 
59385.456019 0.000101 
59385.487801 0.000103 
59385.519583 0.000105 
59385.551365 0.000107 
59385.583147 0.000109 
59385.614929 0.000111 
59385.646711 0.000113 
59385.678493 0.000115 
59385.710275 0.000117 
59385.742057 0.000119 
59385.773839 0.000121 
59385.805621 0.000123 
59385.837403 0.000125 
59385.869185 0.000127 
59385.900967 0.000129 
59385.932749 0.000131 
59385.964531 0.000132 
59385.996313 0.000134 
59386.028095 0.000136 
59386.059877 0.000138 
59386.091659 0.000140 
59386.123441 0.000141 
59386.155223 0.000143 
59386.187005 0.000145 
59386.218787 0.000146 
59386.250569 0.000148 
59386.282351 0.000150 
59386.314133 0.000151 
59386.345915 0.000153 
59386.377697 0.000154 
59386.409479 0.000156 
59386.441261 0.000157 
59386.473043 0.000159 
59386.504825 0.000160 
59386.536607 0.000161 
59386.568389 0.000163 
59386.600171 0.000164 
59386.631953 0.000165 
59386.663735 0.000166 
59386.695517 0.000168 
59386.727299 0.000169 
59386.759081 0.000170 
59386.790863 0.000171 
59386.822645 0.000172 
59386.854427 0.000173 
59386.886209 0.000174 
59386.917991 0.000175 
59386.949773 0.000175 
59386.981555 0.000176 
59387.013337 0.000177 
59387.045119 0.000178 
59387.076901 0.000178 
59387.108683 0.000179 
59387.140465 0.000180 
59387.172247 0.000180 
59387.204029 0.000181 
59387.235811 0.000181 
59387.267593 0.000181 
59387.299374 0.000182 
59387.331156 0.000182 
59387.362938 0.000182 
59387.394720 0.000183 
59387.426502 0.000183 
59387.458284 0.000183 
59387.490066 0.000183 
59387.521848 0.000183 
59387.553630 0.000183 
59387.585412 0.000183 
59387.617194 0.000183 
59387.648976 0.000183 
59387.680758 0.000183 
59387.712540 0.000183 
59387.744322 0.000182 
59387.776104 0.000182 
59387.807886 0.000182 
59387.839668 0.000182 
59387.871450 0.000181 
59387.903232 0.000181 
59387.935014 0.000180 
59387.966796 0.000180 
59387.998578 0.000179 
59388.030360 0.000179 
59388.062142 0.000178 
59388.093924 0.000177 
59388.125706 0.000177 
59388.157488 0.000176 
59388.189270 0.000175 
59388.221052 0.000175 
59388.252834 0.000174 
59388.284616 0.000173 
59388.316398 0.000172 
59388.348180 0.000171 
59388.379962 0.000170 
59388.411744 0.000169 
59388.443526 0.000168 
59388.475308 0.000167 
59388.507090 0.000166 
59388.538872 0.000165 
59388.570654 0.000164 
59388.602436 0.000163 
59388.634218 0.000162 
59388.666000 0.000161 
59388.697782 0.000160 
59388.729564 0.000159 
59388.761346 0.000158 
59388.793128 0.000156 
59388.824910 0.000155 
59388.856692 0.000154 
59388.888474 0.000153 
59388.920256 0.000152 
59388.952038 0.000150 
59388.983820 0.000149 
59389.015602 0.000148 
59389.047384 0.000147 
59389.079166 0.000145 
59389.110948 0.000144 
59389.142730 0.000143 
59389.174512 0.000142 
59389.206294 0.000140 
59389.238076 0.000139 
59389.269858 0.000138 
59389.301640 0.000136 
59389.333422 0.000135 
59389.365204 0.000134 
59389.396986 0.000133 
59389.428768 0.000131 
59389.460550 0.000130 
59389.492332 0.000129 
59389.524114 0.000128 
59389.555896 0.000126 
59389.587678 0.000125 
59389.619460 0.000124 
59389.651242 0.000123 
59389.683024 0.000122 
59389.714806 0.000120 
59389.746588 0.000119 
59389.778370 0.000118 
59389.810152 0.000117 
59389.841934 0.000116 
59389.873716 0.000115 
59389.905498 0.000114 
59389.937280 0.000113 
59389.969061 0.000112 
59390.000843 0.000111 
59390.032625 0.000110 
59390.064407 0.000109 
59390.096189 0.000108 
59390.127971 0.000107 
59390.159753 0.000106 
59390.191535 0.000105 
59390.223317 0.000104 
59390.255099 0.000103 
59390.286881 0.000102 
59390.318663 0.000102 
59390.350445 0.000101 
59390.382227 0.000100 
59390.414009 0.000099 
59390.445791 0.000099 
59390.477573 0.000098 
59390.509355 0.000097 
59390.541137 0.000097 
59390.572919 0.000096 
59390.604701 0.000096 
59390.636483 0.000095 
59390.668265 0.000095 
59390.700047 0.000094 
59390.731829 0.000094 
59390.763611 0.000093 
59390.795393 0.000093 
59390.827175 0.000093 
59390.858957 0.000092 
59390.890739 0.000092 
59390.922521 0.000092 
59390.954303 0.000092 
59390.986085 0.000091 
59391.017867 0.000091 
59391.049649 0.000091 
59391.081431 0.000091 
59391.113213 0.000091 
59391.144995 0.000091 
59391.176777 0.000091 
59391.208559 0.000091 
59391.240341 0.000091 
59391.272123 0.000091 
59391.303905 0.000091 
59391.335687 0.000091 
59391.367469 0.000091 
59391.399251 0.000091 
59391.431033 0.000092 
59391.462815 0.000092 
59391.494597 0.000092 
59391.526379 0.000092 
59391.558161 0.000092 
59391.589943 0.000093 
59391.621725 0.000093 
59391.653507 0.000093 
59391.685289 0.000094 
59391.717071 0.000094 
59391.748853 0.000094 
59391.780635 0.000095 
59391.812417 0.000095 
59391.844199 0.000096 
59391.875981 0.000096 
59391.907763 0.000096 
59391.939545 0.000097 
59391.971327 0.000097 
59392.003109 0.000098 
59392.034891 0.000098 
59392.066673 0.000099 
59392.098455 0.000099 
59392.130237 0.000100 
59392.162019 0.000100 
59392.193801 0.000101 
59392.225583 0.000101 
59392.257365 0.000102 
59392.289147 0.000102 
59392.320929 0.000103 
59392.352711 0.000103 
59392.384493 0.000104 
59392.416275 0.000104 
59392.448057 0.000105 
59392.479839 0.000105 
59392.511621 0.000106 
59392.543403 0.000107 
59392.575185 0.000107 
59392.606967 0.000108 
59392.638749 0.000108 
59392.670530 0.000108 
59392.702312 0.000109 
59392.734094 0.000109 
59392.765876 0.000110 
59392.797658 0.000110 
59392.829440 0.000111 
59392.861222 0.000111 
59392.893004 0.000112 
59392.924786 0.000112 
59392.956568 0.000112 
59392.988350 0.000113 
59393.020132 0.000113 
59393.051914 0.000113 
59393.083696 0.000114 
59393.115478 0.000114 
59393.147260 0.000114 
59393.179042 0.000114 
59393.210824 0.000114 
59393.242606 0.000115 
59393.274388 0.000115 
59393.306170 0.000115 
59393.337952 0.000115 
59393.369734 0.000115 
59393.401516 0.000115 
59393.433298 0.000115 
59393.465080 0.000115 
59393.496862 0.000115 
59393.528644 0.000115 
59393.560426 0.000115 
59393.592208 0.000115 
59393.623990 0.000114 
59393.655772 0.000114 
59393.687554 0.000114 
59393.719336 0.000114 
59393.751118 0.000113 
59393.782900 0.000113 
59393.814682 0.000113 
59393.846464 0.000112 
59393.878246 0.000112 
59393.910028 0.000111 
59393.941810 0.000111 
59393.973592 0.000110 
59394.005374 0.000110 
59394.037156 0.000109 
59394.068938 0.000109 
59394.100720 0.000108 
59394.132502 0.000107 
59394.164284 0.000106 
59394.196066 0.000106 
59394.227848 0.000105 
59394.259630 0.000104 
59394.291412 0.000103 
59394.323194 0.000102 
59394.354976 0.000101 
59394.386758 0.000100 
59394.418540 0.000099 
59394.450322 0.000098 
59394.482104 0.000097 
59394.513886 0.000096 
59394.545668 0.000095 
59394.577450 0.000093 
59394.609232 0.000092 
59394.641014 0.000091 
59394.672796 0.000090 
59394.704578 0.000088 
59394.736360 0.000087 
59394.768142 0.000086 
59394.799924 0.000084 
59394.831706 0.000083 
59394.863488 0.000081 
59394.895270 0.000080 
59394.927052 0.000078 
59394.958834 0.000077 
59394.990616 0.000075 
59395.022398 0.000074 
59395.054180 0.000072 
59395.085962 0.000070 
59395.117744 0.000069 
59395.149526 0.000067 
59395.181308 0.000065 
59395.213090 0.000064 
59395.244872 0.000062 
59395.276654 0.000060 
59395.308436 0.000058 
59395.340218 0.000056 
59395.371999 0.000055 
59395.403781 0.000053 
59395.435563 0.000051 
59395.467345 0.000049 
59395.499127 0.000047 
59395.530909 0.000045 
59395.562691 0.000044 
59395.594473 0.000042 
59395.626255 0.000040 
59395.658037 0.000038 
59395.689819 0.000036 
59395.721601 0.000034 
59395.753383 0.000032 
59395.785165 0.000030 
59395.816947 0.000029 
59395.848729 0.000027 
59395.880511 0.000025 
59395.912293 0.000023 
59395.944075 0.000021 
59395.975857 0.000019 
59396.007639 0.000017 
59396.039421 0.000015 
59396.071203 0.000014 
59396.102985 0.000012 
59396.134767 0.000010 
59396.166549 0.000008 
59396.198331 0.000006 
59396.230113 0.000005 
59396.261895 0.000003 
59396.293677 0.000001 
59396.325459 -0.000001 
59396.357241 -0.000002 
59396.389023 -0.000004 
59396.420805 -0.000006 
59396.452587 -0.000007 
59396.484369 -0.000009 
59396.516151 -0.000010 
59396.547933 -0.000012 
59396.579715 -0.000013 
59396.611497 -0.000015 
59396.643279 -0.000016 
59396.675061 -0.000018 
59396.706843 -0.000019 
59396.738625 -0.000020 
59396.770407 -0.000022 
59396.802189 -0.000023 
59396.833971 -0.000024 
59396.865753 -0.000025 
59396.897535 -0.000027 
59396.929317 -0.000028 
59396.961099 -0.000029 
59396.992881 -0.000030 
59397.024663 -0.000031 
59397.056445 -0.000032 
59397.088227 -0.000033 
59397.120009 -0.000034 
59397.151791 -0.000034 
59397.183573 -0.000035 
59397.215355 -0.000036 
59397.247137 -0.000037 
59397.278919 -0.000037 
59397.310701 -0.000038 
59397.342483 -0.000038 
59397.374265 -0.000039 
59397.406047 -0.000039 
59397.437829 -0.000040 
59397.469611 -0.000040 
59397.501393 -0.000040 
59397.533175 -0.000040 
59397.564957 -0.000041 
59397.596739 -0.000041 
59397.628521 -0.000041 
59397.660303 -0.000041 
59397.692085 -0.000041 
59397.723867 -0.000041 
59397.755649 -0.000041 
59397.787431 -0.000040 
59397.819213 -0.000040 
59397.850995 -0.000040 
59397.882777 -0.000040 
59397.914559 -0.000039 
59397.946341 -0.000039 
59397.978123 -0.000038 
59398.009905 -0.000038 
59398.041687 -0.000037 
59398.073468 -0.000036 
59398.105250 -0.000036 
59398.137032 -0.000035 
59398.168814 -0.000034 
59398.200596 -0.000033 
59398.232378 -0.000032 
59398.264160 -0.000031 
59398.295942 -0.000030 
59398.327724 -0.000029 
59398.359506 -0.000028 
59398.391288 -0.000027 
59398.423070 -0.000026 
59398.454852 -0.000025 
59398.486634 -0.000023 
59398.518416 -0.000022 
59398.550198 -0.000021 
59398.581980 -0.000019 
59398.613762 -0.000018 
59398.645544 -0.000016 
59398.677326 -0.000015 
59398.709108 -0.000013 
59398.740890 -0.000012 
59398.772672 -0.000010 
59398.804454 -0.000008 
59398.836236 -0.000006 
59398.868018 -0.000005 
59398.899800 -0.000003 
59398.931582 -0.000001 
59398.963364 0.000001 
59398.995146 0.000003 
59399.026928 0.000005 
59399.058710 0.000007 
59399.090492 0.000009 
59399.122274 0.000011 
59399.154056 0.000013 
59399.185838 0.000015 
59399.217620 0.000017 
59399.249402 0.000019 
59399.281184 0.000021 
59399.312966 0.000023 
59399.344748 0.000025 
59399.376530 0.000027 
59399.408312 0.000030 
59399.440094 0.000032 
59399.471876 0.000034 
59399.503658 0.000036 
59399.535440 0.000039 
59399.567222 0.000041 
59399.599004 0.000043 
59399.630786 0.000045 
59399.662568 0.000048 
59399.694350 0.000050 
59399.726132 0.000052 
59399.757914 0.000054 
59399.789696 0.000057 
59399.821478 0.000059 
59399.853260 0.000061 
59399.885042 0.000064 
59399.916824 0.000066 
59399.948606 0.000068 
59399.980388 0.000070 
59400.012170 0.000073 
59400.043952 0.000075 
59400.075734 0.000077 
59400.107516 0.000079 
59400.139298 0.000081 
59400.171080 0.000084 
59400.202862 0.000086 
59400.234644 0.000088 
59400.266426 0.000090 
59400.298208 0.000092 
59400.329990 0.000094 
59400.361772 0.000096 
59400.393554 0.000098 
59400.425336 0.000100 
59400.457118 0.000102 
59400.488900 0.000104 
59400.520682 0.000106 
59400.552464 0.000108 
59400.584246 0.000110 
59400.616028 0.000111 
59400.647810 0.000113 
59400.679592 0.000115 
59400.711374 0.000117 
59400.743156 0.000118 
59400.774937 0.000120 
59400.806719 0.000121 
59400.838501 0.000123 
59400.870283 0.000124 
59400.902065 0.000126 
59400.933847 0.000127 
59400.965629 0.000129 
59400.997411 0.000130 
59401.029193 0.000131 
59401.060975 0.000133 
59401.092757 0.000134 
59401.124539 0.000135 
59401.156321 0.000136 
59401.188103 0.000137 
59401.219885 0.000138 
59401.251667 0.000139 
59401.283449 0.000140 
59401.315231 0.000141 
59401.347013 0.000142 
59401.378795 0.000142 
59401.410577 0.000143 
59401.442359 0.000144 
59401.474141 0.000144 
59401.505923 0.000145 
59401.537705 0.000146 
59401.569487 0.000146 
59401.601269 0.000146 
59401.633051 0.000147 
59401.664833 0.000147 
59401.696615 0.000147 
59401.728397 0.000148 
59401.760179 0.000148 
59401.791961 0.000148 
59401.823743 0.000148 
59401.855525 0.000148 
59401.887307 0.000148 
59401.919089 0.000148 
59401.950871 0.000148 
59401.982653 0.000147 
59402.014435 0.000147 
59402.046217 0.000147 
59402.077999 0.000147 
59402.109781 0.000146 
59402.141563 0.000146 
59402.173345 0.000145 
59402.205127 0.000145 
59402.236909 0.000144 
59402.268691 0.000144 
59402.300473 0.000143 
59402.332255 0.000142 
59402.364037 0.000141 
59402.395819 0.000141 
59402.427601 0.000140 
59402.459383 0.000139 
59402.491165 0.000138 
59402.522947 0.000137 
59402.554729 0.000136 
59402.586511 0.000135 
59402.618293 0.000134 
59402.650075 0.000133 
59402.681857 0.000132 
59402.713639 0.000130 
59402.745421 0.000129 
59402.777203 0.000128 
59402.808985 0.000127 
59402.840767 0.000125 
59402.872549 0.000124 
59402.904331 0.000123 
59402.936113 0.000121 
59402.967895 0.000120 
59402.999677 0.000118 
59403.031459 0.000117 
59403.063241 0.000115 
59403.095023 0.000114 
59403.126805 0.000112 
59403.158587 0.000111 
59403.190369 0.000109 
59403.222151 0.000108 
59403.253933 0.000106 
59403.285715 0.000104 
59403.317497 0.000103 
59403.349279 0.000101 
59403.381061 0.000099 
59403.412843 0.000098 
59403.444624 0.000096 
59403.476406 0.000094 
59403.508188 0.000093 
59403.539970 0.000091 
59403.571752 0.000089 
59403.603534 0.000087 
59403.635316 0.000086 
59403.667098 0.000084 
59403.698880 0.000082 
59403.730662 0.000081 
59403.762444 0.000079 
59403.794226 0.000077 
59403.826008 0.000075 
59403.857790 0.000074 
59403.889572 0.000072 
59403.921354 0.000070 
59403.953136 0.000069 
59403.984918 0.000067 
59404.016700 0.000065 
59404.048482 0.000064 
59404.080264 0.000062 
59404.112046 0.000060 
59404.143828 0.000059 
59404.175610 0.000057 
59404.207392 0.000056 
59404.239174 0.000054 
59404.270956 0.000053 
59404.302738 0.000051 
59404.334520 0.000050 
59404.366302 0.000048 
59404.398084 0.000047 
59404.429866 0.000045 
59404.461648 0.000044 
59404.493430 0.000042 
59404.525212 0.000041 
59404.556994 0.000040 
59404.588776 0.000038 
59404.620558 0.000037 
59404.652340 0.000036 
59404.684122 0.000035 
59404.715904 0.000034 
59404.747686 0.000032 
59404.779468 0.000031 
59404.811250 0.000030 
59404.843032 0.000029 
59404.874814 0.000028 
59404.906596 0.000027 
59404.938378 0.000026 
59404.970160 0.000025 
59405.001942 0.000024 
59405.033724 0.000024 
59405.065506 0.000023 
59405.097288 0.000022 
59405.129070 0.000021 
59405.160852 0.000020 
59405.192634 0.000020 
59405.224416 0.000019 
59405.256198 0.000019 
59405.287980 0.000018 
59405.319762 0.000017 
59405.351544 0.000017 
59405.383326 0.000016 
59405.415108 0.000016 
59405.446890 0.000016 
59405.478672 0.000015 
59405.510454 0.000015 
59405.542236 0.000015 
59405.574018 0.000014 
59405.605800 0.000014 
59405.637582 0.000014 
59405.669364 0.000014 
59405.701146 0.000014 
59405.732928 0.000014 
59405.764710 0.000014 
59405.796492 0.000014 
59405.828274 0.000014 
59405.860056 0.000014 
59405.891838 0.000014 
59405.923620 0.000014 
59405.955402 0.000014 
59405.987184 0.000014 
59406.018966 0.000014 
59406.050748 0.000015 
59406.082530 0.000015 
59406.114312 0.000015 
59406.146093 0.000016 
59406.177875 0.000016 
59406.209657 0.000016 
59406.241439 0.000017 
59406.273221 0.000017 
59406.305003 0.000018 
59406.336785 0.000018 
59406.368567 0.000019 
59406.400349 0.000019 
59406.432131 0.000020 
59406.463913 0.000020 
59406.495695 0.000021 
59406.527477 0.000021 
59406.559259 0.000022 
59406.591041 0.000023 
59406.622823 0.000023 
59406.654605 0.000024 
59406.686387 0.000025 
59406.718169 0.000025 
59406.749951 0.000026 
59406.781733 0.000027 
59406.813515 0.000027 
59406.845297 0.000028 
59406.877079 0.000029 
59406.908861 0.000030 
59406.940643 0.000030 
59406.972425 0.000031 
59407.004207 0.000032 
59407.035989 0.000033 
59407.067771 0.000033 
59407.099553 0.000034 
59407.131335 0.000035 
59407.163117 0.000036 
59407.194899 0.000036 
59407.226681 0.000037 
59407.258463 0.000038 
59407.290245 0.000039 
59407.322027 0.000040 
59407.353809 0.000040 
59407.385591 0.000041 
59407.417373 0.000042 
59407.449155 0.000043 
59407.480937 0.000043 
59407.512719 0.000044 
59407.544501 0.000045 
59407.576283 0.000045 
59407.608065 0.000046 
59407.639847 0.000047 
59407.671629 0.000047 
59407.703411 0.000048 
59407.735193 0.000049 
59407.766975 0.000049 
59407.798757 0.000050 
59407.830539 0.000051 
59407.862321 0.000051 
59407.894103 0.000052 
59407.925885 0.000052 
59407.957667 0.000053 
59407.989449 0.000053 
59408.021231 0.000054 
59408.053013 0.000054 
59408.084795 0.000055 
59408.116577 0.000055 
59408.148359 0.000055 
59408.180141 0.000056 
59408.211923 0.000056 
59408.243705 0.000057 
59408.275487 0.000057 
59408.307269 0.000057 
59408.339051 0.000057 
59408.370833 0.000058 
59408.402615 0.000058 
59408.434397 0.000058 
59408.466179 0.000058 
59408.497961 0.000058 
59408.529743 0.000058 
59408.561525 0.000058 
59408.593307 0.000058 
59408.625089 0.000058 
59408.656871 0.000058 
59408.688653 0.000058 
59408.720435 0.000058 
59408.752217 0.000058 
59408.783999 0.000058 
59408.815781 0.000058 
59408.847562 0.000058 
59408.879344 0.000058 
59408.911126 0.000058 
59408.942908 0.000057 
59408.974690 0.000057 
59409.006472 0.000057 
59409.038254 0.000056 
59409.070036 0.000056 
59409.101818 0.000056 
59409.133600 0.000055 
59409.165382 0.000055 
59409.197164 0.000055 
59409.228946 0.000054 
59409.260728 0.000054 
59409.292510 0.000053 
59409.324292 0.000053 
59409.356074 0.000052 
59409.387856 0.000052 
59409.419638 0.000051 
59409.451420 0.000050 
59409.483202 0.000050 
59409.514984 0.000049 
59409.546766 0.000049 
59409.578548 0.000048 
59409.610330 0.000047 
59409.642112 0.000047 
59409.673894 0.000046 
59409.705676 0.000045 
59409.737458 0.000044 
59409.769240 0.000044 
59409.801022 0.000043 
59409.832804 0.000042 
59409.864586 0.000041 
59409.896368 0.000041 
59409.928150 0.000040 
59409.959932 0.000039 
59409.991714 0.000038 
59410.023496 0.000038 
59410.055278 0.000037 
59410.087060 0.000036 
59410.118842 0.000035 
59410.150624 0.000034 
59410.182406 0.000034 
59410.214188 0.000033 
59410.245970 0.000032 
59410.277752 0.000031 
59410.309534 0.000030 
59410.341316 0.000030 
59410.373098 0.000029 
59410.404880 0.000028 
59410.436662 0.000027 
59410.468444 0.000026 
59410.500226 0.000026 
59410.532008 0.000025 
59410.563790 0.000024 
59410.595572 0.000023 
59410.627354 0.000023 
59410.659136 0.000022 
59410.690918 0.000021 
59410.722700 0.000021 
59410.754482 0.000020 
59410.786264 0.000019 
59410.818046 0.000019 
59410.849828 0.000018 
59410.881610 0.000018 
59410.913392 0.000017 
59410.945174 0.000017 
59410.976956 0.000016 
59411.008738 0.000016 
59411.040520 0.000015 
59411.072302 0.000015 
59411.104084 0.000014 
59411.135866 0.000014 
59411.167648 0.000014 
59411.199430 0.000013 
59411.231212 0.000013 
59411.262994 0.000013 
59411.294776 0.000013 
59411.326558 0.000012 
59411.358340 0.000012 
59411.390122 0.000012 
59411.421904 0.000012 
59411.453686 0.000012 
59411.485468 0.000012 
59411.517250 0.000012 
59411.549031 0.000012 
59411.580813 0.000012 
59411.612595 0.000012 
59411.644377 0.000012 
59411.676159 0.000012 
59411.707941 0.000013 
59411.739723 0.000013 
59411.771505 0.000013 
59411.803287 0.000014 
59411.835069 0.000014 
59411.866851 0.000014 
59411.898633 0.000015 
59411.930415 0.000015 
59411.962197 0.000016 
59411.993979 0.000016 
59412.025761 0.000017 
59412.057543 0.000018 
59412.089325 0.000018 
59412.121107 0.000019 
59412.152889 0.000020 
59412.184671 0.000020 
59412.216453 0.000021 
59412.248235 0.000022 
59412.280017 0.000023 
59412.311799 0.000024 
59412.343581 0.000025 
59412.375363 0.000026 
59412.407145 0.000027 
59412.438927 0.000028 
59412.470709 0.000029 
59412.502491 0.000030 
59412.534273 0.000032 
59412.566055 0.000033 
59412.597837 0.000034 
59412.629619 0.000035 
59412.661401 0.000037 
59412.693183 0.000038 
59412.724965 0.000039 
59412.756747 0.000041 
59412.788529 0.000042 
59412.820311 0.000044 
59412.852093 0.000045 
59412.883875 0.000047 
59412.915657 0.000049 
59412.947439 0.000050 
59412.979221 0.000052 
59413.011003 0.000053 
59413.042785 0.000055 
59413.074567 0.000057 
59413.106349 0.000059 
59413.138131 0.000060 
59413.169913 0.000062 
59413.201695 0.000064 
59413.233477 0.000066 
59413.265259 0.000068 
59413.297041 0.000069 
59413.328823 0.000071 
59413.360605 0.000073 
59413.392387 0.000075 
59413.424169 0.000077 
59413.455951 0.000079 
59413.487733 0.000081 
59413.519515 0.000083 
59413.551297 0.000085 
59413.583079 0.000087 
59413.614861 0.000089 
59413.646643 0.000091 
59413.678425 0.000093 
59413.710207 0.000095 
59413.741989 0.000097 
59413.773771 0.000099 
59413.805553 0.000100 
59413.837335 0.000102 
59413.869117 0.000104 
59413.900899 0.000106 
59413.932681 0.000108 
59413.964463 0.000110 
59413.996245 0.000112 
59414.028027 0.000114 
59414.059809 0.000116 
59414.091591 0.000118 
59414.123373 0.000120 
59414.155155 0.000122 
59414.186937 0.000124 
59414.218719 0.000126 
59414.250500 0.000128 
59414.282282 0.000129 
59414.314064 0.000131 
59414.345846 0.000133 
59414.377628 0.000135 
59414.409410 0.000137 
59414.441192 0.000138 
59414.472974 0.000140 
59414.504756 0.000142 
59414.536538 0.000143 
59414.568320 0.000145 
59414.600102 0.000147 
59414.631884 0.000148 
59414.663666 0.000150 
59414.695448 0.000151 
59414.727230 0.000153 
59414.759012 0.000154 
59414.790794 0.000156 
59414.822576 0.000157 
59414.854358 0.000158 
59414.886140 0.000160 
59414.917922 0.000161 
59414.949704 0.000162 
59414.981486 0.000163 
59415.013268 0.000164 
59415.045050 0.000165 
59415.076832 0.000167 
59415.108614 0.000168 
59415.140396 0.000169 
59415.172178 0.000169 
59415.203960 0.000170 
59415.235742 0.000171 
59415.267524 0.000172 
59415.299306 0.000173 
59415.331088 0.000173 
59415.362870 0.000174 
59415.394652 0.000175 
59415.426434 0.000175 
59415.458216 0.000176 
59415.489998 0.000176 
59415.521780 0.000177 
59415.553562 0.000177 
59415.585344 0.000178 
59415.617126 0.000178 
59415.648908 0.000178 
59415.680690 0.000178 
59415.712472 0.000178 
59415.744254 0.000178 
59415.776036 0.000179 
59415.807818 0.000179 
59415.839600 0.000178 
59415.871382 0.000178 
59415.903164 0.000178 
59415.934946 0.000178 
59415.966728 0.000178 
59415.998510 0.000178 
59416.030292 0.000177 
59416.062074 0.000177 
59416.093856 0.000176 
59416.125638 0.000176 
59416.157420 0.000175 
59416.189202 0.000175 
59416.220984 0.000174 
59416.252766 0.000174 
59416.284548 0.000173 
59416.316330 0.000172 
59416.348112 0.000171 
59416.379894 0.000171 
59416.411676 0.000170 
59416.443458 0.000169 
59416.475240 0.000168 
59416.507022 0.000167 
59416.538804 0.000166 
59416.570586 0.000165 
59416.602368 0.000164 
59416.634150 0.000163 
59416.665932 0.000161 
59416.697714 0.000160 
59416.729496 0.000159 
59416.761278 0.000158 
59416.793060 0.000156 
59416.824842 0.000155 
59416.856624 0.000154 
59416.888406 0.000152 
59416.920188 0.000151 
59416.951969 0.000149 
59416.983751 0.000148 
59417.015533 0.000147 
59417.047315 0.000145 
59417.079097 0.000143 
59417.110879 0.000142 
59417.142661 0.000140 
59417.174443 0.000139 
59417.206225 0.000137 
59417.238007 0.000136 
59417.269789 0.000134 
59417.301571 0.000132 
59417.333353 0.000131 
59417.365135 0.000129 
59417.396917 0.000127 
59417.428699 0.000126 
59417.460481 0.000124 
59417.492263 0.000122 
59417.524045 0.000121 
59417.555827 0.000119 
59417.587609 0.000117 
59417.619391 0.000115 
59417.651173 0.000114 
59417.682955 0.000112 
59417.714737 0.000110 
59417.746519 0.000109 
59417.778301 0.000107 
59417.810083 0.000105 
59417.841865 0.000104 
59417.873647 0.000102 
59417.905429 0.000100 
59417.937211 0.000099 
59417.968993 0.000097 
59418.000775 0.000095 
59418.032557 0.000094 
59418.064339 0.000092 
59418.096121 0.000091 
59418.127903 0.000089 
59418.159685 0.000087 
59418.191467 0.000086 
59418.223249 0.000084 
59418.255031 0.000083 
59418.286813 0.000082 
59418.318595 0.000080 
59418.350377 0.000079 
59418.382159 0.000077 
59418.413941 0.000076 
59418.445723 0.000075 
59418.477505 0.000074 
59418.509287 0.000072 
59418.541069 0.000071 
59418.572851 0.000070 
59418.604633 0.000069 
59418.636415 0.000068 
59418.668197 0.000067 
59418.699979 0.000066 
59418.731761 0.000065 
59418.763543 0.000064 
59418.795325 0.000063 
59418.827107 0.000062 
59418.858889 0.000061 
59418.890671 0.000060 
59418.922453 0.000059 
59418.954235 0.000059 
59418.986017 0.000058 
59419.017799 0.000057 
59419.049581 0.000057 
59419.081363 0.000056 
59419.113145 0.000056 
59419.144927 0.000055 
59419.176709 0.000055 
59419.208491 0.000054 
59419.240273 0.000054 
59419.272055 0.000054 
59419.303837 0.000053 
59419.335619 0.000053 
59419.367401 0.000053 
59419.399183 0.000053 
59419.430965 0.000053 
59419.462747 0.000053 
59419.494529 0.000053 
59419.526311 0.000053 
59419.558093 0.000053 
59419.589875 0.000053 
59419.621656 0.000053 
59419.653438 0.000053 
59419.685220 0.000054 
59419.717002 0.000054 
59419.748784 0.000054 
59419.780566 0.000055 
59419.812348 0.000055 
59419.844130 0.000056 
59419.875912 0.000056 
59419.907694 0.000057 
59419.939476 0.000057 
59419.971258 0.000058 
59420.003040 0.000059 
59420.034822 0.000059 
59420.066604 0.000060 
59420.098386 0.000061 
59420.130168 0.000062 
59420.161950 0.000062 
59420.193732 0.000063 
59420.225514 0.000064 
59420.257296 0.000065 
59420.289078 0.000066 
59420.320860 0.000067 
59420.352642 0.000068 
59420.384424 0.000069 
59420.416206 0.000070 
59420.447988 0.000071 
59420.479770 0.000072 
59420.511552 0.000074 
59420.543334 0.000075 
59420.575116 0.000076 
59420.606898 0.000077 
59420.638680 0.000078 
59420.670462 0.000080 
59420.702244 0.000081 
59420.734026 0.000082 
59420.765808 0.000084 
59420.797590 0.000085 
59420.829372 0.000086 
59420.861154 0.000088 
59420.892936 0.000089 
59420.924718 0.000090 
59420.956500 0.000092 
59420.988282 0.000093 
59421.020064 0.000094 
59421.051846 0.000096 
59421.083628 0.000097 
59421.115410 0.000099 
59421.147192 0.000100 
59421.178974 0.000101 
59421.210756 0.000103 
59421.242538 0.000104 
59421.274320 0.000106 
59421.306102 0.000107 
59421.337884 0.000108 
59421.369666 0.000110 
59421.401448 0.000111 
59421.433230 0.000112 
59421.465012 0.000114 
59421.496794 0.000115 
59421.528576 0.000116 
59421.560358 0.000117 
59421.592140 0.000119 
59421.623922 0.000120 
59421.655704 0.000121 
59421.687486 0.000122 
59421.719268 0.000123 
59421.751050 0.000125 
59421.782832 0.000126 
59421.814614 0.000127 
59421.846396 0.000128 
59421.878178 0.000129 
59421.909960 0.000130 
59421.941742 0.000131 
59421.973524 0.000132 
59422.005306 0.000133 
59422.037088 0.000134 
59422.068870 0.000134 
59422.100652 0.000135 
59422.132434 0.000136 
59422.164216 0.000137 
59422.195998 0.000137 
59422.227780 0.000138 
59422.259562 0.000139 
59422.291344 0.000139 
59422.323125 0.000140 
59422.354907 0.000140 
59422.386689 0.000141 
59422.418471 0.000141 
59422.450253 0.000141 
59422.482035 0.000142 
59422.513817 0.000142 
59422.545599 0.000142 
59422.577381 0.000142 
59422.609163 0.000142 
59422.640945 0.000142 
59422.672727 0.000142 
59422.704509 0.000142 
59422.736291 0.000142 
59422.768073 0.000142 
59422.799855 0.000142 
59422.831637 0.000142 
59422.863419 0.000142 
59422.895201 0.000141 
59422.926983 0.000141 
59422.958765 0.000140 
59422.990547 0.000140 
59423.022329 0.000139 
59423.054111 0.000139 
59423.085893 0.000138 
59423.117675 0.000138 
59423.149457 0.000137 
59423.181239 0.000136 
59423.213021 0.000135 
59423.244803 0.000134 
59423.276585 0.000133 
59423.308367 0.000132 
59423.340149 0.000131 
59423.371931 0.000130 
59423.403713 0.000129 
59423.435495 0.000128 
59423.467277 0.000127 
59423.499059 0.000126 
59423.530841 0.000124 
59423.562623 0.000123 
59423.594405 0.000122 
59423.626187 0.000120 
59423.657969 0.000119 
59423.689751 0.000117 
59423.721533 0.000116 
59423.753315 0.000114 
59423.785097 0.000112 
59423.816879 0.000111 
59423.848661 0.000109 
59423.880443 0.000107 
59423.912225 0.000106 
59423.944007 0.000104 
59423.975789 0.000102 
59424.007571 0.000100 
59424.039353 0.000098 
59424.071135 0.000096 
59424.102917 0.000094 
59424.134699 0.000092 
59424.166481 0.000090 
59424.198263 0.000088 
59424.230045 0.000086 
59424.261827 0.000084 
59424.293609 0.000082 
59424.325391 0.000080 
59424.357173 0.000077 
59424.388955 0.000075 
59424.420737 0.000073 
59424.452519 0.000071 
59424.484301 0.000068 
59424.516083 0.000066 
59424.547865 0.000064 
59424.579647 0.000062 
59424.611429 0.000059 
59424.643211 0.000057 
59424.674993 0.000055 
59424.706775 0.000052 
59424.738557 0.000050 
59424.770339 0.000048 
59424.802121 0.000045 
59424.833903 0.000043 
59424.865685 0.000041 
59424.897467 0.000038 
59424.929249 0.000036 
59424.961031 0.000034 
59424.992813 0.000032 
59425.024594 0.000029 
59425.056376 0.000027 
59425.088158 0.000025 
59425.119940 0.000022 
59425.151722 0.000020 
59425.183504 0.000018 
59425.215286 0.000016 
59425.247068 0.000014 
59425.278850 0.000011 
59425.310632 0.000009 
59425.342414 0.000007 
59425.374196 0.000005 
59425.405978 0.000003 
59425.437760 0.000001 
59425.469542 -0.000001 
59425.501324 -0.000003 
59425.533106 -0.000005 
59425.564888 -0.000007 
59425.596670 -0.000009 
59425.628452 -0.000011 
59425.660234 -0.000013 
59425.692016 -0.000014 
59425.723798 -0.000016 
59425.755580 -0.000018 
59425.787362 -0.000020 
59425.819144 -0.000021 
59425.850926 -0.000023 
59425.882708 -0.000024 
59425.914490 -0.000026 
59425.946272 -0.000027 
59425.978054 -0.000029 
59426.009836 -0.000030 
59426.041618 -0.000032 
59426.073400 -0.000033 
59426.105182 -0.000034 
59426.136964 -0.000035 
59426.168746 -0.000037 
59426.200528 -0.000038 
59426.232310 -0.000039 
59426.264092 -0.000040 
59426.295874 -0.000041 
59426.327656 -0.000042 
59426.359438 -0.000042 
59426.391220 -0.000043 
59426.423002 -0.000044 
59426.454784 -0.000045 
59426.486566 -0.000045 
59426.518348 -0.000046 
59426.550130 -0.000046 
59426.581912 -0.000047 
59426.613694 -0.000047 
59426.645476 -0.000047 
59426.677258 -0.000048 
59426.709040 -0.000048 
59426.740822 -0.000048 
59426.772604 -0.000048 
59426.804386 -0.000048 
59426.836168 -0.000048 
59426.867950 -0.000048 
59426.899732 -0.000048 
59426.931514 -0.000048 
59426.963296 -0.000048 
59426.995078 -0.000048 
59427.026860 -0.000047 
59427.058642 -0.000047 
59427.090424 -0.000047 
59427.122206 -0.000046 
59427.153988 -0.000045 
59427.185770 -0.000045 
59427.217552 -0.000044 
59427.249334 -0.000044 
59427.281116 -0.000043 
59427.312898 -0.000042 
59427.344680 -0.000041 
59427.376462 -0.000040 
59427.408244 -0.000039 
59427.440026 -0.000038 
59427.471808 -0.000037 
59427.503590 -0.000036 
59427.535372 -0.000035 
59427.567154 -0.000034 
59427.598936 -0.000033 
59427.630718 -0.000031 
59427.662500 -0.000030 
59427.694282 -0.000029 
59427.726063 -0.000027 
59427.757845 -0.000026 
59427.789627 -0.000025 
59427.821409 -0.000023 
59427.853191 -0.000021 
59427.884973 -0.000020 
59427.916755 -0.000018 
59427.948537 -0.000017 
59427.980319 -0.000015 
59428.012101 -0.000013 
59428.043883 -0.000012 
59428.075665 -0.000010 
59428.107447 -0.000008 
59428.139229 -0.000006 
59428.171011 -0.000004 
59428.202793 -0.000003 
59428.234575 -0.000001 
59428.266357 0.000001 
59428.298139 0.000003 
59428.329921 0.000005 
59428.361703 0.000007 
59428.393485 0.000009 
59428.425267 0.000011 
59428.457049 0.000013 
59428.488831 0.000015 
59428.520613 0.000017 
59428.552395 0.000019 
59428.584177 0.000021 
59428.615959 0.000023 
59428.647741 0.000025 
59428.679523 0.000027 
59428.711305 0.000029 
59428.743087 0.000031 
59428.774869 0.000033 
59428.806651 0.000035 
59428.838433 0.000037 
59428.870215 0.000039 
59428.901997 0.000041 
59428.933779 0.000043 
59428.965561 0.000045 
59428.997343 0.000047 
59429.029125 0.000049 
59429.060907 0.000051 
59429.092689 0.000053 
59429.124471 0.000055 
59429.156253 0.000057 
59429.188035 0.000059 
59429.219817 0.000061 
59429.251599 0.000063 
59429.283381 0.000064 
59429.315163 0.000066 
59429.346945 0.000068 
59429.378727 0.000070 
59429.410509 0.000072 
59429.442291 0.000073 
59429.474073 0.000075 
59429.505855 0.000076 
59429.537637 0.000078 
59429.569419 0.000080 
59429.601201 0.000081 
59429.632983 0.000083 
59429.664765 0.000084 
59429.696547 0.000086 
59429.728329 0.000087 
59429.760111 0.000088 
59429.791893 0.000090 
59429.823675 0.000091 
59429.855457 0.000092 
59429.887239 0.000093 
59429.919021 0.000094 
59429.950803 0.000096 
59429.982585 0.000097 
59430.014367 0.000098 
59430.046149 0.000099 
59430.077931 0.000100 
59430.109713 0.000100 
59430.141495 0.000101 
59430.173277 0.000102 
59430.205059 0.000103 
59430.236841 0.000103 
59430.268623 0.000104 
59430.300405 0.000105 
59430.332187 0.000105 
59430.363969 0.000106 
59430.395751 0.000106 
59430.427532 0.000107 
59430.459314 0.000107 
59430.491096 0.000107 
59430.522878 0.000107 
59430.554660 0.000108 
59430.586442 0.000108 
59430.618224 0.000108 
59430.650006 0.000108 
59430.681788 0.000108 
59430.713570 0.000108 
59430.745352 0.000108 
59430.777134 0.000107 
59430.808916 0.000107 
59430.840698 0.000107 
59430.872480 0.000107 
59430.904262 0.000106 
59430.936044 0.000106 
59430.967826 0.000105 
59430.999608 0.000105 
59431.031390 0.000104 
59431.063172 0.000104 
59431.094954 0.000103 
59431.126736 0.000102 
59431.158518 0.000102 
59431.190300 0.000101 
59431.222082 0.000100 
59431.253864 0.000099 
59431.285646 0.000098 
59431.317428 0.000097 
59431.349210 0.000096 
59431.380992 0.000095 
59431.412774 0.000094 
59431.444556 0.000093 
59431.476338 0.000092 
59431.508120 0.000091 
59431.539902 0.000089 
59431.571684 0.000088 
59431.603466 0.000087 
59431.635248 0.000086 
59431.667030 0.000084 
59431.698812 0.000083 
59431.730594 0.000081 
59431.762376 0.000080 
59431.794158 0.000078 
59431.825940 0.000077 
59431.857722 0.000075 
59431.889504 0.000074 
59431.921286 0.000072 
59431.953068 0.000070 
59431.984850 0.000069 
59432.016632 0.000067 
59432.048414 0.000065 
59432.080196 0.000064 
59432.111978 0.000062 
59432.143760 0.000060 
59432.175542 0.000058 
59432.207324 0.000056 
59432.239106 0.000055 
59432.270888 0.000053 
59432.302670 0.000051 
59432.334452 0.000049 
59432.366234 0.000047 
59432.398016 0.000045 
59432.429798 0.000043 
59432.461580 0.000042 
59432.493362 0.000040 
59432.525144 0.000038 
59432.556926 0.000036 
59432.588708 0.000024 
