# time Tc_folded Tref_folded value value_err offset model full_model val_compare val_compare_err residuals residuals_err jitter jitter_flag offset_flag subset_flag 
59334.700184 16.618829 0.000000 12.513036 0.102000 12.713259 -0.976116 11.790497 -0.253577 0.102000 0.722539 0.102000 1.363162  -1   2  -1 
59334.703954 16.622599 0.000078 12.338036 0.102000 12.713259 -0.975749 11.780796 -0.418509 0.102000 0.557240 0.102000 1.363162  -1   2  -1 
59334.711459 16.630104 0.000233 11.786036 0.102000 12.713259 -0.975018 11.760762 -0.949744 0.102000 0.025274 0.102000 1.363162  -1   2  -1 
59334.934601 16.853246 0.004834 12.027445 0.113000 12.629989 -0.952890 10.882058 0.192497 0.113000 1.145387 0.113000 1.363162  -1   3  -1 
59334.935678 16.854323 0.004856 9.957445 0.113000 12.629989 -0.952781 10.878311 -1.873648 0.113000 -0.920866 0.113000 1.363162  -1   3  -1 
59334.936754 16.855399 0.004878 9.409445 0.113000 12.629989 -0.952673 10.874577 -2.417805 0.113000 -1.465132 0.113000 1.363162  -1   3  -1 
59336.069824 17.988469 0.028243 9.820445 0.117000 12.629989 -0.829661 11.929363 -2.938579 0.117000 -2.108918 0.117000 1.363162  -1   3  -1 
59336.071983 17.990628 0.028288 12.385445 0.117000 12.629989 -0.829411 11.921654 -0.365619 0.117000 0.463791 0.117000 1.363162  -1   3  -1 
59336.073065 17.991710 0.028310 11.459445 0.117000 12.629989 -0.829285 11.917780 -1.287621 0.117000 -0.458335 0.117000 1.363162  -1   3  -1 
59336.087932 18.006577 0.028617 12.299016 0.109000 10.944548 -0.827561 10.178542 1.292914 0.109000 2.120474 0.109000 1.363162  -1   0  -1 
59336.113567 18.032212 0.029145 11.451016 0.109000 10.944548 -0.824581 10.084082 0.542354 0.109000 1.366934 0.109000 1.363162  -1   0  -1 
59336.116529 18.035174 0.029206 10.632016 0.109000 10.944548 -0.824236 10.073098 -0.265318 0.109000 0.558918 0.109000 1.363162  -1   0  -1 
59337.794690 19.713335 0.063811 11.758036 0.103000 12.713259 -0.613566 11.501685 -0.357215 0.103000 0.256351 0.103000 1.363162  -1   2  -1 
59337.802213 19.720858 0.063967 11.947036 0.103000 12.713259 -0.612561 11.508117 -0.173642 0.103000 0.438919 0.103000 1.363162  -1   2  -1 
59337.805964 19.724609 0.064044 11.783036 0.103000 12.713259 -0.612059 11.511668 -0.340691 0.103000 0.271368 0.103000 1.363162  -1   2  -1 
59338.101617 20.020262 0.070141 12.022016 0.109000 10.944548 -0.572166 10.633356 0.816494 0.109000 1.388660 0.109000 1.363162  -1   0  -1 
59338.106766 20.025411 0.070247 11.620016 0.110000 10.944548 -0.571465 10.655674 0.392878 0.110000 0.964342 0.110000 1.363162  -1   0  -1 
59338.111894 20.030539 0.070353 11.480016 0.110000 10.944548 -0.570766 10.677917 0.231332 0.110000 0.802099 0.110000 1.363162  -1   0  -1 
59340.098120 22.016765 0.111310 7.644445 0.116000 12.629989 -0.287842 11.309056 -3.952453 0.116000 -3.664611 0.116000 1.363162  -1   3  -1 
59340.099194 22.017839 0.111332 10.253445 0.117000 12.629989 -0.287684 11.305381 -1.339620 0.117000 -1.051936 0.117000 1.363162  -1   3  -1 
59340.101354 22.019999 0.111377 9.977445 0.116000 12.629989 -0.287366 11.298033 -1.607954 0.116000 -1.320588 0.116000 1.363162  -1   3  -1 
59340.125153 22.043798 0.111868 10.201016 0.104000 10.944548 -0.283860 9.535566 0.381590 0.104000 0.665450 0.104000 1.363162  -1   0  -1 
59340.134329 22.052974 0.112057 10.066016 0.104000 10.944548 -0.282508 9.507863 0.275645 0.104000 0.558153 0.104000 1.363162  -1   0  -1 
59340.148161 22.066806 0.112342 9.340016 0.104000 10.944548 -0.280469 9.468294 -0.408747 0.104000 -0.128278 0.104000 1.363162  -1   0  -1 
59341.954385 23.873030 0.149588 12.591445 0.119000 12.629989 -0.010942 11.504044 1.076459 0.119000 1.087401 0.119000 1.363162  -1   3  -1 
59341.957620 23.876265 0.149655 11.846445 0.119000 12.629989 -0.010457 11.517502 0.318485 0.119000 0.328943 0.119000 1.363162  -1   3  -1 
59341.958695 23.877340 0.149677 11.125445 0.119000 12.629989 -0.010296 11.521967 -0.406818 0.119000 -0.396522 0.119000 1.363162  -1   3  -1 
59341.996746 23.915391 0.150462 9.912016 0.107000 10.944548 -0.004595 9.990788 -0.083367 0.107000 -0.078772 0.107000 1.363162  -1   0  -1 
59342.000684 23.919329 0.150543 11.168016 0.107000 10.944548 -0.004005 10.006181 1.157831 0.107000 1.161835 0.107000 1.363162  -1   0  -1 
59343.674792 -22.901072 0.185064 12.265036 0.104000 12.713259 0.244255 12.036358 0.472932 0.104000 0.228678 0.104000 1.363162  -1   2  -1 
59343.682301 -22.893563 0.185219 11.495036 0.104000 12.713259 0.245350 12.009194 -0.268808 0.104000 -0.514158 0.104000 1.363162  -1   2  -1 
59343.689815 -22.886049 0.185374 11.638036 0.104000 12.713259 0.246445 11.981615 -0.097135 0.104000 -0.343579 0.104000 1.363162  -1   2  -1 
59344.038460 -22.537404 0.192564 9.612016 0.106000 10.944548 0.296990 9.204651 0.704355 0.106000 0.407365 0.106000 1.363162  -1   0  -1 
59344.047124 -22.528740 0.192742 9.678016 0.105000 10.944548 0.298239 9.198057 0.778199 0.105000 0.479959 0.105000 1.363162  -1   0  -1 
59344.054785 -22.521079 0.192900 9.704016 0.105000 10.944548 0.299344 9.193232 0.810128 0.105000 0.510784 0.105000 1.363162  -1   0  -1 
59344.090520 -22.485344 0.193637 10.762445 0.117000 12.629989 0.304490 10.868793 0.198142 0.117000 -0.106348 0.117000 1.363162  -1   3  -1 
59344.093753 -22.482111 0.193704 10.331445 0.117000 12.629989 0.304955 10.868933 -0.232533 0.117000 -0.537488 0.117000 1.363162  -1   3  -1 
59344.094826 -22.481038 0.193726 12.097445 0.117000 12.629989 0.305109 10.869018 1.533536 0.117000 1.228427 0.117000 1.363162  -1   3  -1 
59345.052239 -21.523625 0.213469 9.690016 0.106000 10.944548 0.440330 10.229602 -0.099257 0.106000 -0.539586 0.106000 1.363162  -1   0  -1 
59345.054836 -21.521028 0.213522 9.351016 0.106000 10.944548 0.440689 10.219432 -0.427727 0.106000 -0.868416 0.106000 1.363162  -1   0  -1 
59345.062635 -21.513229 0.213683 9.182016 0.105000 10.944548 0.441767 10.189045 -0.565262 0.105000 -1.007029 0.105000 1.363162  -1   0  -1 
59348.691508 -17.884356 0.288514 9.657036 0.102000 12.713259 0.883879 12.218847 -1.677932 0.102000 -2.561811 0.102000 1.363162  -1   2  -1 
59348.699020 -17.876844 0.288668 11.244036 0.102000 12.713259 0.884642 12.194627 -0.065949 0.102000 -0.950591 0.102000 1.363162  -1   2  -1 
59348.702790 -17.873074 0.288746 11.974036 0.103000 12.713259 0.885025 12.182154 0.676907 0.103000 -0.208118 0.103000 1.363162  -1   2  -1 
59349.021951 -17.553913 0.295328 7.957016 0.108000 10.944548 0.916740 9.227557 -0.353802 0.108000 -1.270541 0.108000 1.363162  -1   0  -1 
59349.026999 -17.548865 0.295432 5.714016 0.108000 10.944548 0.917230 9.214781 -2.583535 0.108000 -3.500765 0.108000 1.363162  -1   0  -1 
59349.032064 -17.543800 0.295536 9.298016 0.109000 10.944548 0.917722 9.202321 1.013417 0.109000 0.095695 0.109000 1.363162  -1   0  -1 
59350.089948 -16.485916 0.317351 11.005016 0.104000 10.944548 1.012500 10.232697 1.784819 0.104000 0.772319 0.104000 1.363162  -1   0  -1 
59350.092419 -16.483445 0.317402 11.321016 0.104000 10.944548 1.012702 10.223401 2.110317 0.104000 1.097615 0.104000 1.363162  -1   0  -1 
59350.106715 -16.469149 0.317696 11.969016 0.104000 10.944548 1.013870 10.169642 2.813244 0.104000 1.799374 0.104000 1.363162  -1   0  -1 
59350.920251 -15.655613 0.334472 10.284016 0.105000 10.944548 1.075089 11.022418 0.336687 0.105000 -0.738402 0.105000 1.363162  -1   0  -1 
59351.708087 -14.867777 0.350718 10.082036 0.102000 12.713259 1.124135 11.870648 -0.664477 0.102000 -1.788612 0.102000 1.363162  -1   2  -1 
59351.715613 -14.860251 0.350873 8.813036 0.102000 12.713259 1.124553 11.871636 -1.934047 0.102000 -3.058600 0.102000 1.363162  -1   2  -1 
59351.726880 -14.848984 0.351106 9.479036 0.102000 12.713259 1.125177 11.874844 -1.270631 0.102000 -2.395808 0.102000 1.363162  -1   2  -1 
59352.098517 -14.477347 0.358769 10.912016 0.107000 10.944548 1.144525 11.229920 0.826620 0.107000 -0.317904 0.107000 1.363162  -1   0  -1 
59352.108322 -14.467542 0.358971 10.396016 0.107000 10.944548 1.145002 11.275332 0.265686 0.107000 -0.879316 0.107000 1.363162  -1   0  -1 
59352.122068 -14.453796 0.359255 11.479016 0.107000 10.944548 1.145669 11.338588 1.286097 0.107000 0.140428 0.107000 1.363162  -1   0  -1 
59353.715347 -12.860517 0.392110 12.882036 0.106000 12.713259 1.199781 13.647996 0.433821 0.106000 -0.765960 0.106000 1.363162  -1   2  -1 
59353.719104 -12.856760 0.392187 13.429036 0.106000 12.713259 1.199852 13.638854 0.990035 0.106000 -0.209818 0.106000 1.363162  -1   2  -1 
59353.722869 -12.852995 0.392265 15.656036 0.106000 12.713259 1.199924 13.629378 3.226582 0.106000 2.026658 0.106000 1.363162  -1   2  -1 
59354.076145 -12.499719 0.399550 10.993016 0.113000 10.944548 1.205450 10.413318 1.785148 0.113000 0.579698 0.113000 1.363162  -1   0  -1 
59354.101312 -12.474552 0.400069 10.347016 0.115000 10.944548 1.205752 10.328322 1.224447 0.115000 0.018694 0.115000 1.363162  -1   0  -1 
59354.104255 -12.471609 0.400129 10.555016 0.115000 10.944548 1.205787 10.318909 1.441894 0.115000 0.236107 0.115000 1.363162  -1   0  -1 
59356.710684 -9.865180 0.453876 8.178036 0.107000 12.713259 1.169686 10.111945 -0.764223 0.107000 -1.933909 0.107000 1.363162  -1   2  -1 
59356.721985 -9.853879 0.454109 8.616036 0.107000 12.713259 1.169236 10.088217 -0.302945 0.107000 -1.472181 0.107000 1.363162  -1   2  -1 
59356.725745 -9.850119 0.454187 7.224036 0.107000 12.713259 1.169086 10.080774 -1.687652 0.107000 -2.856738 0.107000 1.363162  -1   2  -1 
59357.087914 -9.487950 0.461655 11.478445 0.116000 12.629989 1.153303 10.357611 2.274137 0.116000 1.120834 0.116000 1.363162  -1   3  -1 
59357.090082 -9.485782 0.461700 9.046445 0.116000 12.629989 1.153201 10.365302 -0.165655 0.116000 -1.318857 0.116000 1.363162  -1   3  -1 
59357.092248 -9.483616 0.461744 11.123445 0.116000 12.629989 1.153099 10.373025 1.903519 0.116000 0.750420 0.116000 1.363162  -1   3  -1 
59358.923301 -7.652563 0.499502 9.632016 0.111000 10.944548 1.033897 9.245802 1.420111 0.111000 0.386214 0.111000 1.363162  -1   0  -1 
59358.931249 -7.644615 0.499666 9.002016 0.111000 10.944548 1.033240 9.216127 0.819129 0.111000 -0.214111 0.111000 1.363162  -1   0  -1 
59358.937426 -7.638438 0.499794 9.394016 0.111000 10.944548 1.032728 9.192773 1.233971 0.111000 0.201243 0.111000 1.363162  -1   0  -1 
59358.952972 -7.622892 0.500114 11.744445 0.116000 12.629989 1.031438 10.818513 1.957370 0.116000 0.925932 0.116000 1.363162  -1   3  -1 
59358.954053 -7.621811 0.500136 9.716445 0.116000 12.629989 1.031348 10.814320 -0.066527 0.116000 -1.097875 0.116000 1.363162  -1   3  -1 
59358.956208 -7.619656 0.500181 9.905445 0.116000 12.629989 1.031169 10.805949 0.130665 0.116000 -0.900504 0.116000 1.363162  -1   3  -1 
59361.683491 -4.892373 0.556420 11.014036 0.106000 12.713259 0.739255 10.802355 0.950936 0.106000 0.211681 0.106000 1.363162  -1   2  -1 
59361.687248 -4.888616 0.556497 10.757036 0.106000 12.713259 0.738770 10.790973 0.704833 0.106000 -0.033937 0.106000 1.363162  -1   2  -1 
59361.691012 -4.884852 0.556575 10.074036 0.106000 12.713259 0.738284 10.779737 0.032583 0.106000 -0.705701 0.106000 1.363162  -1   2  -1 
59361.944566 -4.631298 0.561803 10.255016 0.107000 10.944548 0.705097 8.728041 2.232072 0.107000 1.526975 0.107000 1.363162  -1   0  -1 
59361.947357 -4.628507 0.561861 8.539016 0.107000 10.944548 0.704726 8.730666 0.513077 0.107000 -0.191650 0.107000 1.363162  -1   0  -1 
59361.957166 -4.618698 0.562063 9.884016 0.108000 10.944548 0.703424 8.740909 1.846530 0.108000 1.143107 0.108000 1.363162  -1   0  -1 
59362.136140 -4.439724 0.565754 11.463445 0.116000 12.629989 0.679426 10.872738 1.270133 0.116000 0.590707 0.116000 1.363162  -1   3  -1 
59362.137220 -4.438644 0.565776 11.289445 0.116000 12.629989 0.679280 10.876736 1.091989 0.116000 0.412709 0.116000 1.363162  -1   3  -1 
59362.138308 -4.437556 0.565799 11.254445 0.116000 12.629989 0.679133 10.880776 1.052802 0.116000 0.373669 0.116000 1.363162  -1   3  -1 
59364.917885 -1.657979 0.623116 10.797445 0.117000 12.629989 0.259733 12.310897 -1.253719 0.117000 -1.513452 0.117000 1.363162  -1   3  -1 
59364.918966 -1.656898 0.623138 13.743445 0.118000 12.629989 0.259557 12.314724 1.688278 0.118000 1.428721 0.118000 1.363162  -1   3  -1 
59364.921142 -1.654722 0.623183 12.322445 0.117000 12.629989 0.259202 12.322371 0.259276 0.117000 0.000074 0.117000 1.363162  -1   3  -1 
59365.067320 -1.508544 0.626197 12.372016 0.109000 10.944548 0.235316 10.925430 1.681903 0.109000 1.446586 0.109000 1.363162  -1   0  -1 
59365.069993 -1.505871 0.626253 12.389016 0.109000 10.944548 0.234878 10.925858 1.698036 0.109000 1.463158 0.109000 1.363162  -1   0  -1 
59365.075398 -1.500466 0.626364 13.155016 0.109000 10.944548 0.233993 10.926156 2.462853 0.109000 2.228860 0.109000 1.363162  -1   0  -1 
59365.648355 -0.927509 0.638179 10.628036 0.104000 12.713259 0.139304 11.100155 -0.332815 0.104000 -0.472119 0.104000 1.363162  -1   2  -1 
59365.652118 -0.923746 0.638256 11.484036 0.104000 12.713259 0.138678 11.096762 0.525951 0.104000 0.387274 0.104000 1.363162  -1   2  -1 
59365.659667 -0.916197 0.638412 10.294036 0.105000 12.713259 0.137420 11.090636 -0.659179 0.105000 -0.796600 0.105000 1.363162  -1   2  -1 
59365.941188 -0.634676 0.644217 10.541016 0.109000 10.944548 0.090407 9.737026 0.894397 0.109000 0.803990 0.109000 1.363162  -1   0  -1 
59365.959824 -0.616040 0.644602 9.199016 0.108000 10.944548 0.087286 9.803504 -0.517202 0.108000 -0.604488 0.108000 1.363162  -1   0  -1 
59369.761210 3.185346 0.722990 8.228036 0.106000 12.713259 -0.537753 8.585469 -0.895186 0.106000 -0.357433 0.106000 1.363162  -1   2  -1 
59369.768738 3.192874 0.723145 6.325036 0.106000 12.713259 -0.538907 8.604567 -2.818439 0.106000 -2.279531 0.106000 1.363162  -1   2  -1 
59369.776263 3.200399 0.723300 7.991036 0.106000 12.713259 -0.540060 8.624242 -1.173266 0.106000 -0.633206 0.106000 1.363162  -1   2  -1 
59369.910940 3.335076 0.726077 7.933445 0.117000 12.629989 -0.560595 8.952216 -1.579367 0.117000 -1.018771 0.117000 1.363162  -1   3  -1 
59369.912028 3.336164 0.726100 8.050445 0.117000 12.629989 -0.560761 8.955644 -1.465960 0.117000 -0.905199 0.117000 1.363162  -1   3  -1 
59369.913108 3.337244 0.726122 8.183445 0.117000 12.629989 -0.560924 8.959043 -1.336522 0.117000 -0.775598 0.117000 1.363162  -1   3  -1 
59370.023276 3.447412 0.728394 6.073016 0.109000 10.944548 -0.577579 7.567591 -2.072155 0.109000 -1.494575 0.109000 1.363162  -1   0  -1 
59370.025654 3.449790 0.728443 7.180016 0.109000 10.944548 -0.577938 7.572137 -0.970058 0.109000 -0.392121 0.109000 1.363162  -1   0  -1 
59370.030553 3.454689 0.728544 6.341016 0.110000 10.944548 -0.578675 7.581177 -1.818836 0.110000 -1.240161 0.110000 1.363162  -1   0  -1 
59374.802541 8.226677 0.826946 5.596036 0.107000 12.713259 -1.126154 7.416341 -2.946459 0.107000 -1.820305 0.107000 1.363162  -1   2  -1 
59374.806302 8.230438 0.827024 5.522036 0.107000 12.713259 -1.126420 7.428478 -3.032863 0.107000 -1.906442 0.107000 1.363162  -1   2  -1 
59374.810063 8.234199 0.827101 7.333036 0.107000 12.713259 -1.126686 7.440791 -1.234442 0.107000 -0.107755 0.107000 1.363162  -1   2  -1 
59376.787767 10.211903 0.867883 6.897036 0.106000 12.713259 -1.224329 7.806053 -2.133346 0.106000 -0.909017 0.106000 1.363162  -1   2  -1 
59376.791518 10.215654 0.867961 6.839036 0.106000 12.713259 -1.224433 7.789778 -2.175175 0.106000 -0.950742 0.106000 1.363162  -1   2  -1 
59376.799035 10.223171 0.868116 4.539036 0.106000 12.713259 -1.224641 7.757232 -4.442837 0.106000 -3.218196 0.106000 1.363162  -1   2  -1 
59376.948922 10.373058 0.871207 7.490445 0.118000 12.629989 -1.228518 7.098081 -0.836154 0.118000 0.392364 0.118000 1.363162  -1   3  -1 
59376.951075 10.375211 0.871251 9.995445 0.118000 12.629989 -1.228570 7.091430 1.675446 0.118000 2.904015 0.118000 1.363162  -1   3  -1 
59376.952157 10.376293 0.871273 7.071445 0.118000 12.629989 -1.228596 7.088109 -1.245260 0.118000 -0.016664 0.118000 1.363162  -1   3  -1 
59377.106321 10.530457 0.874452 4.323016 0.105000 10.944548 -1.232056 5.102690 -2.011730 0.105000 -0.779674 0.105000 1.363162  -1   0  -1 
59377.108935 10.533071 0.874506 6.659016 0.106000 10.944548 -1.232110 5.100826 0.326080 0.106000 1.558190 0.106000 1.363162  -1   0  -1 
59377.116326 10.540462 0.874659 6.710016 0.106000 10.944548 -1.232262 5.096170 0.381584 0.106000 1.613846 0.106000 1.363162  -1   0  -1 
59377.628949 11.053085 0.885229 6.412036 0.103000 12.713259 -1.239891 8.256579 -3.084434 0.103000 -1.844543 0.103000 1.363162  -1   2  -1 
59377.636479 11.060615 0.885385 8.793036 0.104000 12.713259 -1.239960 8.280504 -0.727428 0.104000 0.512532 0.104000 1.363162  -1   2  -1 
59377.640253 11.064389 0.885463 8.817036 0.104000 12.713259 -1.239994 8.292139 -0.715098 0.104000 0.524897 0.104000 1.363162  -1   2  -1 
59378.026109 11.450245 0.893419 7.354016 0.112000 10.944548 -1.241839 6.090407 0.021770 0.112000 1.263609 0.112000 1.363162  -1   0  -1 
59378.031599 11.455735 0.893532 6.618016 0.112000 10.944548 -1.241842 6.067980 -0.691806 0.112000 0.550036 0.112000 1.363162  -1   0  -1 
59378.035635 11.459771 0.893616 4.879016 0.113000 10.944548 -1.241844 6.051463 -2.414291 0.113000 -1.172447 0.113000 1.363162  -1   0  -1 
59379.024886 12.449022 0.914015 7.645016 0.112000 10.944548 -1.231650 6.958884 -0.545517 0.112000 0.686132 0.112000 1.363162  -1   0  -1 
59379.027585 12.451721 0.914071 6.054016 0.112000 10.944548 -1.231593 6.961037 -2.138614 0.112000 -0.907021 0.112000 1.363162  -1   0  -1 
59379.734125 13.158261 0.928640 7.982036 0.106000 12.713259 -1.211611 7.339234 -0.568809 0.106000 0.642802 0.106000 1.363162  -1   2  -1 
59379.737891 13.162027 0.928718 7.372036 0.106000 12.713259 -1.211476 7.344097 -1.183538 0.106000 0.027939 0.106000 1.363162  -1   2  -1 
59379.749170 13.173306 0.928950 5.973036 0.107000 12.713259 -1.211073 7.360064 -2.598101 0.107000 -1.387028 0.107000 1.363162  -1   2  -1 
59379.927944 13.352080 0.932637 6.373016 0.111000 10.944548 -1.204336 6.104332 -0.935652 0.111000 0.268684 0.111000 1.363162  -1   0  -1 
59379.940910 13.365046 0.932904 6.288016 0.111000 10.944548 -1.203822 6.157735 -1.073542 0.111000 0.130281 0.111000 1.363162  -1   0  -1 
59379.943737 13.367873 0.932962 7.458016 0.111000 10.944548 -1.203710 6.169596 0.084710 0.111000 1.288420 0.111000 1.363162  -1   0  -1 
59380.041449 13.465585 0.934977 9.142445 0.118000 12.629989 -1.199724 8.297676 -0.354956 0.118000 0.844769 0.118000 1.363162  -1   3  -1 
59380.044695 13.468831 0.935044 7.565445 0.118000 12.629989 -1.199589 8.312936 -1.947080 0.118000 -0.747491 0.118000 1.363162  -1   3  -1 
59380.045775 13.469911 0.935067 9.611445 0.118000 12.629989 -1.199544 8.318013 0.093888 0.118000 1.293432 0.118000 1.363162  -1   3  -1 
59381.742082 15.166218 0.970046 8.717036 0.105000 12.713259 -1.100873 9.224989 -1.608826 0.105000 -0.507953 0.105000 1.363162  -1   2  -1 
59381.745840 15.169976 0.970123 8.304036 0.105000 12.713259 -1.100596 9.211820 -2.008380 0.105000 -0.907784 0.105000 1.363162  -1   2  -1 
59381.749613 15.173749 0.970201 6.563036 0.106000 12.713259 -1.100317 9.198400 -3.735681 0.106000 -2.635364 0.106000 1.363162  -1   2  -1 
59381.964035 15.388171 0.974623 6.574016 0.108000 10.944548 -1.084070 6.543999 -1.054053 0.108000 0.030017 0.108000 1.363162  -1   0  -1 
59381.966642 15.390778 0.974676 8.862016 0.108000 10.944548 -1.083867 6.533910 1.244239 0.108000 2.328106 0.108000 1.363162  -1   0  -1 
59381.969218 15.393354 0.974730 7.504016 0.108000 10.944548 -1.083667 6.523999 -0.103650 0.108000 0.980017 0.108000 1.363162  -1   0  -1 
59382.115350 15.539486 0.977743 9.156445 0.114000 12.629989 -1.072129 7.769559 0.314757 0.114000 1.386886 0.114000 1.363162  -1   3  -1 
59382.116432 15.540568 0.977765 8.099445 0.114000 12.629989 -1.072042 7.767362 -0.739959 0.114000 0.332083 0.114000 1.363162  -1   3  -1 
59382.117507 15.541643 0.977787 7.782445 0.114000 12.629989 -1.071956 7.765196 -1.054707 0.114000 0.017249 0.114000 1.363162  -1   3  -1 
59383.644277 17.068413 0.009271 7.106036 0.103000 12.713259 -0.930872 7.082521 -0.907357 0.103000 0.023515 0.103000 1.363162  -1   2  -1 
59383.648053 17.072189 0.009349 6.152036 0.103000 12.713259 -0.930480 7.088871 -1.867315 0.103000 -0.936835 0.103000 1.363162  -1   2  -1 
59383.655584 17.079720 0.009504 4.102036 0.103000 12.713259 -0.929697 7.102159 -3.929820 0.103000 -3.000123 0.103000 1.363162  -1   2  -1 
59383.978595 17.402731 0.016165 8.054445 0.119000 12.629989 -0.895384 7.996608 -0.837547 0.119000 0.057837 0.119000 1.363162  -1   3  -1 
59383.979676 17.403812 0.016187 10.057445 0.119000 12.629989 -0.895267 7.999372 1.162807 0.119000 2.058073 0.119000 1.363162  -1   3  -1 
59383.981846 17.405982 0.016232 10.101445 0.119000 12.629989 -0.895031 8.004864 1.201550 0.119000 2.096581 0.119000 1.363162  -1   3  -1 
59383.992473 17.416609 0.016451 5.816016 0.106000 10.944548 -0.893878 6.345203 -1.423064 0.106000 -0.529187 0.106000 1.363162  -1   0  -1 
59384.002278 17.426414 0.016653 5.494016 0.107000 10.944548 -0.892812 6.367251 -1.766048 0.107000 -0.873235 0.107000 1.363162  -1   0  -1 
59384.007238 17.431374 0.016755 6.542016 0.106000 10.944548 -0.892273 6.377734 -0.727991 0.106000 0.164282 0.106000 1.363162  -1   0  -1 
59384.628010 18.052146 0.029556 7.086036 0.099000 12.713259 -0.822258 6.349453 -0.085675 0.099000 0.736583 0.099000 1.363162  -1   2  -1 
59384.631782 18.055918 0.029634 7.844036 0.100000 12.713259 -0.821818 6.338922 0.683296 0.100000 1.505114 0.100000 1.363162  -1   2  -1 
59384.635541 18.059677 0.029712 5.998036 0.100000 12.713259 -0.821379 6.328639 -1.151983 0.100000 -0.330603 0.100000 1.363162  -1   2  -1 
59385.055212 18.479348 0.038366 5.790016 0.108000 10.944548 -0.771361 4.834985 0.183670 0.108000 0.955031 0.108000 1.363162  -1   0  -1 
59385.061472 18.485608 0.038495 5.595016 0.108000 10.944548 -0.770600 4.857375 -0.032959 0.108000 0.737641 0.108000 1.363162  -1   0  -1 
59385.063906 18.488042 0.038545 5.283016 0.108000 10.944548 -0.770304 4.866155 -0.353443 0.108000 0.416861 0.108000 1.363162  -1   0  -1 
59387.920967 21.345103 0.097460 6.280016 0.107000 10.944548 -0.385871 6.540701 -0.646556 0.107000 -0.260685 0.107000 1.363162  -1   0  -1 
59387.926477 21.350613 0.097574 8.525016 0.107000 10.944548 -0.385074 6.546970 1.592971 0.107000 1.978046 0.107000 1.363162  -1   0  -1 
59387.929412 21.353548 0.097634 6.352016 0.107000 10.944548 -0.384650 6.549990 -0.582625 0.107000 -0.197974 0.107000 1.363162  -1   0  -1 
59388.644350 22.068486 0.112377 8.653036 0.103000 12.713259 -0.280221 7.241668 1.131147 0.103000 1.411368 0.103000 1.363162  -1   2  -1 
59388.659397 22.083533 0.112687 7.371036 0.104000 12.713259 -0.278003 7.272432 -0.179399 0.104000 0.098604 0.104000 1.363162  -1   2  -1 
59388.663148 22.087284 0.112764 8.175036 0.104000 12.713259 -0.277449 7.280674 0.616913 0.104000 0.894362 0.104000 1.363162  -1   2  -1 
59388.965674 22.389810 0.119003 6.242016 0.109000 10.944548 -0.232692 6.756837 -0.747513 0.109000 -0.514821 0.109000 1.363162  -1   0  -1 
59388.967365 22.391501 0.119038 6.920445 0.117000 12.629989 -0.232441 8.450765 -1.762761 0.117000 -1.530320 0.117000 1.363162  -1   3  -1 
59388.968252 22.392388 0.119056 4.378016 0.109000 10.944548 -0.232309 6.769772 -2.624065 0.109000 -2.391756 0.109000 1.363162  -1   0  -1 
59388.968449 22.392585 0.119060 6.153445 0.117000 12.629989 -0.232280 8.456201 -2.535035 0.117000 -2.302756 0.117000 1.363162  -1   3  -1 
59388.969524 22.393660 0.119082 7.251445 0.117000 12.629989 -0.232120 8.461586 -1.442261 0.117000 -1.210141 0.117000 1.363162  -1   3  -1 
59388.970854 22.394990 0.119110 4.576016 0.109000 10.944548 -0.231923 6.782801 -2.438708 0.109000 -2.206785 0.109000 1.363162  -1   0  -1 
59389.809335 23.233471 0.136400 9.271036 0.098000 12.713259 -0.106809 8.097440 1.066787 0.098000 1.173596 0.098000 1.363162  -1   2  -1 
59389.828264 23.252400 0.136790 8.909036 0.097000 12.713259 -0.103974 8.100954 0.704108 0.097000 0.808082 0.097000 1.363162  -1   2  -1 
59389.832028 23.256164 0.136868 9.154036 0.096000 12.713259 -0.103410 8.102350 0.948276 0.096000 1.051686 0.096000 1.363162  -1   2  -1 
59389.926150 23.350286 0.138809 10.903445 0.118000 12.629989 -0.089307 8.129740 2.684398 0.118000 2.773705 0.118000 1.363162  -1   3  -1 
59389.928313 23.352449 0.138853 8.793445 0.118000 12.629989 -0.088983 8.133986 0.570477 0.118000 0.659459 0.118000 1.363162  -1   3  -1 
59389.929388 23.353524 0.138875 8.906445 0.118000 12.629989 -0.088821 8.136124 0.681500 0.118000 0.770321 0.118000 1.363162  -1   3  -1 
59389.952568 23.376704 0.139353 6.474016 0.108000 10.944548 -0.085347 6.501280 -0.112611 0.108000 -0.027264 0.108000 1.363162  -1   0  -1 
59389.957794 23.381930 0.139461 5.317016 0.108000 10.944548 -0.084564 6.513863 -1.281411 0.108000 -1.196847 0.108000 1.363162  -1   0  -1 
59389.966851 23.390987 0.139648 6.199016 0.107000 10.944548 -0.083207 6.536678 -0.420869 0.107000 -0.337662 0.107000 1.363162  -1   0  -1 
59392.835547 -22.234825 0.198803 10.331036 0.103000 12.713259 0.340385 11.191025 -0.519605 0.103000 -0.859989 0.103000 1.363162  -1   2  -1 
59392.843066 -22.227306 0.198958 10.441036 0.103000 12.713259 0.341457 11.224601 -0.442108 0.103000 -0.783565 0.103000 1.363162  -1   2  -1 
59392.846825 -22.223547 0.199036 9.767036 0.103000 12.713259 0.341993 11.241137 -1.132108 0.103000 -1.474101 0.103000 1.363162  -1   2  -1 
59393.111566 -21.958806 0.204495 12.567016 0.109000 10.944548 0.379538 9.908801 3.037753 0.109000 2.658215 0.109000 1.363162  -1   0  -1 
59393.114447 -21.955925 0.204554 11.103016 0.109000 10.944548 0.379944 9.904406 1.578554 0.109000 1.198610 0.109000 1.363162  -1   0  -1 
59393.123097 -21.947275 0.204733 9.965016 0.109000 10.944548 0.381164 9.890184 0.455996 0.109000 0.074832 0.109000 1.363162  -1   0  -1 
59397.703574 -17.366798 0.299186 12.270036 0.104000 12.713259 0.934691 11.220872 1.983855 0.104000 1.049164 0.104000 1.363162  -1   2  -1 
59397.714844 -17.355528 0.299418 11.475036 0.104000 12.713259 0.935757 11.251584 1.159208 0.104000 0.223452 0.104000 1.363162  -1   2  -1 
59397.718600 -17.351772 0.299496 11.622036 0.104000 12.713259 0.936112 11.262112 1.296035 0.104000 0.359924 0.104000 1.363162  -1   2  -1 
59397.891478 -17.178894 0.303061 10.351016 0.106000 10.944548 0.952228 10.056579 1.246665 0.106000 0.294437 0.106000 1.363162  -1   0  -1 
59397.896665 -17.173707 0.303168 10.505016 0.106000 10.944548 0.952705 10.072954 1.384767 0.106000 0.432062 0.106000 1.363162  -1   0  -1 
59397.899199 -17.171173 0.303220 10.793016 0.106000 10.944548 0.952938 10.080871 1.665083 0.106000 0.712145 0.106000 1.363162  -1   0  -1 
59398.093478 -16.976894 0.307226 9.225445 0.118000 12.629989 0.970522 12.059332 -1.863365 0.118000 -2.833887 0.118000 1.363162  -1   3  -1 
59398.094558 -16.975814 0.307249 12.796445 0.117000 12.629989 0.970618 12.058580 1.708483 0.117000 0.737865 0.117000 1.363162  -1   3  -1 
59398.096718 -16.973654 0.307293 10.478445 0.117000 12.629989 0.970810 12.056986 -0.607730 0.117000 -1.578541 0.117000 1.363162  -1   3  -1 
59401.792180 -13.278192 0.383497 10.003036 0.105000 12.713259 1.190131 10.831299 0.361868 0.105000 -0.828263 0.105000 1.363162  -1   2  -1 
59401.795940 -13.274432 0.383574 9.622036 0.106000 12.713259 1.190233 10.843839 -0.031570 0.106000 -1.221803 0.106000 1.363162  -1   2  -1 
59401.799701 -13.270671 0.383652 10.338036 0.105000 12.713259 1.190334 10.856113 0.672257 0.105000 -0.518077 0.105000 1.363162  -1   2  -1 
59401.885991 -13.184381 0.385431 9.301016 0.108000 10.944548 1.192584 9.284054 1.209546 0.108000 0.016962 0.108000 1.363162  -1   0  -1 
59401.888644 -13.181728 0.385486 10.478016 0.107000 10.944548 1.192651 9.287263 2.383404 0.107000 1.190753 0.107000 1.363162  -1   0  -1 
59401.892602 -13.177770 0.385568 10.397016 0.107000 10.944548 1.192751 9.291716 2.298051 0.107000 1.105300 0.107000 1.363162  -1   0  -1 
59401.927059 -13.143313 0.386278 10.789000 0.120000 13.898181 1.193606 12.267129 -0.284522 0.120000 -1.478129 0.120000 1.363162  -1   1  -1 
59401.927765 -13.142607 0.386293 11.705000 0.120000 13.898181 1.193624 12.267256 0.631367 0.120000 -0.562256 0.120000 1.363162  -1   1  -1 
59401.929177 -13.141195 0.386322 11.050000 0.120000 13.898181 1.193658 12.267473 -0.023815 0.120000 -1.217473 0.120000 1.363162  -1   1  -1 
59401.992049 -13.078323 0.387618 12.236445 0.121000 12.629989 1.195159 10.958990 2.472614 0.121000 1.277455 0.121000 1.363162  -1   3  -1 
59401.994207 -13.076165 0.387663 12.383445 0.122000 12.629989 1.195209 10.955958 2.622697 0.122000 1.427487 0.122000 1.363162  -1   3  -1 
59401.995280 -13.075092 0.387685 11.654445 0.122000 12.629989 1.195234 10.954412 1.895267 0.122000 0.700033 0.122000 1.363162  -1   3  -1 
59402.794210 -12.276162 0.404160 10.546036 0.105000 12.713259 1.207708 10.367500 1.386244 0.105000 0.178536 0.105000 1.363162  -1   2  -1 
59402.797974 -12.272398 0.404237 9.392036 0.105000 12.713259 1.207738 10.383359 0.216415 0.105000 -0.991323 0.105000 1.363162  -1   2  -1 
59402.801729 -12.268643 0.404315 10.372036 0.105000 12.713259 1.207768 10.399325 1.180478 0.105000 -0.027289 0.105000 1.363162  -1   2  -1 
59402.966503 -12.103869 0.407712 11.189000 0.117000 13.898181 1.208789 12.360362 0.037427 0.117000 -1.171362 0.117000 1.363162  -1   1  -1 
59402.968621 -12.101751 0.407756 14.018000 0.117000 13.898181 1.208799 12.370263 2.856535 0.117000 1.647737 0.117000 1.363162  -1   1  -1 
59402.969327 -12.101045 0.407771 13.132000 0.117000 13.898181 1.208802 12.373557 1.967245 0.117000 0.758443 0.117000 1.363162  -1   1  -1 
59402.970612 -12.099760 0.407797 11.095445 0.117000 12.629989 1.208808 11.111351 1.192902 0.117000 -0.015906 0.117000 1.363162  -1   3  -1 
59402.971692 -12.098680 0.407819 13.128445 0.117000 12.629989 1.208813 11.116372 3.220886 0.117000 2.012073 0.117000 1.363162  -1   3  -1 
59402.972765 -12.097607 0.407841 12.770445 0.117000 12.629989 1.208817 11.121351 2.857911 0.117000 1.649094 0.117000 1.363162  -1   3  -1 
59403.889282 -11.181090 0.426741 10.672000 0.121000 13.898181 1.204692 11.676847 0.199845 0.121000 -1.004847 0.121000 1.363162  -1   1  -1 
59403.890693 -11.179679 0.426770 11.039000 0.121000 13.898181 1.204673 11.678907 0.564766 0.121000 -0.639907 0.121000 1.363162  -1   1  -1 
59403.891398 -11.178974 0.426785 10.586000 0.121000 13.898181 1.204663 11.679948 0.110715 0.121000 -1.093948 0.121000 1.363162  -1   1  -1 
59403.992215 -11.078157 0.428863 8.990016 0.107000 10.944548 1.203194 8.954906 1.238305 0.107000 0.035110 0.107000 1.363162  -1   0  -1 
59404.001960 -11.068412 0.429064 9.910016 0.108000 10.944548 1.203042 8.984943 2.128115 0.108000 0.925073 0.108000 1.363162  -1   0  -1 
59404.004362 -11.066010 0.429114 9.362016 0.108000 10.944548 1.203004 8.992545 1.572474 0.108000 0.369471 0.108000 1.363162  -1   0  -1 
59404.084675 -10.985697 0.430770 10.388445 0.117000 12.629989 1.201670 10.972596 0.617518 0.117000 -0.584151 0.117000 1.363162  -1   3  -1 
59404.085749 -10.984623 0.430792 12.446445 0.117000 12.629989 1.201651 10.977000 2.671096 0.117000 1.469445 0.117000 1.363162  -1   3  -1 
59404.086835 -10.983537 0.430815 11.398445 0.117000 12.629989 1.201632 10.981464 1.618613 0.117000 0.416981 0.117000 1.363162  -1   3  -1 
59405.737353 -9.333019 0.464850 13.281036 0.105000 12.713259 1.145759 12.332312 2.094483 0.105000 0.948724 0.105000 1.363162  -1   2  -1 
59405.748644 -9.321728 0.465083 13.121036 0.104000 12.713259 1.145191 12.325920 1.940306 0.104000 0.795116 0.104000 1.363162  -1   2  -1 
59405.756176 -9.314196 0.465238 12.271036 0.105000 12.713259 1.144810 12.319838 1.096008 0.105000 -0.048802 0.105000 1.363162  -1   2  -1 
59405.855588 -9.214784 0.467288 13.100000 0.119000 13.898181 1.139683 13.299976 0.939706 0.119000 -0.199976 0.119000 1.363162  -1   1  -1 
59405.857000 -9.213372 0.467317 13.186000 0.119000 13.898181 1.139609 13.295612 1.029997 0.119000 -0.109612 0.119000 1.363162  -1   1  -1 
59405.857706 -9.212666 0.467332 13.044000 0.120000 13.898181 1.139571 13.293417 0.890155 0.120000 -0.249417 0.120000 1.363162  -1   1  -1 
59406.106963 -8.963409 0.472471 13.801445 0.114000 12.629989 1.125851 11.027925 3.899371 0.114000 2.773520 0.114000 1.363162  -1   3  -1 
59406.108044 -8.962328 0.472494 12.581445 0.114000 12.629989 1.125789 11.023848 2.683386 0.114000 1.557597 0.114000 1.363162  -1   3  -1 
59406.109128 -8.961244 0.472516 12.133445 0.114000 12.629989 1.125727 11.019769 2.239402 0.114000 1.113676 0.114000 1.363162  -1   3  -1 
59407.864238 -7.206134 0.508708 14.678000 0.122000 13.898181 0.995179 12.046209 3.626970 0.122000 2.631791 0.122000 1.363162  -1   1  -1 
59407.866356 -7.204016 0.508752 12.817000 0.122000 13.898181 0.994986 12.053506 1.758480 0.122000 0.763494 0.122000 1.363162  -1   1  -1 
59407.867063 -7.203309 0.508766 12.694000 0.122000 13.898181 0.994922 12.055953 1.632969 0.122000 0.638047 0.122000 1.363162  -1   1  -1 
59408.161045 -6.909327 0.514828 10.715016 0.108000 10.944548 0.967428 10.222440 1.460004 0.108000 0.492576 0.108000 1.363162  -1   0  -1 
59408.163430 -6.906942 0.514878 10.337016 0.108000 10.944548 0.967199 10.228384 1.075831 0.108000 0.108632 0.108000 1.363162  -1   0  -1 
59408.165807 -6.904565 0.514927 9.894016 0.108000 10.944548 0.966970 10.234190 0.626797 0.108000 -0.340174 0.108000 1.363162  -1   0  -1 
59411.082909 -3.987463 0.575080 10.267445 0.119000 12.629989 0.616890 10.470636 0.413699 0.119000 -0.203191 0.119000 1.363162  -1   3  -1 
59411.083984 -3.986388 0.575102 12.253445 0.119000 12.629989 0.616738 10.465354 2.404830 0.119000 1.788091 0.119000 1.363162  -1   3  -1 
59411.085060 -3.985312 0.575124 9.185445 0.119000 12.629989 0.616586 10.460066 -0.658035 0.119000 -1.274621 0.119000 1.363162  -1   3  -1 
59411.109436 -3.960936 0.575627 10.787016 0.107000 10.944548 0.613141 8.655089 2.745068 0.107000 2.131927 0.107000 1.363162  -1   0  -1 
59411.114634 -3.955738 0.575734 8.018016 0.107000 10.944548 0.612405 8.629739 0.000682 0.107000 -0.611723 0.107000 1.363162  -1   0  -1 
59411.121738 -3.948634 0.575881 8.342016 0.108000 10.944548 0.611399 8.595226 0.358189 0.108000 -0.253210 0.108000 1.363162  -1   0  -1 
59418.956092 3.885720 0.737432 5.977016 0.107000 10.944548 -0.642506 6.577523 -1.243013 0.107000 -0.600507 0.107000 1.363162  -1   0  -1 
59418.958787 3.888415 0.737488 6.395016 0.107000 10.944548 -0.642898 6.572768 -0.820650 0.107000 -0.177752 0.107000 1.363162  -1   0  -1 
59418.965560 3.895188 0.737627 6.673016 0.107000 10.944548 -0.643884 6.561303 -0.532171 0.107000 0.111713 0.107000 1.363162  -1   0  -1 
59418.981323 3.910951 0.737952 7.893445 0.107000 12.629989 -0.646175 8.222779 -0.975509 0.107000 -0.329334 0.107000 1.363162  -1   3  -1 
59418.982407 3.912035 0.737975 8.979445 0.107000 12.629989 -0.646332 8.221273 0.111840 0.107000 0.758172 0.107000 1.363162  -1   3  -1 
59418.983485 3.913113 0.737997 8.108445 0.107000 12.629989 -0.646489 8.219792 -0.757836 0.107000 -0.111347 0.107000 1.363162  -1   3  -1 
59419.756507 4.686135 0.753937 11.061036 0.103000 12.713259 -0.754907 9.909252 0.396877 0.103000 1.151784 0.103000 1.363162  -1   2  -1 
59419.775306 4.704934 0.754325 12.721036 0.103000 12.713259 -0.757442 9.878942 2.084652 0.103000 2.842094 0.103000 1.363162  -1   2  -1 
59419.779068 4.708696 0.754402 13.350036 0.103000 12.713259 -0.757949 9.871904 2.720184 0.103000 3.478132 0.103000 1.363162  -1   2  -1 
59419.947893 4.877521 0.757884 7.333016 0.111000 10.944548 -0.780476 7.548092 -0.995552 0.111000 -0.215076 0.111000 1.363162  -1   0  -1 
59419.986504 4.916132 0.758680 5.470016 0.111000 10.944548 -0.785569 7.388550 -2.704102 0.111000 -1.918534 0.111000 1.363162  -1   0  -1 
59419.990052 4.919680 0.758753 5.020016 0.111000 10.944548 -0.786036 7.373893 -3.139913 0.111000 -2.353877 0.111000 1.363162  -1   0  -1 
59420.037408 4.967036 0.759730 6.331445 0.104000 12.629989 -0.792249 8.867371 -3.328176 0.104000 -2.535926 0.104000 1.363162  -1   3  -1 
59420.038492 4.968120 0.759752 6.759445 0.104000 12.629989 -0.792391 8.863098 -2.896045 0.104000 -2.103653 0.104000 1.363162  -1   3  -1 
59420.040662 4.970290 0.759797 9.441445 0.104000 12.629989 -0.792675 8.854567 -0.205797 0.104000 0.586878 0.104000 1.363162  -1   3  -1 
59420.700637 5.630265 0.773406 11.222036 0.104000 12.713259 -0.875607 9.286487 1.059942 0.104000 1.935549 0.104000 1.363162  -1   2  -1 
59420.708153 5.637781 0.773561 12.511036 0.104000 12.713259 -0.876511 9.320197 2.314328 0.104000 3.190839 0.104000 1.363162  -1   2  -1 
59420.715676 5.645304 0.773716 9.715036 0.104000 12.713259 -0.877415 9.353899 -0.516277 0.104000 0.361137 0.104000 1.363162  -1   2  -1 
59420.873617 5.803245 0.776973 11.323000 0.133000 13.898181 -0.896171 11.142119 -0.715291 0.133000 0.180881 0.133000 1.363162  -1   1  -1 
59420.874323 5.803951 0.776988 10.582000 0.133000 13.898181 -0.896254 11.143980 -1.458234 0.133000 -0.561980 0.133000 1.363162  -1   1  -1 
59420.875735 5.805363 0.777017 13.235000 0.133000 13.898181 -0.896420 11.147670 1.190910 0.133000 2.087330 0.133000 1.363162  -1   1  -1 
59420.988150 5.917778 0.779335 11.459445 0.109000 12.629989 -0.909507 10.022170 0.527767 0.109000 1.437275 0.109000 1.363162  -1   3  -1 
59420.990293 5.919921 0.779379 8.740445 0.109000 12.629989 -0.909755 10.021812 -2.191122 0.109000 -1.281367 0.109000 1.363162  -1   3  -1 
59420.991383 5.921011 0.779401 9.562445 0.109000 12.629989 -0.909881 10.021585 -1.369021 0.109000 -0.459140 0.109000 1.363162  -1   3  -1 
59421.112099 6.041727 0.781891 4.962016 0.109000 10.944548 -0.923684 8.141929 -4.103597 0.109000 -3.179913 0.109000 1.363162  -1   0  -1 
59421.130285 6.059913 0.782266 6.401016 0.109000 10.944548 -0.925742 8.088632 -2.613358 0.109000 -1.687616 0.109000 1.363162  -1   0  -1 
59421.136709 6.066337 0.782398 5.004016 0.109000 10.944548 -0.926467 8.068712 -3.991164 0.109000 -3.064696 0.109000 1.363162  -1   0  -1 
59422.687448 7.617076 0.814376 11.492036 0.105000 12.713259 -1.079147 9.716531 0.696358 0.105000 1.775505 0.105000 1.363162  -1   2  -1 
59422.694983 7.624611 0.814531 12.344036 0.105000 12.713259 -1.079775 9.700750 1.563511 0.105000 2.643286 0.105000 1.363162  -1   2  -1 
59422.702516 7.632144 0.814687 10.777036 0.105000 12.713259 -1.080401 9.685710 0.010925 0.105000 1.091326 0.105000 1.363162  -1   2  -1 
59422.871553 7.801181 0.818172 10.382000 0.132000 13.898181 -1.094150 10.754220 -1.466370 0.132000 -0.372220 0.132000 1.363162  -1   1  -1 
59422.873670 7.803298 0.818216 9.373000 0.132000 13.898181 -1.094319 10.755661 -2.476980 0.132000 -1.382661 0.132000 1.363162  -1   1  -1 
59422.874376 7.804004 0.818230 10.685000 0.132000 13.898181 -1.094375 10.756158 -1.165533 0.132000 -0.071158 0.132000 1.363162  -1   1  -1 
59423.678423 8.608051 0.834811 12.215036 0.105000 12.713259 -1.151616 11.596058 -0.532638 0.105000 0.618978 0.105000 1.363162  -1   2  -1 
59423.685999 8.615627 0.834967 12.980036 0.105000 12.713259 -1.152091 11.574872 0.253073 0.105000 1.405164 0.105000 1.363162  -1   2  -1 
59423.689751 8.619379 0.835044 12.776036 0.105000 12.713259 -1.152325 11.564118 0.059593 0.105000 1.211918 0.105000 1.363162  -1   2  -1 
