# time Tc_folded Tref_folded value value_err offset model full_model val_compare val_compare_err residuals residuals_err jitter jitter_flag offset_flag subset_flag 
59334.700184 -0.172829 0.000000 12.513036 0.102000 12.713259 0.704523 11.790497 1.427062 0.102000 0.722539 0.102000 1.363162  -1   2  -1 
59334.703954 -0.169059 0.002967 12.338036 0.102000 12.713259 0.693607 11.780796 1.250847 0.102000 0.557240 0.102000 1.363162  -1   2  -1 
59334.711459 -0.161554 0.008874 11.786036 0.102000 12.713259 0.671149 11.760762 0.696423 0.102000 0.025274 0.102000 1.363162  -1   2  -1 
59334.934601 0.061588 0.184505 12.027445 0.113000 12.629989 -0.201030 10.882058 0.944357 0.113000 1.145387 0.113000 1.363162  -1   3  -1 
59334.935678 0.062665 0.185352 9.957445 0.113000 12.629989 -0.205169 10.878311 -1.126035 0.113000 -0.920866 0.113000 1.363162  -1   3  -1 
59334.936754 0.063741 0.186199 9.409445 0.113000 12.629989 -0.209294 10.874577 -1.674426 0.113000 -1.465132 0.113000 1.363162  -1   3  -1 
59336.069824 -0.073711 0.078014 9.820445 0.117000 12.629989 0.352705 11.929363 -1.756213 0.117000 -2.108918 0.117000 1.363162  -1   3  -1 
59336.071983 -0.071552 0.079713 12.385445 0.117000 12.629989 0.343976 11.921654 0.807767 0.117000 0.463791 0.117000 1.363162  -1   3  -1 
59336.073065 -0.070470 0.080565 11.459445 0.117000 12.629989 0.339591 11.917780 -0.118744 0.117000 -0.458335 0.117000 1.363162  -1   3  -1 
59336.087932 -0.055603 0.092266 12.299016 0.109000 10.944548 0.278768 10.178542 2.399242 0.109000 2.120474 0.109000 1.363162  -1   0  -1 
59336.113567 -0.029968 0.112443 11.451016 0.109000 10.944548 0.172198 10.084082 1.539132 0.109000 1.366934 0.109000 1.363162  -1   0  -1 
59336.116529 -0.027006 0.114774 10.632016 0.109000 10.944548 0.159815 10.073098 0.718733 0.109000 0.558918 0.109000 1.363162  -1   0  -1 
59337.794690 0.380633 0.435618 11.758036 0.103000 12.713259 -0.787394 11.501685 -0.531042 0.103000 0.256351 0.103000 1.363162  -1   2  -1 
59337.802213 0.388156 0.441539 11.947036 0.103000 12.713259 -0.782177 11.508117 -0.343258 0.103000 0.438919 0.103000 1.363162  -1   2  -1 
59337.805964 0.391907 0.444492 11.783036 0.103000 12.713259 -0.779225 11.511668 -0.507857 0.103000 0.271368 0.103000 1.363162  -1   2  -1 
59338.101617 -0.582961 0.677194 12.022016 0.109000 10.944548 0.078385 10.633356 1.467045 0.109000 1.388660 0.109000 1.363162  -1   0  -1 
59338.106766 -0.577812 0.681247 11.620016 0.110000 10.944548 0.100388 10.655674 1.064730 0.110000 0.964342 0.110000 1.363162  -1   0  -1 
59338.111894 -0.572684 0.685283 11.480016 0.110000 10.944548 0.122328 10.677917 0.924426 0.110000 0.802099 0.110000 1.363162  -1   0  -1 
59340.098120 0.143020 0.248598 7.644445 0.116000 12.629989 -0.483396 11.309056 -4.148006 0.116000 -3.664611 0.116000 1.363162  -1   3  -1 
59340.099194 0.144094 0.249443 10.253445 0.117000 12.629989 -0.486636 11.305381 -1.538572 0.117000 -1.051936 0.117000 1.363162  -1   3  -1 
59340.101354 0.146254 0.251143 9.977445 0.116000 12.629989 -0.493111 11.298033 -1.813699 0.116000 -1.320588 0.116000 1.363162  -1   3  -1 
59340.125153 0.170053 0.269875 10.201016 0.104000 10.944548 -0.560508 9.535566 0.104942 0.104000 0.665450 0.104000 1.363162  -1   0  -1 
59340.134329 0.179229 0.277097 10.066016 0.104000 10.944548 -0.584494 9.507863 -0.026341 0.104000 0.558153 0.104000 1.363162  -1   0  -1 
59340.148161 0.193061 0.287984 9.340016 0.104000 10.944548 -0.618458 9.468294 -0.746736 0.104000 -0.128278 0.104000 1.363162  -1   0  -1 
59341.954385 -0.541759 0.709624 12.591445 0.119000 12.629989 0.254315 11.504044 1.341716 0.119000 1.087401 0.119000 1.363162  -1   3  -1 
59341.957620 -0.538524 0.712170 11.846445 0.119000 12.629989 0.268003 11.517502 0.596945 0.119000 0.328943 0.119000 1.363162  -1   3  -1 
59341.958695 -0.537449 0.713016 11.125445 0.119000 12.629989 0.272543 11.521967 -0.123979 0.119000 -0.396522 0.119000 1.363162  -1   3  -1 
59341.996746 -0.499398 0.742965 9.912016 0.107000 10.944548 0.429245 9.990788 0.350473 0.107000 -0.078772 0.107000 1.363162  -1   0  -1 
59342.000684 -0.495460 0.746065 11.168016 0.107000 10.944548 0.444865 10.006181 1.606700 0.107000 1.161835 0.107000 1.363162  -1   0  -1 
59343.674792 -0.091873 0.063719 12.265036 0.104000 12.713259 0.424953 12.036358 0.653631 0.104000 0.228678 0.104000 1.363162  -1   2  -1 
59343.682301 -0.084364 0.069629 11.495036 0.104000 12.713259 0.395362 12.009194 -0.118796 0.104000 -0.514158 0.104000 1.363162  -1   2  -1 
59343.689815 -0.076850 0.075543 11.638036 0.104000 12.713259 0.365351 11.981615 0.021771 0.104000 -0.343579 0.104000 1.363162  -1   2  -1 
59344.038460 0.271795 0.349954 9.612016 0.106000 10.944548 -0.757942 9.204651 -0.350577 0.106000 0.407365 0.106000 1.363162  -1   0  -1 
59344.047124 0.280459 0.356773 9.678016 0.105000 10.944548 -0.767402 9.198057 -0.287442 0.105000 0.479959 0.105000 1.363162  -1   0  -1 
59344.054785 0.288120 0.362803 9.704016 0.105000 10.944548 -0.774759 9.193232 -0.263975 0.105000 0.510784 0.105000 1.363162  -1   0  -1 
59344.090520 0.323855 0.390929 10.762445 0.117000 12.629989 -0.796426 10.868793 -0.902773 0.117000 -0.106348 0.117000 1.363162  -1   3  -1 
59344.093753 0.327088 0.393474 10.331445 0.117000 12.629989 -0.797349 10.868933 -1.334837 0.117000 -0.537488 0.117000 1.363162  -1   3  -1 
59344.094826 0.328161 0.394318 12.097445 0.117000 12.629989 -0.797617 10.869018 0.430809 0.117000 1.228427 0.117000 1.363162  -1   3  -1 
59345.052239 0.015052 0.147877 9.690016 0.106000 10.944548 -0.015181 10.229602 -0.554767 0.106000 -0.539586 0.106000 1.363162  -1   0  -1 
59345.054836 0.017649 0.149921 9.351016 0.106000 10.944548 -0.025845 10.219432 -0.894261 0.106000 -0.868416 0.106000 1.363162  -1   0  -1 
59345.062635 0.025448 0.156060 9.182016 0.105000 10.944548 -0.057703 10.189045 -1.064732 0.105000 -1.007029 0.105000 1.363162  -1   0  -1 
59348.691508 -0.157244 0.012267 9.657036 0.102000 12.713259 0.657829 12.218847 -1.903982 0.102000 -2.561811 0.102000 1.363162  -1   2  -1 
59348.699020 -0.149732 0.018179 11.244036 0.102000 12.713259 0.633907 12.194627 -0.316683 0.102000 -0.950591 0.102000 1.363162  -1   2  -1 
59348.702790 -0.145962 0.021146 11.974036 0.103000 12.713259 0.621578 12.182154 0.413460 0.103000 -0.208118 0.103000 1.363162  -1   2  -1 
59349.021951 0.173199 0.272351 7.957016 0.108000 10.944548 -0.568860 9.227557 -1.839401 0.108000 -1.270541 0.108000 1.363162  -1   0  -1 
59349.026999 0.178247 0.276324 5.714016 0.108000 10.944548 -0.581982 9.214781 -4.082747 0.108000 -3.500765 0.108000 1.363162  -1   0  -1 
59349.032064 0.183312 0.280311 9.298016 0.109000 10.944548 -0.594797 9.202321 -0.499102 0.109000 0.095695 0.109000 1.363162  -1   0  -1 
59350.089948 -0.029326 0.112948 11.005016 0.104000 10.944548 0.169515 10.232697 0.941834 0.104000 0.772319 0.104000 1.363162  -1   0  -1 
59350.092419 -0.026855 0.114893 11.321016 0.104000 10.944548 0.159184 10.223401 1.256800 0.104000 1.097615 0.104000 1.363162  -1   0  -1 
59350.106715 -0.012559 0.126145 11.969016 0.104000 10.944548 0.099412 10.169642 1.898786 0.104000 1.799374 0.104000 1.363162  -1   0  -1 
59350.920251 -0.469545 0.766462 10.284016 0.105000 10.944548 0.543706 11.022418 -0.194696 0.105000 -0.738402 0.105000 1.363162  -1   0  -1 
59351.708087 0.318291 0.386550 10.082036 0.102000 12.713259 -0.794432 11.870648 -2.583043 0.102000 -1.788612 0.102000 1.363162  -1   2  -1 
59351.715613 0.325817 0.392474 8.813036 0.102000 12.713259 -0.797007 11.871636 -3.855607 0.102000 -3.058600 0.102000 1.363162  -1   2  -1 
59351.726880 0.337084 0.401342 9.479036 0.102000 12.713259 -0.799109 11.874844 -3.194916 0.102000 -2.395808 0.102000 1.363162  -1   2  -1 
59352.098517 -0.561801 0.693849 10.912016 0.107000 10.944548 0.168911 11.229920 -0.148993 0.107000 -0.317904 0.107000 1.363162  -1   0  -1 
59352.108322 -0.551996 0.701566 10.396016 0.107000 10.944548 0.210795 11.275332 -0.668522 0.107000 -0.879316 0.107000 1.363162  -1   0  -1 
59352.122068 -0.538250 0.712386 11.479016 0.107000 10.944548 0.269161 11.338588 0.409589 0.107000 0.140428 0.107000 1.363162  -1   0  -1 
59353.715347 -0.215492 0.966421 12.882036 0.106000 12.713259 0.809077 13.647996 0.043118 0.106000 -0.765960 0.106000 1.363162  -1   2  -1 
59353.719104 -0.211735 0.969378 13.429036 0.106000 12.713259 0.801375 13.638854 0.591557 0.106000 -0.209818 0.106000 1.363162  -1   2  -1 
59353.722869 -0.207970 0.972341 15.656036 0.106000 12.713259 0.793349 13.629378 2.820006 0.106000 2.026658 0.106000 1.363162  -1   2  -1 
59354.076145 0.145306 0.250397 10.993016 0.113000 10.944548 -0.490276 10.413318 0.089422 0.113000 0.579698 0.113000 1.363162  -1   0  -1 
59354.101312 0.170473 0.270205 10.347016 0.115000 10.944548 -0.561630 10.328322 -0.542936 0.115000 0.018694 0.115000 1.363162  -1   0  -1 
59354.104255 0.173416 0.272522 10.555016 0.115000 10.944548 -0.569431 10.318909 -0.333324 0.115000 0.236107 0.115000 1.363162  -1   0  -1 
59356.710684 0.238801 0.323985 8.178036 0.107000 12.713259 -0.711019 10.111945 -2.644928 0.107000 -1.933909 0.107000 1.363162  -1   2  -1 
59356.721985 0.250102 0.332880 8.616036 0.107000 12.713259 -0.729014 10.088217 -2.201195 0.107000 -1.472181 0.107000 1.363162  -1   2  -1 
59356.725745 0.253862 0.335840 7.224036 0.107000 12.713259 -0.734560 10.080774 -3.591298 0.107000 -2.856738 0.107000 1.363162  -1   2  -1 
59357.087914 0.616031 0.620895 11.478445 0.116000 12.629989 -0.216778 10.357611 0.904056 0.116000 1.120834 0.116000 1.363162  -1   3  -1 
59357.090082 0.618199 0.622601 9.046445 0.116000 12.629989 -0.208297 10.365302 -1.527154 0.116000 -1.318857 0.116000 1.363162  -1   3  -1 
59357.092248 0.620365 0.624306 11.123445 0.116000 12.629989 -0.199786 10.373025 0.550634 0.116000 0.750420 0.116000 1.363162  -1   3  -1 
59358.923301 -0.089625 0.065488 9.632016 0.111000 10.944548 0.416139 9.245802 0.802353 0.111000 0.386214 0.111000 1.363162  -1   0  -1 
59358.931249 -0.081677 0.071744 9.002016 0.111000 10.944548 0.384672 9.216127 0.170562 0.111000 -0.214111 0.111000 1.363162  -1   0  -1 
59358.937426 -0.075500 0.076606 9.394016 0.111000 10.944548 0.359920 9.192773 0.561162 0.111000 0.201243 0.111000 1.363162  -1   0  -1 
59358.952972 -0.059954 0.088841 11.744445 0.116000 12.629989 0.296670 10.818513 1.222603 0.116000 0.925932 0.116000 1.363162  -1   3  -1 
59358.954053 -0.058873 0.089692 9.716445 0.116000 12.629989 0.292230 10.814320 -0.805645 0.116000 -1.097875 0.116000 1.363162  -1   3  -1 
59358.956208 -0.056718 0.091388 9.905445 0.116000 12.629989 0.283363 10.805949 -0.617141 0.116000 -0.900504 0.116000 1.363162  -1   3  -1 
59361.683491 0.129521 0.237974 11.014036 0.106000 12.713259 -0.441476 10.802355 -0.229795 0.106000 0.211681 0.106000 1.363162  -1   2  -1 
59361.687248 0.133278 0.240931 10.757036 0.106000 12.713259 -0.453362 10.790973 -0.487299 0.106000 -0.033937 0.106000 1.363162  -1   2  -1 
59361.691012 0.137042 0.243893 10.074036 0.106000 12.713259 -0.465102 10.779737 -1.170804 0.106000 -0.705701 0.106000 1.363162  -1   2  -1 
59361.944566 0.390596 0.443460 10.255016 0.107000 10.944548 -0.780283 8.728041 0.746692 0.107000 1.526975 0.107000 1.363162  -1   0  -1 
59361.947357 0.393387 0.445657 8.539016 0.107000 10.944548 -0.777996 8.730666 -0.969646 0.107000 -0.191650 0.107000 1.363162  -1   0  -1 
59361.957166 0.403196 0.453377 9.884016 0.108000 10.944548 -0.768939 8.740909 0.374168 0.108000 1.143107 0.108000 1.363162  -1   0  -1 
59362.136140 0.582170 0.594244 11.463445 0.116000 12.629989 -0.343688 10.872738 0.247019 0.116000 0.590707 0.116000 1.363162  -1   3  -1 
59362.137220 0.583250 0.595094 11.289445 0.116000 12.629989 -0.339815 10.876736 0.072894 0.116000 0.412709 0.116000 1.363162  -1   3  -1 
59362.138308 0.584338 0.595950 11.254445 0.116000 12.629989 -0.335902 10.880776 0.037767 0.116000 0.373669 0.116000 1.363162  -1   3  -1 
59364.917885 -0.447650 0.783695 10.797445 0.117000 12.629989 0.620700 12.310897 -0.892752 0.117000 -1.513452 0.117000 1.363162  -1   3  -1 
59364.918966 -0.446569 0.784545 13.743445 0.118000 12.629989 0.624321 12.314724 2.053042 0.118000 1.428721 0.118000 1.363162  -1   3  -1 
59364.921142 -0.444393 0.786258 12.322445 0.117000 12.629989 0.631554 12.322371 0.631628 0.117000 0.000074 0.117000 1.363162  -1   3  -1 
59365.067320 -0.298215 0.901312 12.372016 0.109000 10.944548 0.893491 10.925430 2.340077 0.109000 1.446586 0.109000 1.363162  -1   0  -1 
59365.069993 -0.295542 0.903416 12.389016 0.109000 10.944548 0.893459 10.925858 2.356617 0.109000 1.463158 0.109000 1.363162  -1   0  -1 
59365.075398 -0.290137 0.907670 13.155016 0.109000 10.944548 0.892828 10.926156 3.121689 0.109000 2.228860 0.109000 1.363162  -1   0  -1 
59365.648355 0.282820 0.358632 10.628036 0.104000 12.713259 -0.769771 11.100155 -1.241890 0.104000 -0.472119 0.104000 1.363162  -1   2  -1 
59365.652118 0.286583 0.361593 11.484036 0.104000 12.713259 -0.773359 11.096762 -0.386085 0.104000 0.387274 0.104000 1.363162  -1   2  -1 
59365.659667 0.294132 0.367535 10.294036 0.105000 12.713259 -0.779866 11.090636 -1.576466 0.105000 -0.796600 0.105000 1.363162  -1   2  -1 
59365.941188 0.575653 0.589114 10.541016 0.109000 10.944548 -0.366787 9.737026 0.437203 0.109000 0.803990 0.109000 1.363162  -1   0  -1 
59365.959824 0.594289 0.603782 9.199016 0.108000 10.944548 -0.299540 9.803504 -0.904028 0.108000 -0.604488 0.108000 1.363162  -1   0  -1 
59369.761210 0.584110 0.595770 8.228036 0.106000 12.713259 -0.336725 8.585469 -0.694157 0.106000 -0.357433 0.106000 1.363162  -1   2  -1 
59369.768738 0.591638 0.601695 6.325036 0.106000 12.713259 -0.309327 8.604567 -2.588858 0.106000 -2.279531 0.106000 1.363162  -1   2  -1 
59369.776263 0.599163 0.607618 7.991036 0.106000 12.713259 -0.281369 8.624242 -0.914575 0.106000 -0.633206 0.106000 1.363162  -1   2  -1 
59369.910940 -0.536682 0.713620 7.933445 0.117000 12.629989 0.275779 8.952216 -0.742992 0.117000 -1.018771 0.117000 1.363162  -1   3  -1 
59369.912028 -0.535594 0.714476 8.050445 0.117000 12.629989 0.280366 8.955644 -0.624833 0.117000 -0.905199 0.117000 1.363162  -1   3  -1 
59369.913108 -0.534514 0.715326 8.183445 0.117000 12.629989 0.284915 8.959043 -0.490682 0.117000 -0.775598 0.117000 1.363162  -1   3  -1 
59370.023276 -0.424346 0.802037 6.073016 0.109000 10.944548 0.694509 7.567591 -0.800066 0.109000 -1.494575 0.109000 1.363162  -1   0  -1 
59370.025654 -0.421968 0.803908 7.180016 0.109000 10.944548 0.701510 7.572137 0.309390 0.109000 -0.392121 0.109000 1.363162  -1   0  -1 
59370.030553 -0.417069 0.807764 6.341016 0.110000 10.944548 0.715603 7.581177 -0.524558 0.110000 -1.240161 0.110000 1.363162  -1   0  -1 
59374.802541 0.543354 0.563692 5.596036 0.107000 12.713259 -0.474004 7.416341 -2.294309 0.107000 -1.820305 0.107000 1.363162  -1   2  -1 
59374.806302 0.547115 0.566652 5.522036 0.107000 12.713259 -0.462176 7.428478 -2.368618 0.107000 -1.906442 0.107000 1.363162  -1   2  -1 
59374.810063 0.550876 0.569613 7.333036 0.107000 12.713259 -0.450168 7.440791 -0.557924 0.107000 -0.107755 0.107000 1.363162  -1   2  -1 
59376.787767 -0.012464 0.126220 6.897036 0.106000 12.713259 0.099013 7.806053 -0.810004 0.106000 -0.909017 0.106000 1.363162  -1   2  -1 
59376.791518 -0.008713 0.129173 6.839036 0.106000 12.713259 0.083353 7.789778 -0.867389 0.106000 -0.950742 0.106000 1.363162  -1   2  -1 
59376.799035 -0.001196 0.135089 4.539036 0.106000 12.713259 0.052036 7.757232 -3.166160 0.106000 -3.218196 0.106000 1.363162  -1   2  -1 
59376.948922 0.148691 0.253062 7.490445 0.118000 12.629989 -0.500347 7.098081 -0.107983 0.118000 0.392364 0.118000 1.363162  -1   3  -1 
59376.951075 0.150844 0.254757 9.995445 0.118000 12.629989 -0.506677 7.091430 2.397339 0.118000 2.904015 0.118000 1.363162  -1   3  -1 
59376.952157 0.151926 0.255608 7.071445 0.118000 12.629989 -0.509836 7.088109 -0.526500 0.118000 -0.016664 0.118000 1.363162  -1   3  -1 
59377.106321 0.306090 0.376947 4.323016 0.105000 10.944548 -0.788273 5.102690 -1.567947 0.105000 -0.779674 0.105000 1.363162  -1   0  -1 
59377.108935 0.308704 0.379005 6.659016 0.106000 10.944548 -0.789798 5.100826 0.768391 0.106000 1.558190 0.106000 1.363162  -1   0  -1 
59377.116326 0.316095 0.384822 6.710016 0.106000 10.944548 -0.793504 5.096170 0.820342 0.106000 1.613846 0.106000 1.363162  -1   0  -1 
59377.628949 -0.441803 0.788296 6.412036 0.103000 12.713259 0.640065 8.256579 -1.204478 0.103000 -1.844543 0.103000 1.363162  -1   2  -1 
59377.636479 -0.434273 0.794223 8.793036 0.104000 12.713259 0.664189 8.280504 1.176721 0.104000 0.512532 0.104000 1.363162  -1   2  -1 
59377.640253 -0.430499 0.797194 8.817036 0.104000 12.713259 0.675920 8.292139 1.200816 0.104000 0.524897 0.104000 1.363162  -1   2  -1 
59378.026109 -0.044643 0.100892 7.354016 0.112000 10.944548 0.233389 6.090407 1.496998 0.112000 1.263609 0.112000 1.363162  -1   0  -1 
59378.031599 -0.039153 0.105213 6.618016 0.112000 10.944548 0.210540 6.067980 0.760575 0.112000 0.550036 0.112000 1.363162  -1   0  -1 
59378.035635 -0.035117 0.108390 4.879016 0.113000 10.944548 0.193706 6.051463 -0.978741 0.113000 -1.172447 0.113000 1.363162  -1   0  -1 
59379.024886 -0.316388 0.887008 7.645016 0.112000 10.944548 0.888794 6.958884 1.574927 0.112000 0.686132 0.112000 1.363162  -1   0  -1 
59379.027585 -0.313689 0.889132 6.054016 0.112000 10.944548 0.890033 6.961037 -0.016988 0.112000 -0.907021 0.112000 1.363162  -1   0  -1 
59379.734125 0.392851 0.445235 7.982036 0.106000 12.713259 -0.778446 7.339234 -0.135644 0.106000 0.642802 0.106000 1.363162  -1   2  -1 
59379.737891 0.396617 0.448199 7.372036 0.106000 12.713259 -0.775189 7.344097 -0.747251 0.106000 0.027939 0.106000 1.363162  -1   2  -1 
59379.749170 0.407896 0.457076 5.973036 0.107000 12.713259 -0.764037 7.360064 -2.151065 0.107000 -1.387028 0.107000 1.363162  -1   2  -1 
59379.927944 0.586670 0.597785 6.373016 0.111000 10.944548 -0.327473 6.104332 -0.058789 0.111000 0.268684 0.111000 1.363162  -1   0  -1 
59379.940910 0.599636 0.607991 6.288016 0.111000 10.944548 -0.279593 6.157735 -0.149313 0.111000 0.130281 0.111000 1.363162  -1   0  -1 
59379.943737 0.602463 0.610216 7.458016 0.111000 10.944548 -0.268936 6.169596 1.019484 0.111000 1.288420 0.111000 1.363162  -1   0  -1 
59380.041449 -0.570347 0.687123 9.142445 0.118000 12.629989 0.132334 8.297676 0.977103 0.118000 0.844769 0.118000 1.363162  -1   3  -1 
59380.044695 -0.567101 0.689677 7.565445 0.118000 12.629989 0.146229 8.312936 -0.601262 0.118000 -0.747491 0.118000 1.363162  -1   3  -1 
59380.045775 -0.566021 0.690528 9.611445 0.118000 12.629989 0.150852 8.318013 1.444284 0.118000 1.293432 0.118000 1.363162  -1   3  -1 
59381.742082 -0.140236 0.025654 8.717036 0.105000 12.713259 0.602452 9.224989 0.094499 0.105000 -0.507953 0.105000 1.363162  -1   2  -1 
59381.745840 -0.136478 0.028612 8.304036 0.105000 12.713259 0.589651 9.211820 -0.318133 0.105000 -0.907784 0.105000 1.363162  -1   2  -1 
59381.749613 -0.132705 0.031581 6.563036 0.106000 12.713259 0.576607 9.198400 -2.058757 0.106000 -2.635364 0.106000 1.363162  -1   2  -1 
59381.964035 0.081717 0.200348 6.574016 0.108000 10.944548 -0.276838 6.543999 -0.246821 0.108000 0.030017 0.108000 1.363162  -1   0  -1 
59381.966642 0.084324 0.202400 8.862016 0.108000 10.944548 -0.286403 6.533910 2.041703 0.108000 2.328106 0.108000 1.363162  -1   0  -1 
59381.969218 0.086900 0.204428 7.504016 0.108000 10.944548 -0.295794 6.523999 0.684224 0.108000 0.980017 0.108000 1.363162  -1   0  -1 
59382.115350 0.233032 0.319445 9.156445 0.114000 12.629989 -0.701074 7.769559 0.685812 0.114000 1.386886 0.114000 1.363162  -1   3  -1 
59382.116432 0.234114 0.320297 8.099445 0.114000 12.629989 -0.702978 7.767362 -0.370895 0.114000 0.332083 0.114000 1.363162  -1   3  -1 
59382.117507 0.235189 0.321143 7.782445 0.114000 12.629989 -0.704852 7.765196 -0.687603 0.114000 0.017249 0.114000 1.363162  -1   3  -1 
59383.644277 0.491438 0.522830 7.106036 0.103000 12.713259 -0.617738 7.082521 -0.594223 0.103000 0.023515 0.103000 1.363162  -1   2  -1 
59383.648053 0.495214 0.525802 6.152036 0.103000 12.713259 -0.608575 7.088871 -1.545410 0.103000 -0.936835 0.103000 1.363162  -1   2  -1 
59383.655584 0.502745 0.531730 4.102036 0.103000 12.713259 -0.589673 7.102159 -3.589796 0.103000 -3.000123 0.103000 1.363162  -1   2  -1 
59383.978595 -0.444766 0.785965 8.054445 0.119000 12.629989 0.630319 7.996608 0.688157 0.119000 0.057837 0.119000 1.363162  -1   3  -1 
59383.979676 -0.443685 0.786815 10.057445 0.119000 12.629989 0.633891 7.999372 2.691965 0.119000 2.058073 0.119000 1.363162  -1   3  -1 
59383.981846 -0.441515 0.788523 10.101445 0.119000 12.629989 0.641006 8.004864 2.737586 0.119000 2.096581 0.119000 1.363162  -1   3  -1 
59383.992473 -0.430888 0.796888 5.816016 0.106000 10.944548 0.674723 6.345203 0.145536 0.106000 -0.529187 0.106000 1.363162  -1   0  -1 
59384.002278 -0.421083 0.804605 5.494016 0.107000 10.944548 0.704089 6.367251 -0.169146 0.107000 -0.873235 0.107000 1.363162  -1   0  -1 
59384.007238 -0.416123 0.808509 6.542016 0.106000 10.944548 0.718272 6.377734 0.882553 0.106000 0.164282 0.106000 1.363162  -1   0  -1 
59384.628010 0.204649 0.297105 7.086036 0.099000 12.713259 -0.644826 6.349453 0.091758 0.099000 0.736583 0.099000 1.363162  -1   2  -1 
59384.631782 0.208421 0.300074 7.844036 0.100000 12.713259 -0.652989 6.338922 0.852125 0.100000 1.505114 0.100000 1.363162  -1   2  -1 
59384.635541 0.212180 0.303032 5.998036 0.100000 12.713259 -0.660917 6.328639 -0.991521 0.100000 -0.330603 0.100000 1.363162  -1   2  -1 
59385.055212 0.631851 0.633346 5.790016 0.108000 10.944548 -0.154049 4.834985 0.800982 0.108000 0.955031 0.108000 1.363162  -1   0  -1 
59385.061472 -0.632411 0.638273 5.595016 0.108000 10.944548 -0.128724 4.857375 0.608917 0.108000 0.737641 0.108000 1.363162  -1   0  -1 
59385.063906 -0.629977 0.640189 5.283016 0.108000 10.944548 -0.118807 4.866155 0.298054 0.108000 0.416861 0.108000 1.363162  -1   0  -1 
59387.920967 -0.313959 0.888920 6.280016 0.107000 10.944548 0.889917 6.540701 0.629232 0.107000 -0.260685 0.107000 1.363162  -1   0  -1 
59387.926477 -0.308449 0.893256 8.525016 0.107000 10.944548 0.891899 6.546970 2.869945 0.107000 1.978046 0.107000 1.363162  -1   0  -1 
59387.929412 -0.305514 0.895567 6.352016 0.107000 10.944548 0.892634 6.549990 0.694659 0.107000 -0.197974 0.107000 1.363162  -1   0  -1 
59388.644350 0.409424 0.458279 8.653036 0.103000 12.713259 -0.762366 7.241668 0.649002 0.103000 1.411368 0.103000 1.363162  -1   2  -1 
59388.659397 0.424471 0.470122 7.371036 0.104000 12.713259 -0.743863 7.272432 -0.645260 0.104000 0.098604 0.104000 1.363162  -1   2  -1 
59388.663148 0.428222 0.473074 8.175036 0.104000 12.713259 -0.738677 7.280674 0.155685 0.104000 0.894362 0.104000 1.363162  -1   2  -1 
59388.965674 -0.539774 0.711186 6.242016 0.109000 10.944548 0.262717 6.756837 -0.252104 0.109000 -0.514821 0.109000 1.363162  -1   0  -1 
59388.967365 -0.538083 0.712517 6.920445 0.117000 12.629989 0.269865 8.450765 -1.260456 0.117000 -1.530320 0.117000 1.363162  -1   3  -1 
59388.968252 -0.537196 0.713215 4.378016 0.109000 10.944548 0.273610 6.769772 -2.118147 0.109000 -2.391756 0.109000 1.363162  -1   0  -1 
59388.968449 -0.536999 0.713370 6.153445 0.117000 12.629989 0.274441 8.456201 -2.028314 0.117000 -2.302756 0.117000 1.363162  -1   3  -1 
59388.969524 -0.535924 0.714216 7.251445 0.117000 12.629989 0.278975 8.461586 -0.931166 0.117000 -1.210141 0.117000 1.363162  -1   3  -1 
59388.970854 -0.534594 0.715263 4.576016 0.109000 10.944548 0.284578 6.782801 -1.922207 0.109000 -2.206785 0.109000 1.363162  -1   0  -1 
59389.809335 0.303887 0.375213 9.271036 0.098000 12.713259 -0.786900 8.097440 0.386696 0.098000 1.173596 0.098000 1.363162  -1   2  -1 
59389.828264 0.322816 0.390112 8.909036 0.097000 12.713259 -0.796092 8.100954 0.011990 0.097000 0.808082 0.097000 1.363162  -1   2  -1 
59389.832028 0.326580 0.393074 9.154036 0.096000 12.713259 -0.797216 8.102350 0.254470 0.096000 1.051686 0.096000 1.363162  -1   2  -1 
59389.926150 0.420702 0.467156 10.903445 0.118000 12.629989 -0.748844 8.129740 2.024861 0.118000 2.773705 0.118000 1.363162  -1   3  -1 
59389.928313 0.422865 0.468858 8.793445 0.118000 12.629989 -0.746014 8.133986 -0.086554 0.118000 0.659459 0.118000 1.363162  -1   3  -1 
59389.929388 0.423940 0.469704 8.906445 0.118000 12.629989 -0.744579 8.136124 0.025743 0.118000 0.770321 0.118000 1.363162  -1   3  -1 
59389.952568 0.447120 0.487949 6.474016 0.108000 10.944548 -0.709099 6.501280 -0.736363 0.108000 -0.027264 0.108000 1.363162  -1   0  -1 
59389.957794 0.452346 0.492062 5.317016 0.108000 10.944548 -0.699913 6.513863 -1.896759 0.108000 -1.196847 0.108000 1.363162  -1   0  -1 
59389.966851 0.461403 0.499190 6.199016 0.107000 10.944548 -0.682974 6.536678 -1.020636 0.107000 -0.337662 0.107000 1.363162  -1   0  -1 
59392.835547 -0.481466 0.757079 10.331036 0.103000 12.713259 0.499153 11.191025 -0.360836 0.103000 -0.859989 0.103000 1.363162  -1   2  -1 
59392.843066 -0.473947 0.762997 10.441036 0.103000 12.713259 0.527451 11.224601 -0.256114 0.103000 -0.783565 0.103000 1.363162  -1   2  -1 
59392.846825 -0.470188 0.765955 9.767036 0.103000 12.713259 0.541346 11.241137 -0.932755 0.103000 -1.474101 0.103000 1.363162  -1   2  -1 
59393.111566 -0.205447 0.974327 12.567016 0.109000 10.944548 0.787800 9.908801 3.446015 0.109000 2.658215 0.109000 1.363162  -1   0  -1 
59393.114447 -0.202566 0.976595 11.103016 0.109000 10.944548 0.781300 9.904406 1.979910 0.109000 1.198610 0.109000 1.363162  -1   0  -1 
59393.123097 -0.193916 0.983403 9.965016 0.109000 10.944548 0.760753 9.890184 0.835585 0.109000 0.074832 0.109000 1.363162  -1   0  -1 
59397.703574 0.574996 0.588597 12.270036 0.104000 12.713259 -0.369091 11.220872 0.680072 0.104000 1.049164 0.104000 1.363162  -1   2  -1 
59397.714844 0.586266 0.597467 11.475036 0.104000 12.713259 -0.328939 11.251584 -0.105487 0.104000 0.223452 0.104000 1.363162  -1   2  -1 
59397.718600 0.590022 0.600423 11.622036 0.104000 12.713259 -0.315258 11.262112 0.044666 0.104000 0.359924 0.104000 1.363162  -1   2  -1 
59397.891478 -0.507622 0.736492 10.351016 0.106000 10.944548 0.396198 10.056579 0.690635 0.106000 0.294437 0.106000 1.363162  -1   0  -1 
59397.896665 -0.502435 0.740574 10.505016 0.106000 10.944548 0.417105 10.072954 0.849168 0.106000 0.432062 0.106000 1.363162  -1   0  -1 
59397.899199 -0.499901 0.742569 10.793016 0.106000 10.944548 0.427239 10.080871 1.139384 0.106000 0.712145 0.106000 1.363162  -1   0  -1 
59398.093478 -0.305622 0.895482 9.225445 0.118000 12.629989 0.892611 12.059332 -1.941276 0.118000 -2.833887 0.118000 1.363162  -1   3  -1 
59398.094558 -0.304542 0.896332 12.796445 0.117000 12.629989 0.892828 12.058580 1.630693 0.117000 0.737865 0.117000 1.363162  -1   3  -1 
59398.096718 -0.302382 0.898032 10.478445 0.117000 12.629989 0.893171 12.056986 -0.685370 0.117000 -1.578541 0.117000 1.363162  -1   3  -1 
59401.792180 -0.418485 0.806649 10.003036 0.105000 12.713259 0.711575 10.831299 -0.116689 0.105000 -0.828263 0.105000 1.363162  -1   2  -1 
59401.795940 -0.414725 0.809609 9.622036 0.106000 12.713259 0.722184 10.843839 -0.499619 0.106000 -1.221803 0.106000 1.363162  -1   2  -1 
59401.799701 -0.410964 0.812569 10.338036 0.105000 12.713259 0.732523 10.856113 0.214446 0.105000 -0.518077 0.105000 1.363162  -1   2  -1 
59401.885991 -0.324674 0.880486 9.301016 0.108000 10.944548 0.883817 9.284054 0.900779 0.108000 0.016962 0.108000 1.363162  -1   0  -1 
59401.888644 -0.322021 0.882574 10.478016 0.107000 10.944548 0.885603 9.287263 2.076356 0.107000 1.190753 0.107000 1.363162  -1   0  -1 
59401.892602 -0.318063 0.885689 10.397016 0.107000 10.944548 0.887931 9.291716 1.993231 0.107000 1.105300 0.107000 1.363162  -1   0  -1 
59401.927059 -0.283606 0.912810 10.789000 0.120000 13.898181 0.891058 12.267129 -0.587071 0.120000 -1.478129 0.120000 1.363162  -1   1  -1 
59401.927765 -0.282900 0.913365 11.705000 0.120000 13.898181 0.890801 12.267256 0.328545 0.120000 -0.562256 0.120000 1.363162  -1   1  -1 
59401.929177 -0.281488 0.914477 11.050000 0.120000 13.898181 0.890248 12.267473 -0.327226 0.120000 -1.217473 0.120000 1.363162  -1   1  -1 
59401.992049 -0.218616 0.963962 12.236445 0.121000 12.629989 0.815245 10.958990 2.092701 0.121000 1.277455 0.121000 1.363162  -1   3  -1 
59401.994207 -0.216458 0.965661 12.383445 0.122000 12.629989 0.811008 10.955958 2.238495 0.122000 1.427487 0.122000 1.363162  -1   3  -1 
59401.995280 -0.215385 0.966505 11.654445 0.122000 12.629989 0.808862 10.954412 1.508896 0.122000 0.700033 0.122000 1.363162  -1   3  -1 
59402.794210 0.583545 0.595325 10.546036 0.105000 12.713259 -0.338758 10.367500 -0.160222 0.105000 0.178536 0.105000 1.363162  -1   2  -1 
59402.797974 0.587309 0.598288 9.392036 0.105000 12.713259 -0.325154 10.383359 -1.316477 0.105000 -0.991323 0.105000 1.363162  -1   2  -1 
59402.801729 0.591064 0.601243 10.372036 0.105000 12.713259 -0.311437 10.399325 -0.338726 0.105000 -0.027289 0.105000 1.363162  -1   2  -1 
59402.966503 -0.514684 0.730934 11.189000 0.117000 13.898181 0.367406 12.360362 -0.803955 0.117000 -1.171362 0.117000 1.363162  -1   1  -1 
59402.968621 -0.512566 0.732601 14.018000 0.117000 13.898181 0.376079 12.370263 2.023816 0.117000 1.647737 0.117000 1.363162  -1   1  -1 
59402.969327 -0.511860 0.733156 13.132000 0.117000 13.898181 0.378963 12.373557 1.137406 0.117000 0.758443 0.117000 1.363162  -1   1  -1 
59402.970612 -0.510575 0.734168 11.095445 0.117000 12.629989 0.384203 11.111351 0.368297 0.117000 -0.015906 0.117000 1.363162  -1   3  -1 
59402.971692 -0.509495 0.735018 13.128445 0.117000 12.629989 0.388597 11.116372 2.400671 0.117000 2.012073 0.117000 1.363162  -1   3  -1 
59402.972765 -0.508422 0.735862 12.770445 0.117000 12.629989 0.392955 11.121351 2.042049 0.117000 1.649094 0.117000 1.363162  -1   3  -1 
59403.889282 0.408095 0.457233 10.672000 0.121000 13.898181 -0.763822 11.676847 -1.768669 0.121000 -1.004847 0.121000 1.363162  -1   1  -1 
59403.890693 0.409506 0.458343 11.039000 0.121000 13.898181 -0.762275 11.678907 -1.402182 0.121000 -0.639907 0.121000 1.363162  -1   1  -1 
59403.891398 0.410211 0.458898 10.586000 0.121000 13.898181 -0.761489 11.679948 -1.855438 0.121000 -1.093948 0.121000 1.363162  -1   1  -1 
59403.992215 0.511028 0.538249 8.990016 0.107000 10.944548 -0.567937 8.954906 -0.532827 0.107000 0.035110 0.107000 1.363162  -1   0  -1 
59404.001960 0.520773 0.545919 9.910016 0.108000 10.944548 -0.541120 8.984943 0.383953 0.108000 0.925073 0.108000 1.363162  -1   0  -1 
59404.004362 0.523175 0.547810 9.362016 0.108000 10.944548 -0.534307 8.992545 -0.164836 0.108000 0.369471 0.108000 1.363162  -1   0  -1 
59404.084675 0.603488 0.611022 10.388445 0.117000 12.629989 -0.265053 10.972596 -0.849205 0.117000 -0.584151 0.117000 1.363162  -1   3  -1 
59404.085749 0.604562 0.611868 12.446445 0.117000 12.629989 -0.260975 10.977000 1.208470 0.117000 1.469445 0.117000 1.363162  -1   3  -1 
59404.086835 0.605648 0.612722 11.398445 0.117000 12.629989 -0.256840 10.981464 0.160141 0.117000 0.416981 0.117000 1.363162  -1   3  -1 
59405.737353 -0.284878 0.911809 13.281036 0.105000 12.713259 0.891489 12.332312 1.840213 0.105000 0.948724 0.105000 1.363162  -1   2  -1 
59405.748644 -0.273587 0.920696 13.121036 0.104000 12.713259 0.886207 12.325920 1.681323 0.104000 0.795116 0.104000 1.363162  -1   2  -1 
59405.756176 -0.266055 0.926624 12.271036 0.105000 12.713259 0.880873 12.319838 0.832071 0.105000 -0.048802 0.105000 1.363162  -1   2  -1 
59405.855588 -0.166643 0.004869 13.100000 0.119000 13.898181 0.686480 13.299976 0.486503 0.119000 -0.199976 0.119000 1.363162  -1   1  -1 
59405.857000 -0.165231 0.005981 13.186000 0.119000 13.898181 0.682269 13.295612 0.572657 0.119000 -0.109612 0.119000 1.363162  -1   1  -1 
59405.857706 -0.164525 0.006536 13.044000 0.120000 13.898181 0.680151 13.293417 0.430734 0.120000 -0.249417 0.120000 1.363162  -1   1  -1 
59406.106963 0.084732 0.202721 13.801445 0.114000 12.629989 -0.287894 11.027925 2.485625 0.114000 2.773520 0.114000 1.363162  -1   3  -1 
59406.108044 0.085813 0.203572 12.581445 0.114000 12.629989 -0.291838 11.023848 1.265759 0.114000 1.557597 0.114000 1.363162  -1   3  -1 
59406.109128 0.086897 0.204425 12.133445 0.114000 12.629989 -0.295783 11.019769 0.817893 0.114000 1.113676 0.114000 1.363162  -1   3  -1 
59407.864238 0.571486 0.585834 14.678000 0.122000 13.898181 -0.381311 12.046209 2.250479 0.122000 2.631791 0.122000 1.363162  -1   1  -1 
59407.866356 0.573604 0.587501 12.817000 0.122000 13.898181 -0.373954 12.053506 0.389540 0.122000 0.763494 0.122000 1.363162  -1   1  -1 
59407.867063 0.574311 0.588058 12.694000 0.122000 13.898181 -0.371487 12.055953 0.266560 0.122000 0.638047 0.122000 1.363162  -1   1  -1 
59408.161045 -0.402229 0.819444 10.715016 0.108000 10.944548 0.755455 10.222440 1.248031 0.108000 0.492576 0.108000 1.363162  -1   0  -1 
59408.163430 -0.399844 0.821322 10.337016 0.108000 10.944548 0.761447 10.228384 0.870079 0.108000 0.108632 0.108000 1.363162  -1   0  -1 
59408.165807 -0.397467 0.823193 9.894016 0.108000 10.944548 0.767300 10.234190 0.427127 0.108000 -0.340174 0.108000 1.363162  -1   0  -1 
59411.082909 -0.021408 0.119180 10.267445 0.119000 12.629989 0.136406 10.470636 -0.066785 0.119000 -0.203191 0.119000 1.363162  -1   3  -1 
59411.083984 -0.020333 0.120026 12.253445 0.119000 12.629989 0.131910 10.465354 1.920002 0.119000 1.788091 0.119000 1.363162  -1   3  -1 
59411.085060 -0.019257 0.120873 9.185445 0.119000 12.629989 0.127411 10.460066 -1.147210 0.119000 -1.274621 0.119000 1.363162  -1   3  -1 
59411.109436 0.005119 0.140059 10.787016 0.107000 10.944548 0.025824 8.655089 2.157751 0.107000 2.131927 0.107000 1.363162  -1   0  -1 
59411.114634 0.010317 0.144150 8.018016 0.107000 10.944548 0.004326 8.629739 -0.607397 0.107000 -0.611723 0.107000 1.363162  -1   0  -1 
59411.121738 0.017421 0.149741 8.342016 0.108000 10.944548 -0.024908 8.595226 -0.278119 0.108000 -0.253210 0.108000 1.363162  -1   0  -1 
59418.956092 0.228644 0.315991 5.977016 0.107000 10.944548 -0.693167 6.577523 -1.293674 0.107000 -0.600507 0.107000 1.363162  -1   0  -1 
59418.958787 0.231339 0.318112 6.395016 0.107000 10.944548 -0.698057 6.572768 -0.875810 0.107000 -0.177752 0.107000 1.363162  -1   0  -1 
59418.965560 0.238112 0.323443 6.673016 0.107000 10.944548 -0.709858 6.561303 -0.598145 0.107000 0.111713 0.107000 1.363162  -1   0  -1 
59418.981323 0.253875 0.335850 7.893445 0.107000 12.629989 -0.734579 8.222779 -1.063913 0.107000 -0.329334 0.107000 1.363162  -1   3  -1 
59418.982407 0.254959 0.336703 8.979445 0.107000 12.629989 -0.736136 8.221273 0.022036 0.107000 0.758172 0.107000 1.363162  -1   3  -1 
59418.983485 0.256037 0.337551 8.108445 0.107000 12.629989 -0.737667 8.219792 -0.849014 0.107000 -0.111347 0.107000 1.363162  -1   3  -1 
59419.756507 -0.241463 0.945980 11.061036 0.103000 12.713259 0.853587 9.909252 2.005370 0.103000 1.151784 0.103000 1.363162  -1   2  -1 
59419.775306 -0.222664 0.960776 12.721036 0.103000 12.713259 0.822913 9.878942 3.665006 0.103000 2.842094 0.103000 1.363162  -1   2  -1 
59419.779068 -0.218902 0.963737 13.350036 0.103000 12.713259 0.815798 9.871904 4.293930 0.103000 3.478132 0.103000 1.363162  -1   2  -1 
59419.947893 -0.050077 0.096616 7.333016 0.111000 10.944548 0.255931 7.548092 0.040855 0.111000 -0.215076 0.111000 1.363162  -1   0  -1 
59419.986504 -0.011466 0.127006 5.470016 0.111000 10.944548 0.094845 7.388550 -1.823688 0.111000 -1.918534 0.111000 1.363162  -1   0  -1 
59419.990052 -0.007918 0.129798 5.020016 0.111000 10.944548 0.080037 7.373893 -2.273840 0.111000 -2.353877 0.111000 1.363162  -1   0  -1 
59420.037408 0.039438 0.167071 6.331445 0.104000 12.629989 -0.114121 8.867371 -2.650048 0.104000 -2.535926 0.104000 1.363162  -1   3  -1 
59420.038492 0.040522 0.167924 6.759445 0.104000 12.629989 -0.118448 8.863098 -2.222102 0.104000 -2.103653 0.104000 1.363162  -1   3  -1 
59420.040662 0.042692 0.169632 9.441445 0.104000 12.629989 -0.127089 8.854567 0.459790 0.104000 0.586878 0.104000 1.363162  -1   3  -1 
59420.700637 -0.567854 0.689084 11.222036 0.104000 12.713259 0.143003 9.286487 2.078552 0.104000 1.935549 0.104000 1.363162  -1   2  -1 
59420.708153 -0.560338 0.695000 12.511036 0.104000 12.713259 0.175165 9.320197 3.366003 0.104000 3.190839 0.104000 1.363162  -1   2  -1 
59420.715676 -0.552815 0.700921 9.715036 0.104000 12.713259 0.207299 9.353899 0.568436 0.104000 0.361137 0.104000 1.363162  -1   2  -1 
59420.873617 -0.394874 0.825233 11.323000 0.133000 13.898181 0.773549 11.142119 0.954430 0.133000 0.180881 0.133000 1.363162  -1   1  -1 
59420.874323 -0.394168 0.825789 10.582000 0.133000 13.898181 0.775226 11.143980 0.213246 0.133000 -0.561980 0.133000 1.363162  -1   1  -1 
59420.875735 -0.392756 0.826900 13.235000 0.133000 13.898181 0.778548 11.147670 2.865878 0.133000 2.087330 0.133000 1.363162  -1   1  -1 
59420.988150 -0.280341 0.915380 11.459445 0.109000 12.629989 0.889761 10.022170 2.327035 0.109000 1.437275 0.109000 1.363162  -1   3  -1 
59420.990293 -0.278198 0.917066 8.740445 0.109000 12.629989 0.888760 10.021812 -0.392607 0.109000 -1.281367 0.109000 1.363162  -1   3  -1 
59420.991383 -0.277108 0.917924 9.562445 0.109000 12.629989 0.888206 10.021585 0.429066 0.109000 -0.459140 0.109000 1.363162  -1   3  -1 
59421.112099 -0.156392 0.012937 4.962016 0.109000 10.944548 0.655160 8.141929 -2.524753 0.109000 -3.179913 0.109000 1.363162  -1   0  -1 
59421.130285 -0.138206 0.027251 6.401016 0.109000 10.944548 0.595564 8.088632 -1.092052 0.109000 -1.687616 0.109000 1.363162  -1   0  -1 
59421.136709 -0.131782 0.032307 5.004016 0.109000 10.944548 0.573390 8.068712 -2.491306 0.109000 -3.064696 0.109000 1.363162  -1   0  -1 
59422.687448 0.148435 0.252860 11.492036 0.105000 12.713259 -0.499589 9.716531 1.275916 0.105000 1.775505 0.105000 1.363162  -1   2  -1 
59422.694983 0.155970 0.258791 12.344036 0.105000 12.713259 -0.521509 9.700750 2.121777 0.105000 2.643286 0.105000 1.363162  -1   2  -1 
59422.702516 0.163503 0.264720 10.777036 0.105000 12.713259 -0.542694 9.685710 0.548633 0.105000 1.091326 0.105000 1.363162  -1   2  -1 
59422.871553 0.332540 0.397765 10.382000 0.132000 13.898181 -0.798514 10.754220 -1.170735 0.132000 -0.372220 0.132000 1.363162  -1   1  -1 
59422.873670 0.334657 0.399431 9.373000 0.132000 13.898181 -0.798834 10.755661 -2.181495 0.132000 -1.382661 0.132000 1.363162  -1   1  -1 
59422.874376 0.335363 0.399987 10.685000 0.132000 13.898181 -0.798924 10.756158 -0.870082 0.132000 -0.071158 0.132000 1.363162  -1   1  -1 
59423.678423 -0.131112 0.032835 12.215036 0.105000 12.713259 0.571045 11.596058 1.190022 0.105000 0.618978 0.105000 1.363162  -1   2  -1 
59423.685999 -0.123536 0.038798 12.980036 0.105000 12.713259 0.544148 11.574872 1.949312 0.105000 1.405164 0.105000 1.363162  -1   2  -1 
59423.689751 -0.119784 0.041751 12.776036 0.105000 12.713259 0.530571 11.564118 1.742489 0.105000 1.211918 0.105000 1.363162  -1   2  -1 
