# time model 
59325.801227 8.913520 
59325.833009 9.394524 
59325.864791 9.879439 
59325.896573 10.367620 
59325.928355 10.858411 
59325.960137 11.351140 
59325.991919 11.845122 
59326.023701 12.339663 
59326.055483 12.834055 
59326.087265 13.327583 
59326.119047 13.819520 
59326.150829 14.309134 
59326.182611 14.795683 
59326.214393 15.278420 
59326.246175 15.756594 
59326.277957 16.229449 
59326.309739 16.696223 
59326.341521 17.156157 
59326.373303 17.608488 
59326.405085 18.052452 
59326.436867 18.487287 
59326.468649 18.912235 
59326.500431 19.326538 
59326.532213 19.729443 
59326.563995 20.120203 
59326.595777 20.498077 
59326.627559 20.862330 
59326.659341 21.212237 
59326.691123 21.547082 
59326.722905 21.866158 
59326.754687 22.168772 
59326.786469 22.454240 
59326.818251 22.721894 
59326.850033 22.971080 
59326.881815 23.201158 
59326.913597 23.411506 
59326.945379 23.601519 
59326.977161 23.770608 
59327.008943 23.918207 
59327.040725 24.043766 
59327.072507 24.146757 
59327.104289 24.226677 
59327.136071 24.283039 
59327.167853 24.315385 
59327.199635 24.323278 
59327.231417 24.306307 
59327.263199 24.264085 
59327.294981 24.196251 
59327.326763 24.102472 
59327.358545 23.982443 
59327.390327 23.835883 
59327.422109 23.662542 
59327.453891 23.462200 
59327.485673 23.234664 
59327.517455 22.979770 
59327.549237 22.697387 
59327.581019 22.387413 
59327.612801 22.049775 
59327.644583 21.684433 
59327.676365 21.291378 
59327.708147 20.870632 
59327.739929 20.422247 
59327.771711 19.946309 
59327.803493 19.442935 
59327.835275 18.912272 
59327.867057 18.354500 
59327.898839 17.769831 
59327.930621 17.158508 
59327.962402 16.520805 
59327.994184 15.857027 
59328.025966 15.167510 
59328.057748 14.452620 
59328.089530 13.712756 
59328.121312 12.948343 
59328.153094 12.159839 
59328.184876 11.347729 
59328.216658 10.512527 
59328.248440 9.654776 
59328.280222 8.775046 
59328.312004 7.873933 
59328.343786 6.952061 
59328.375568 6.010080 
59328.407350 5.048663 
59328.439132 4.068509 
59328.470914 3.070341 
59328.502696 2.054903 
59328.534478 1.022961 
59328.566260 -0.024695 
59328.598042 -1.087258 
59328.629824 -2.163900 
59328.661606 -3.253774 
59328.693388 -4.356018 
59328.725170 -5.469751 
59328.756952 -6.594078 
59328.788734 -7.728088 
59328.820516 -8.870857 
59328.852298 -10.021451 
59328.884080 -11.178921 
59328.915862 -12.342311 
59328.947644 -13.510652 
59328.979426 -14.682971 
59329.011208 -15.858286 
59329.042990 -17.035609 
59329.074772 -18.213949 
59329.106554 -19.392310 
59329.138336 -20.569693 
59329.170118 -21.745101 
59329.201900 -22.917533 
59329.233682 -24.085992 
59329.265464 -25.249483 
59329.297246 -26.407012 
59329.329028 -27.557593 
59329.360810 -28.700243 
59329.392592 -29.833988 
59329.424374 -30.957861 
59329.456156 -32.070903 
59329.487938 -33.172167 
59329.519720 -34.260716 
59329.551502 -35.335628 
59329.583284 -36.395990 
59329.615066 -37.440908 
59329.646848 -38.469501 
59329.678630 -39.480904 
59329.710412 -40.474272 
59329.742194 -41.448776 
59329.773976 -42.403608 
59329.805758 -43.337979 
59329.837540 -44.251123 
59329.869322 -45.142293 
59329.901104 -46.010769 
59329.932886 -46.855852 
59329.964668 -47.676867 
59329.996450 -48.473165 
59330.028232 -49.244124 
59330.060014 -49.989147 
59330.091796 -50.707665 
59330.123578 -51.399136 
59330.155360 -52.063047 
59330.187142 -52.698913 
59330.218924 -53.306280 
59330.250706 -53.884723 
59330.282488 -54.433845 
59330.314270 -54.953284 
59330.346052 -55.442705 
59330.377834 -55.901807 
59330.409616 -56.330318 
59330.441398 -56.728000 
59330.473180 -57.094644 
59330.504962 -57.430077 
59330.536744 -57.734155 
59330.568526 -58.006767 
59330.600308 -58.247834 
59330.632090 -58.457310 
59330.663871 -58.635180 
59330.695653 -58.781461 
59330.727435 -58.896204 
59330.759217 -58.979488 
59330.790999 -59.031426 
59330.822781 -59.052162 
59330.854563 -59.041869 
59330.886345 -59.000754 
59330.918127 -58.929050 
59330.949909 -58.827023 
59330.981691 -58.694967 
59331.013473 -58.533204 
59331.045255 -58.342086 
59331.077037 -58.121990 
59331.108819 -57.873325 
59331.140601 -57.596521 
59331.172383 -57.292038 
59331.204165 -56.960359 
59331.235947 -56.601992 
59331.267729 -56.217470 
59331.299511 -55.807346 
59331.331293 -55.372199 
59331.363075 -54.912627 
59331.394857 -54.429250 
59331.426639 -53.922706 
59331.458421 -53.393653 
59331.490203 -52.842767 
59331.521985 -52.270742 
59331.553767 -51.678285 
59331.585549 -51.066123 
59331.617331 -50.434992 
59331.649113 -49.785645 
59331.680895 -49.118846 
59331.712677 -48.435370 
59331.744459 -47.736004 
59331.776241 -47.021541 
59331.808023 -46.292786 
59331.839805 -45.550549 
59331.871587 -44.795646 
59331.903369 -44.028899 
59331.935151 -43.251136 
59331.966933 -42.463184 
59331.998715 -41.665875 
59332.030497 -40.860043 
59332.062279 -40.046519 
59332.094061 -39.226135 
59332.125843 -38.399721 
59332.157625 -37.568105 
59332.189407 -36.732109 
59332.221189 -35.892552 
59332.252971 -35.050246 
59332.284753 -34.205997 
59332.316535 -33.360603 
59332.348317 -32.514855 
59332.380099 -31.669531 
59332.411881 -30.825402 
59332.443663 -29.983227 
59332.475445 -29.143753 
59332.507227 -28.307713 
59332.539009 -27.475828 
59332.570791 -26.648805 
59332.602573 -25.827333 
59332.634355 -25.012088 
59332.666137 -24.203729 
59332.697919 -23.402898 
59332.729701 -22.610219 
59332.761483 -21.826297 
59332.793265 -21.051718 
59332.825047 -20.287050 
59332.856829 -19.532841 
59332.888611 -18.789616 
59332.920393 -18.057882 
59332.952175 -17.338124 
59332.983957 -16.630804 
59333.015739 -15.936364 
59333.047521 -15.255221 
59333.079303 -14.587772 
59333.111085 -13.934390 
59333.142867 -13.295424 
59333.174649 -12.671203 
59333.206431 -12.062027 
59333.238213 -11.468178 
59333.269995 -10.889912 
59333.301777 -10.327460 
59333.333559 -9.781032 
59333.365340 -9.250813 
59333.397122 -8.736964 
59333.428904 -8.239623 
59333.460686 -7.758904 
59333.492468 -7.294898 
59333.524250 -6.847674 
59333.556032 -6.417277 
59333.587814 -6.003730 
59333.619596 -5.607032 
59333.651378 -5.227161 
59333.683160 -4.864074 
59333.714942 -4.517705 
59333.746724 -4.187969 
59333.778506 -3.874759 
59333.810288 -3.577946 
59333.842070 -3.297386 
59333.873852 -3.032911 
59333.905634 -2.784337 
59333.937416 -2.551461 
59333.969198 -2.334062 
59334.000980 -2.131902 
59334.032762 -1.944727 
59334.064544 -1.772266 
59334.096326 -1.614233 
59334.128108 -1.470329 
59334.159890 -1.340238 
59334.191672 -1.223634 
59334.223454 -1.120174 
59334.255236 -1.029507 
59334.287018 -0.951269 
59334.318800 -0.885085 
59334.350582 -0.830571 
59334.382364 -0.787333 
59334.414146 -0.754969 
59334.445928 -0.733070 
59334.477710 -0.721218 
59334.509492 -0.718990 
59334.541274 -0.725959 
59334.573056 -0.741691 
59334.604838 -0.765748 
59334.636620 -0.797690 
59334.668402 -0.837074 
59334.700184 -0.883455 
59334.731966 -0.936386 
59334.763748 -0.995422 
59334.795530 -1.060116 
59334.827312 -1.130023 
59334.859094 -1.204700 
59334.890876 -1.283706 
59334.922658 -1.366602 
59334.954440 -1.452956 
59334.986222 -1.542337 
59335.018004 -1.634320 
59335.049786 -1.728487 
59335.081568 -1.824424 
59335.113350 -1.921725 
59335.145132 -2.019993 
59335.176914 -2.118835 
59335.208696 -2.217870 
59335.240478 -2.316725 
59335.272260 -2.415035 
59335.304042 -2.512448 
59335.335824 -2.608618 
59335.367606 -2.703215 
59335.399388 -2.795915 
59335.431170 -2.886410 
59335.462952 -2.974401 
59335.494734 -3.059602 
59335.526516 -3.141741 
59335.558298 -3.220558 
59335.590080 -3.295805 
59335.621862 -3.367249 
59335.653644 -3.434669 
59335.685426 -3.497860 
59335.717208 -3.556628 
59335.748990 -3.610797 
59335.780772 -3.660202 
59335.812554 -3.704692 
59335.844336 -3.744134 
59335.876118 -3.778404 
59335.907900 -3.807399 
59335.939682 -3.831024 
59335.971464 -3.849202 
59336.003246 -3.861869 
59336.035028 -3.868977 
59336.066809 -3.870490 
59336.098591 -3.866386 
59336.130373 -3.856659 
59336.162155 -3.841314 
59336.193937 -3.820372 
59336.225719 -3.793865 
59336.257501 -3.761840 
59336.289283 -3.724354 
59336.321065 -3.681480 
59336.352847 -3.633301 
59336.384629 -3.579911 
59336.416411 -3.521419 
59336.448193 -3.457941 
59336.479975 -3.389606 
59336.511757 -3.316555 
59336.543539 -3.238936 
59336.575321 -3.156908 
59336.607103 -3.070640 
59336.638885 -2.980308 
59336.670667 -2.886098 
59336.702449 -2.788203 
59336.734231 -2.686823 
59336.766013 -2.582168 
59336.797795 -2.474449 
59336.829577 -2.363889 
59336.861359 -2.250712 
59336.893141 -2.135148 
59336.924923 -2.017434 
59336.956705 -1.897808 
59336.988487 -1.776513 
59337.020269 -1.653794 
59337.052051 -1.529900 
59337.083833 -1.405079 
59337.115615 -1.279585 
59337.147397 -1.153668 
59337.179179 -1.027582 
59337.210961 -0.901579 
59337.242743 -0.775911 
59337.274525 -0.650829 
59337.306307 -0.526583 
59337.338089 -0.403420 
59337.369871 -0.281585 
59337.401653 -0.161319 
59337.433435 -0.042861 
59337.465217 0.073555 
59337.496999 0.187699 
59337.528781 0.299345 
59337.560563 0.408273 
59337.592345 0.514268 
59337.624127 0.617122 
59337.655909 0.716633 
59337.687691 0.812604 
59337.719473 0.904847 
59337.751255 0.993181 
59337.783037 1.077433 
59337.814819 1.157436 
59337.846601 1.233033 
59337.878383 1.304076 
59337.910165 1.370424 
59337.941947 1.431946 
59337.973729 1.488521 
59338.005511 1.540035 
59338.037293 1.586387 
59338.069075 1.627482 
59338.100857 1.663237 
59338.132639 1.693579 
59338.164421 1.718445 
59338.196203 1.737782 
59338.227985 1.751546 
59338.259767 1.759705 
59338.291549 1.762236 
59338.323331 1.759128 
59338.355113 1.750378 
59338.386895 1.735996 
59338.418677 1.715998 
59338.450459 1.690416 
59338.482241 1.659286 
59338.514023 1.622658 
59338.545805 1.580589 
59338.577587 1.533149 
59338.609369 1.480415 
59338.641151 1.422473 
59338.672933 1.359419 
59338.704715 1.291359 
59338.736497 1.218406 
59338.768278 1.140682 
59338.800060 1.058317 
59338.831842 0.971450 
59338.863624 0.880227 
59338.895406 0.784800 
59338.927188 0.685330 
59338.958970 0.581985 
59338.990752 0.474936 
59339.022534 0.364365 
59339.054316 0.250457 
59339.086098 0.133402 
59339.117880 0.013395 
59339.149662 -0.109362 
59339.181444 -0.234664 
59339.213226 -0.362305 
59339.245008 -0.492070 
59339.276790 -0.623746 
59339.308572 -0.757113 
59339.340354 -0.891953 
59339.372136 -1.028042 
59339.403918 -1.165157 
59339.435700 -1.303074 
59339.467482 -1.441566 
59339.499264 -1.580409 
59339.531046 -1.719376 
59339.562828 -1.858242 
59339.594610 -1.996784 
59339.626392 -2.134778 
59339.658174 -2.272004 
59339.689956 -2.408241 
59339.721738 -2.543275 
59339.753520 -2.676891 
59339.785302 -2.808878 
59339.817084 -2.939031 
59339.848866 -3.067145 
59339.880648 -3.193024 
59339.912430 -3.316472 
59339.944212 -3.437302 
59339.975994 -3.555330 
59340.007776 -3.670377 
59340.039558 -3.782272 
59340.071340 -3.890850 
59340.103122 -3.995950 
59340.134904 -4.097421 
59340.166686 -4.195117 
59340.198468 -4.288900 
59340.230250 -4.378639 
59340.262032 -4.464211 
59340.293814 -4.545501 
59340.325596 -4.622402 
59340.357378 -4.694814 
59340.389160 -4.762648 
59340.420942 -4.825821 
59340.452724 -4.884259 
59340.484506 -4.937899 
59340.516288 -4.986684 
59340.548070 -5.030567 
59340.579852 -5.069511 
59340.611634 -5.103485 
59340.643416 -5.132471 
59340.675198 -5.156457 
59340.706980 -5.175441 
59340.738762 -5.189430 
59340.770544 -5.198439 
59340.802326 -5.202495 
59340.834108 -5.201630 
59340.865890 -5.195887 
59340.897672 -5.185317 
59340.929454 -5.169979 
59340.961236 -5.149941 
59340.993018 -5.125279 
59341.024800 -5.096078 
59341.056582 -5.062430 
59341.088364 -5.024435 
59341.120146 -4.982199 
59341.151928 -4.935837 
59341.183710 -4.885472 
59341.215492 -4.831232 
59341.247274 -4.773251 
59341.279056 -4.711672 
59341.310838 -4.646642 
59341.342620 -4.578314 
59341.374402 -4.506847 
59341.406184 -4.432405 
59341.437965 -4.355157 
59341.469747 -4.275276 
59341.501529 -4.192941 
59341.533311 -4.108331 
59341.565093 -4.021633 
59341.596875 -3.933036 
59341.628657 -3.842729 
59341.660439 -3.750908 
59341.692221 -3.657767 
59341.724003 -3.563506 
59341.755785 -3.468322 
59341.787567 -3.372417 
59341.819349 -3.275992 
59341.851131 -3.179248 
59341.882913 -3.082387 
59341.914695 -2.985610 
59341.946477 -2.889117 
59341.978259 -2.793108 
59342.010041 -2.697781 
59342.041823 -2.603332 
59342.073605 -2.509955 
59342.105387 -2.417842 
59342.137169 -2.327182 
59342.168951 -2.238160 
59342.200733 -2.150960 
59342.232515 -2.065759 
59342.264297 -1.982731 
59342.296079 -1.902047 
59342.327861 -1.823873 
59342.359643 -1.748368 
59342.391425 -1.675687 
59342.423207 -1.605981 
59342.454989 -1.539392 
59342.486771 -1.476059 
59342.518553 -1.416113 
59342.550335 -1.359680 
59342.582117 -1.306876 
59342.613899 -1.257814 
59342.645681 -1.212598 
59342.677463 -1.171326 
59342.709245 -1.134085 
59342.741027 -1.100959 
59342.772809 -1.072021 
59342.804591 -1.047339 
59342.836373 -1.026969 
59342.868155 -1.010964 
59342.899937 -0.999364 
59342.931719 -0.992204 
59342.963501 -0.989510 
59342.995283 -0.991299 
59343.027065 -0.997581 
59343.058847 -1.008356 
59343.090629 -1.023616 
59343.122411 -1.043347 
59343.154193 -1.067524 
59343.185975 -1.096115 
59343.217757 -1.129079 
59343.249539 -1.166368 
59343.281321 -1.207927 
59343.313103 -1.253689 
59343.344885 -1.303585 
59343.376667 -1.357533 
59343.408449 -1.415447 
59343.440231 -1.477233 
59343.472013 -1.542789 
59343.503795 -1.612006 
59343.535577 -1.684770 
59343.567359 -1.760958 
59343.599141 -1.840443 
59343.630923 -1.923090 
59343.662705 -2.008758 
59343.694487 -2.097303 
59343.726269 -2.188573 
59343.758051 -2.282412 
59343.789833 -2.378658 
59343.821615 -2.477147 
59343.853397 -2.577708 
59343.885179 -2.680167 
59343.916961 -2.784347 
59343.948743 -2.890068 
59343.980525 -2.997144 
59344.012307 -3.105390 
59344.044089 -3.214616 
59344.075871 -3.324632 
59344.107653 -3.435244 
59344.139434 -3.546259 
59344.171216 -3.657481 
59344.202998 -3.768714 
59344.234780 -3.879761 
59344.266562 -3.990426 
59344.298344 -4.100513 
59344.330126 -4.209827 
59344.361908 -4.318172 
59344.393690 -4.425355 
59344.425472 -4.531184 
59344.457254 -4.635470 
59344.489036 -4.738024 
59344.520818 -4.838662 
59344.552600 -4.937202 
59344.584382 -5.033465 
59344.616164 -5.127275 
59344.647946 -5.218460 
59344.679728 -5.306853 
59344.711510 -5.392291 
59344.743292 -5.474615 
59344.775074 -5.553671 
59344.806856 -5.629312 
59344.838638 -5.701393 
59344.870420 -5.769777 
59344.902202 -5.834333 
59344.933984 -5.894935 
59344.965766 -5.951464 
59344.997548 -6.003807 
59345.029330 -6.051859 
59345.061112 -6.095520 
59345.092894 -6.134698 
59345.124676 -6.169307 
59345.156458 -6.199272 
59345.188240 -6.224520 
59345.220022 -6.244990 
59345.251804 -6.260626 
59345.283586 -6.271382 
59345.315368 -6.277217 
59345.347150 -6.278101 
59345.378932 -6.274009 
59345.410714 -6.264926 
59345.442496 -6.250844 
59345.474278 -6.231764 
59345.506060 -6.207693 
59345.537842 -6.178648 
59345.569624 -6.144653 
59345.601406 -6.105739 
59345.633188 -6.061947 
59345.664970 -6.013325 
59345.696752 -5.959927 
59345.728534 -5.901816 
59345.760316 -5.839062 
59345.792098 -5.771744 
59345.823880 -5.699945 
59345.855662 -5.623758 
59345.887444 -5.543282 
59345.919226 -5.458621 
59345.951008 -5.369888 
59345.982790 -5.277202 
59346.014572 -5.180687 
59346.046354 -5.080472 
59346.078136 -4.976696 
59346.109918 -4.869498 
59346.141700 -4.759027 
59346.173482 -4.645435 
59346.205264 -4.528877 
59346.237046 -4.409516 
59346.268828 -4.287517 
59346.300610 -4.163049 
59346.332392 -4.036286 
59346.364174 -3.907404 
59346.395956 -3.776584 
59346.427738 -3.644006 
59346.459520 -3.509858 
59346.491302 -3.374325 
59346.523084 -3.237597 
59346.554866 -3.099865 
59346.586648 -2.961321 
59346.618430 -2.822158 
59346.650212 -2.682569 
59346.681994 -2.542749 
59346.713776 -2.402891 
59346.745558 -2.263190 
59346.777340 -2.123839 
59346.809122 -1.985030 
59346.840903 -1.846954 
59346.872685 -1.709801 
59346.904467 -1.573759 
59346.936249 -1.439013 
59346.968031 -1.305747 
59346.999813 -1.174142 
59347.031595 -1.044375 
59347.063377 -0.916621 
59347.095159 -0.791050 
59347.126941 -0.667831 
59347.158723 -0.547125 
59347.190505 -0.429092 
59347.222287 -0.313887 
59347.254069 -0.201658 
59347.285851 -0.092551 
59347.317633 0.013295 
59347.349415 0.115747 
59347.381197 0.214675 
59347.412979 0.309958 
59347.444761 0.401479 
59347.476543 0.489127 
59347.508325 0.572798 
59347.540107 0.652394 
59347.571889 0.727825 
59347.603671 0.799006 
59347.635453 0.865859 
59347.667235 0.928315 
59347.699017 0.986308 
59347.730799 1.039783 
59347.762581 1.088691 
59347.794363 1.132988 
59347.826145 1.172641 
59347.857927 1.207621 
59347.889709 1.237909 
59347.921491 1.263490 
59347.953273 1.284360 
59347.985055 1.300520 
59348.016837 1.311979 
59348.048619 1.318753 
59348.080401 1.320864 
59348.112183 1.318344 
59348.143965 1.311229 
59348.175747 1.299563 
59348.207529 1.283397 
59348.239311 1.262790 
59348.271093 1.237805 
59348.302875 1.208512 
59348.334657 1.174990 
59348.366439 1.137320 
59348.398221 1.095593 
59348.430003 1.049902 
59348.461785 1.000350 
59348.493567 0.947041 
59348.525349 0.890087 
59348.557131 0.829604 
59348.588913 0.765714 
59348.620695 0.698542 
59348.652477 0.628219 
59348.684259 0.554879 
59348.716041 0.478659 
59348.747823 0.399703 
59348.779605 0.318155 
59348.811387 0.234164 
59348.843169 0.147882 
59348.874951 0.059462 
59348.906733 -0.030940 
59348.938515 -0.123163 
59348.970297 -0.217049 
59349.002079 -0.312435 
59349.033861 -0.409157 
59349.065643 -0.507053 
59349.097425 -0.605955 
59349.129207 -0.705699 
59349.160989 -0.806120 
59349.192771 -0.907050 
59349.224553 -1.008326 
59349.256335 -1.109783 
59349.288117 -1.211256 
59349.319899 -1.312583 
59349.351681 -1.413603 
59349.383463 -1.514156 
59349.415245 -1.614084 
59349.447027 -1.713233 
59349.478809 -1.811449 
59349.510591 -1.908581 
59349.542372 -2.004483 
59349.574154 -2.099009 
59349.605936 -2.192020 
59349.637718 -2.283377 
59349.669500 -2.372947 
59349.701282 -2.460600 
59349.733064 -2.546211 
59349.764846 -2.629658 
59349.796628 -2.710825 
59349.828410 -2.789600 
59349.860192 -2.865876 
59349.891974 -2.939550 
59349.923756 -3.010525 
59349.955538 -3.078711 
59349.987320 -3.144020 
59350.019102 -3.206372 
59350.050884 -3.265691 
59350.082666 -3.321908 
59350.114448 -3.374959 
59350.146230 -3.424786 
59350.178012 -3.471337 
59350.209794 -3.514566 
59350.241576 -3.554433 
59350.273358 -3.590904 
59350.305140 -3.623950 
59350.336922 -3.653550 
59350.368704 -3.679687 
59350.400486 -3.702351 
59350.432268 -3.721539 
59350.464050 -3.737253 
59350.495832 -3.749499 
59350.527614 -3.758292 
59350.559396 -3.763651 
59350.591178 -3.765601 
59350.622960 -3.764173 
59350.654742 -3.759404 
59350.686524 -3.751335 
59350.718306 -3.740012 
59350.750088 -3.725489 
59350.781870 -3.707822 
59350.813652 -3.687074 
59350.845434 -3.663311 
59350.877216 -3.636605 
59350.908998 -3.607032 
59350.940780 -3.574672 
59350.972562 -3.539609 
59351.004344 -3.501933 
59351.036126 -3.461734 
59351.067908 -3.419108 
59351.099690 -3.374154 
59351.131472 -3.326975 
59351.163254 -3.277674 
59351.195036 -3.226361 
59351.226818 -3.173144 
59351.258600 -3.118136 
59351.290382 -3.061452 
59351.322164 -3.003208 
59351.353946 -2.943522 
59351.385728 -2.882512 
59351.417510 -2.820300 
59351.449292 -2.757007 
59351.481074 -2.692754 
59351.512856 -2.627665 
59351.544638 -2.561860 
59351.576420 -2.495464 
59351.608202 -2.428599 
59351.639984 -2.361386 
59351.671766 -2.293946 
59351.703548 -2.226400 
59351.735330 -2.158866 
59351.767112 -2.091462 
59351.798894 -2.024305 
59351.830676 -1.957509 
59351.862458 -1.891186 
59351.894240 -1.825445 
59351.926022 -1.760396 
59351.957804 -1.696142 
59351.989586 -1.632786 
59352.021368 -1.570428 
59352.053150 -1.509164 
59352.084932 -1.449086 
59352.116714 -1.390285 
59352.148496 -1.332846 
59352.180278 -1.276851 
59352.212060 -1.222379 
59352.243841 -1.169504 
59352.275623 -1.118296 
59352.307405 -1.068821 
59352.339187 -1.021141 
59352.370969 -0.975313 
59352.402751 -0.931389 
59352.434533 -0.889417 
59352.466315 -0.849442 
59352.498097 -0.811500 
59352.529879 -0.775627 
59352.561661 -0.741852 
59352.593443 -0.710197 
59352.625225 -0.680684 
59352.657007 -0.653326 
59352.688789 -0.628132 
59352.720571 -0.605108 
59352.752353 -0.584253 
59352.784135 -0.565562 
59352.815917 -0.549025 
59352.847699 -0.534628 
59352.879481 -0.522351 
59352.911263 -0.512170 
59352.943045 -0.504057 
59352.974827 -0.497978 
59353.006609 -0.493897 
59353.038391 -0.491771 
59353.070173 -0.491554 
59353.101955 -0.493196 
59353.133737 -0.496644 
59353.165519 -0.501838 
59353.197301 -0.508717 
59353.229083 -0.517217 
59353.260865 -0.527268 
59353.292647 -0.538798 
59353.324429 -0.551732 
59353.356211 -0.565992 
59353.387993 -0.581497 
59353.419775 -0.598163 
59353.451557 -0.615905 
59353.483339 -0.634633 
59353.515121 -0.654259 
59353.546903 -0.674689 
59353.578685 -0.695829 
59353.610467 -0.717585 
59353.642249 -0.739860 
59353.674031 -0.762555 
59353.705813 -0.785572 
59353.737595 -0.808812 
59353.769377 -0.832175 
59353.801159 -0.855560 
59353.832941 -0.878869 
59353.864723 -0.902000 
59353.896505 -0.924854 
59353.928287 -0.947333 
59353.960069 -0.969337 
59353.991851 -0.990769 
59354.023633 -1.011534 
59354.055415 -1.031537 
59354.087197 -1.050684 
59354.118979 -1.068883 
59354.150761 -1.086046 
59354.182543 -1.102085 
59354.214325 -1.116914 
59354.246107 -1.130452 
59354.277889 -1.142619 
59354.309671 -1.153336 
59354.341453 -1.162531 
59354.373235 -1.170132 
59354.405017 -1.176071 
59354.436799 -1.180285 
59354.468581 -1.182712 
59354.500363 -1.183295 
59354.532145 -1.181982 
59354.563927 -1.178723 
59354.595709 -1.173474 
59354.627491 -1.166191 
59354.659273 -1.156840 
59354.691055 -1.145388 
59354.722837 -1.131806 
59354.754619 -1.116071 
59354.786401 -1.098163 
59354.818183 -1.078068 
59354.849965 -1.055777 
59354.881747 -1.031283 
59354.913529 -1.004586 
59354.945310 -0.975691 
59354.977092 -0.944605 
59355.008874 -0.911342 
59355.040656 -0.875921 
59355.072438 -0.838363 
59355.104220 -0.798697 
59355.136002 -0.756954 
59355.167784 -0.713171 
59355.199566 -0.667388 
59355.231348 -0.619652 
59355.263130 -0.570011 
59355.294912 -0.518520 
59355.326694 -0.465237 
59355.358476 -0.410224 
59355.390258 -0.353547 
59355.422040 -0.295277 
59355.453822 -0.235488 
59355.485604 -0.174256 
59355.517386 -0.111663 
59355.549168 -0.047794 
59355.580950 0.017264 
59355.612732 0.083421 
59355.644514 0.150582 
59355.676296 0.218652 
59355.708078 0.287532 
59355.739860 0.357120 
59355.771642 0.427313 
59355.803424 0.498005 
59355.835206 0.569089 
59355.866988 0.640456 
59355.898770 0.711995 
59355.930552 0.783595 
59355.962334 0.855143 
59355.994116 0.926524 
59356.025898 0.997624 
59356.057680 1.068329 
59356.089462 1.138522 
59356.121244 1.208090 
59356.153026 1.276916 
59356.184808 1.344886 
59356.216590 1.411886 
59356.248372 1.477802 
59356.280154 1.542522 
59356.311936 1.605934 
59356.343718 1.667928 
59356.375500 1.728396 
59356.407282 1.787231 
59356.439064 1.844329 
59356.470846 1.899586 
59356.502628 1.952903 
59356.534410 2.004182 
59356.566192 2.053328 
59356.597974 2.100249 
59356.629756 2.144855 
59356.661538 2.187061 
59356.693320 2.226784 
59356.725102 2.263945 
59356.756884 2.298468 
59356.788666 2.330282 
59356.820448 2.359319 
59356.852230 2.385515 
59356.884012 2.408811 
59356.915794 2.429152 
59356.947576 2.446487 
59356.979358 2.460769 
59357.011140 2.471957 
59357.042922 2.480013 
59357.074704 2.484906 
59357.106486 2.486607 
59357.138268 2.485093 
59357.170050 2.480348 
59357.201832 2.472358 
59357.233614 2.461114 
59357.265396 2.446615 
59357.297178 2.428862 
59357.328960 2.407862 
59357.360742 2.383627 
59357.392524 2.356175 
59357.424306 2.325527 
59357.456088 2.291711 
59357.487870 2.254757 
59357.519652 2.214704 
59357.551434 2.171593 
59357.583216 2.125469 
59357.614997 2.076384 
59357.646779 2.024394 
59357.678561 1.969558 
59357.710343 1.911942 
59357.742125 1.851613 
59357.773907 1.788645 
59357.805689 1.723116 
59357.837471 1.655105 
59357.869253 1.584698 
59357.901035 1.511984 
59357.932817 1.437055 
59357.964599 1.360005 
59357.996381 1.280935 
59358.028163 1.199945 
59358.059945 1.117140 
59358.091727 1.032629 
59358.123509 0.946520 
59358.155291 0.858926 
59358.187073 0.769963 
59358.218855 0.679745 
59358.250637 0.588393 
59358.282419 0.496026 
59358.314201 0.402765 
59358.345983 0.308734 
59358.377765 0.214055 
59358.409547 0.118854 
59358.441329 0.023255 
59358.473111 -0.072615 
59358.504893 -0.168631 
59358.536675 -0.264667 
59358.568457 -0.360597 
59358.600239 -0.456297 
59358.632021 -0.551641 
59358.663803 -0.646505 
59358.695585 -0.740768 
59358.727367 -0.834307 
59358.759149 -0.927001 
59358.790931 -1.018733 
59358.822713 -1.109386 
59358.854495 -1.198844 
59358.886277 -1.286995 
59358.918059 -1.373728 
59358.949841 -1.458936 
59358.981623 -1.542513 
59359.013405 -1.624356 
59359.045187 -1.704367 
59359.076969 -1.782449 
59359.108751 -1.858509 
59359.140533 -1.932457 
59359.172315 -2.004207 
59359.204097 -2.073678 
59359.235879 -2.140789 
59359.267661 -2.205468 
59359.299443 -2.267642 
59359.331225 -2.327247 
59359.363007 -2.384219 
59359.394789 -2.438500 
59359.426571 -2.490038 
59359.458353 -2.538782 
59359.490135 -2.584689 
59359.521917 -2.627718 
59359.553699 -2.667834 
59359.585481 -2.705006 
59359.617263 -2.739209 
59359.649045 -2.770420 
59359.680827 -2.798622 
59359.712609 -2.823805 
59359.744391 -2.845960 
59359.776173 -2.865085 
59359.807955 -2.881182 
59359.839737 -2.894257 
59359.871519 -2.904321 
59359.903301 -2.911391 
59359.935083 -2.915487 
59359.966865 -2.916632 
59359.998647 -2.914856 
59360.030429 -2.910193 
59360.062211 -2.902678 
59360.093993 -2.892355 
59360.125775 -2.879268 
59360.157557 -2.863466 
59360.189339 -2.845002 
59360.221121 -2.823933 
59360.252903 -2.800320 
59360.284685 -2.774225 
59360.316466 -2.745715 
59360.348248 -2.714859 
59360.380030 -2.681732 
59360.411812 -2.646407 
59360.443594 -2.608963 
59360.475376 -2.569480 
59360.507158 -2.528042 
59360.538940 -2.484733 
59360.570722 -2.439639 
59360.602504 -2.392850 
59360.634286 -2.344454 
59360.666068 -2.294545 
59360.697850 -2.243214 
59360.729632 -2.190555 
59360.761414 -2.136662 
59360.793196 -2.081632 
59360.824978 -2.025558 
59360.856760 -1.968537 
59360.888542 -1.910666 
59360.920324 -1.852039 
59360.952106 -1.792752 
59360.983888 -1.732900 
59361.015670 -1.672577 
59361.047452 -1.611878 
59361.079234 -1.550893 
59361.111016 -1.489715 
59361.142798 -1.428433 
59361.174580 -1.367135 
59361.206362 -1.305908 
59361.238144 -1.244836 
59361.269926 -1.184002 
59361.301708 -1.123487 
59361.333490 -1.063368 
59361.365272 -1.003721 
59361.397054 -0.944619 
59361.428836 -0.886131 
59361.460618 -0.828326 
59361.492400 -0.771268 
59361.524182 -0.715017 
59361.555964 -0.659632 
59361.587746 -0.605167 
59361.619528 -0.551674 
59361.651310 -0.499200 
59361.683092 -0.447790 
59361.714874 -0.397485 
59361.746656 -0.348320 
59361.778438 -0.300330 
59361.810220 -0.253544 
59361.842002 -0.207988 
59361.873784 -0.163682 
59361.905566 -0.120647 
59361.937348 -0.078894 
59361.969130 -0.038435 
59362.000912 0.000723 
59362.032694 0.038579 
59362.064476 0.075133 
59362.096258 0.110391 
59362.128040 0.144361 
59362.159822 0.177056 
59362.191604 0.208491 
59362.223386 0.238687 
59362.255168 0.267665 
59362.286950 0.295453 
59362.318732 0.322080 
59362.350514 0.347580 
59362.382296 0.371987 
59362.414078 0.395342 
59362.445860 0.417685 
59362.477642 0.439062 
59362.509424 0.459520 
59362.541206 0.479107 
59362.572988 0.497877 
59362.604770 0.515883 
59362.636552 0.533180 
59362.668334 0.549828 
59362.700116 0.565885 
59362.731898 0.581413 
59362.763680 0.596473 
59362.795462 0.611130 
59362.827244 0.625447 
59362.859026 0.639490 
59362.890808 0.653324 
59362.922590 0.667016 
59362.954372 0.680631 
59362.986154 0.694236 
59363.017935 0.707898 
59363.049717 0.721681 
59363.081499 0.735650 
59363.113281 0.749871 
59363.145063 0.764405 
59363.176845 0.779315 
59363.208627 0.794661 
59363.240409 0.810502 
59363.272191 0.826896 
59363.303973 0.843897 
59363.335755 0.861558 
59363.367537 0.879931 
59363.399319 0.899062 
59363.431101 0.918998 
59363.462883 0.939780 
59363.494665 0.961448 
59363.526447 0.984039 
59363.558229 1.007584 
59363.590011 1.032113 
59363.621793 1.057652 
59363.653575 1.084222 
59363.685357 1.111840 
59363.717139 1.140522 
59363.748921 1.170275 
59363.780703 1.201105 
59363.812485 1.233014 
59363.844267 1.265996 
59363.876049 1.300045 
59363.907831 1.335146 
59363.939613 1.371282 
59363.971395 1.408431 
59364.003177 1.446565 
59364.034959 1.485652 
59364.066741 1.525656 
59364.098523 1.566534 
59364.130305 1.608239 
59364.162087 1.650719 
59364.193869 1.693919 
59364.225651 1.737775 
59364.257433 1.782223 
59364.289215 1.827191 
59364.320997 1.872603 
59364.352779 1.918378 
59364.384561 1.964432 
59364.416343 2.010675 
59364.448125 2.057013 
59364.479907 2.103348 
59364.511689 2.149577 
59364.543471 2.195595 
59364.575253 2.241290 
59364.607035 2.286549 
59364.638817 2.331254 
59364.670599 2.375284 
59364.702381 2.418515 
59364.734163 2.460820 
59364.765945 2.502068 
59364.797727 2.542128 
59364.829509 2.580863 
59364.861291 2.618137 
59364.893073 2.653811 
59364.924855 2.687742 
59364.956637 2.719791 
59364.988419 2.749811 
59365.020201 2.777659 
59365.051983 2.803190 
59365.083765 2.826258 
59365.115547 2.846717 
59365.147329 2.864422 
59365.179111 2.879227 
59365.210893 2.890987 
59365.242675 2.899560 
59365.274457 2.904802 
59365.306239 2.906574 
59365.338021 2.904736 
59365.369803 2.899153 
59365.401585 2.889689 
59365.433367 2.876215 
59365.465149 2.858601 
59365.496931 2.836723 
59365.528713 2.810460 
59365.560495 2.779695 
59365.592277 2.744316 
59365.624059 2.704215 
59365.655841 2.659287 
59365.687623 2.609437 
59365.719404 2.554570 
59365.751186 2.494600 
59365.782968 2.429447 
59365.814750 2.359035 
59365.846532 2.283298 
59365.878314 2.202174 
59365.910096 2.115608 
59365.941878 2.023555 
59365.973660 1.925975 
59366.005442 1.822836 
59366.037224 1.714115 
59366.069006 1.599797 
59366.100788 1.479873 
59366.132570 1.354347 
59366.164352 1.223227 
59366.196134 1.086534 
59366.227916 0.944294 
59366.259698 0.796545 
59366.291480 0.643333 
59366.323262 0.484714 
59366.355044 0.320754 
59366.386826 0.151526 
59366.418608 -0.022884 
59366.450390 -0.202383 
59366.482172 -0.386867 
59366.513954 -0.576223 
59366.545736 -0.770327 
59366.577518 -0.969046 
59366.609300 -1.172238 
59366.641082 -1.379751 
59366.672864 -1.591422 
59366.704646 -1.807079 
59366.736428 -2.026543 
59366.768210 -2.249621 
59366.799992 -2.476115 
59366.831774 -2.705816 
59366.863556 -2.938505 
59366.895338 -3.173955 
59366.927120 -3.411931 
59366.958902 -3.652190 
59366.990684 -3.894477 
59367.022466 -4.138533 
59367.054248 -4.384090 
59367.086030 -4.630871 
59367.117812 -4.878593 
59367.149594 -5.126966 
59367.181376 -5.375691 
59367.213158 -5.624466 
59367.244940 -5.872980 
59367.276722 -6.120917 
59367.308504 -6.367956 
59367.340286 -6.613770 
59367.372068 -6.858028 
59367.403850 -7.100394 
59367.435632 -7.340527 
59367.467414 -7.578085 
59367.499196 -7.812719 
59367.530978 -8.044081 
59367.562760 -8.271818 
59367.594542 -8.495576 
59367.626324 -8.714999 
59367.658106 -8.929729 
59367.689888 -9.139411 
59367.721670 -9.343685 
59367.753452 -9.542193 
59367.785234 -9.734580 
59367.817016 -9.920489 
59367.848798 -10.099566 
59367.880580 -10.271459 
59367.912362 -10.435820 
59367.944144 -10.592300 
59367.975926 -10.740559 
59368.007708 -10.880257 
59368.039490 -11.011060 
59368.071272 -11.132639 
59368.103054 -11.244670 
59368.134836 -11.346836 
59368.166618 -11.438825 
59368.198400 -11.520333 
59368.230182 -11.591064 
59368.261964 -11.650727 
59368.293746 -11.699042 
59368.325528 -11.735736 
59368.357310 -11.760548 
59368.389092 -11.773222 
59368.420873 -11.773516 
59368.452655 -11.761197 
59368.484437 -11.736042 
59368.516219 -11.697840 
59368.548001 -11.646391 
59368.579783 -11.581509 
59368.611565 -11.503018 
59368.643347 -11.410754 
59368.675129 -11.304569 
59368.706911 -11.184327 
59368.738693 -11.049903 
59368.770475 -10.901190 
59368.802257 -10.738092 
59368.834039 -10.560529 
59368.865821 -10.368435 
59368.897603 -10.161760 
59368.929385 -9.940466 
59368.961167 -9.704534 
59368.992949 -9.453958 
59369.024731 -9.188748 
59369.056513 -8.908931 
59369.088295 -8.614547 
59369.120077 -8.305653 
59369.151859 -7.982325 
59369.183641 -7.644650 
59369.215423 -7.292734 
59369.247205 -6.926699 
59369.278987 -6.546683 
59369.310769 -6.152837 
59369.342551 -5.745332 
59369.374333 -5.324353 
59369.406115 -4.890102 
59369.437897 -4.442793 
59369.469679 -3.982661 
59369.501461 -3.509952 
59369.533243 -3.024929 
59369.565025 -2.527869 
59369.596807 -2.019067 
59369.628589 -1.498827 
59369.660371 -0.967473 
59369.692153 -0.425340 
59369.723935 0.127224 
59369.755717 0.689855 
59369.787499 1.262177 
59369.819281 1.843802 
59369.851063 2.434329 
59369.882845 3.033344 
59369.914627 3.640423 
59369.946409 4.255129 
59369.978191 4.877016 
59370.009973 5.505627 
59370.041755 6.140493 
59370.073537 6.781140 
59370.105319 7.427081 
59370.137101 8.077821 
59370.168883 8.732860 
59370.200665 9.391688 
59370.232447 10.053788 
59370.264229 10.718638 
59370.296011 11.385710 
59370.327793 12.054469 
59370.359575 12.724378 
59370.391357 13.394895 
59370.423139 14.065472 
59370.454921 14.735563 
59370.486703 15.404615 
59370.518485 16.072076 
59370.550267 16.737393 
59370.582049 17.400011 
59370.613831 18.059376 
59370.645613 18.714935 
59370.677395 19.366135 
59370.709177 20.012428 
59370.740959 20.653265 
59370.772741 21.288104 
59370.804523 21.916403 
59370.836305 22.537627 
59370.868087 23.151245 
59370.899869 23.756733 
59370.931651 24.353571 
59370.963433 24.941249 
59370.995215 25.519261 
59371.026997 26.087112 
59371.058779 26.644312 
59371.090561 27.190385 
59371.122342 27.724861 
59371.154124 28.247282 
59371.185906 28.757199 
59371.217688 29.254176 
59371.249470 29.737788 
59371.281252 30.207623 
59371.313034 30.663280 
59371.344816 31.104374 
59371.376598 31.530531 
59371.408380 31.941392 
59371.440162 32.336614 
59371.471944 32.715866 
59371.503726 33.078834 
59371.535508 33.425219 
59371.567290 33.754740 
59371.599072 34.067130 
59371.630854 34.362139 
59371.662636 34.639534 
59371.694418 34.899099 
59371.726200 35.140637 
59371.757982 35.363966 
59371.789764 35.568923 
59371.821546 35.755365 
59371.853328 35.923164 
59371.885110 36.072211 
59371.916892 36.202417 
59371.948674 36.313710 
59371.980456 36.406037 
59372.012238 36.479364 
59372.044020 36.533676 
59372.075802 36.568974 
59372.107584 36.585282 
59372.139366 36.582639 
59372.171148 36.561104 
59372.202930 36.520755 
59372.234712 36.461686 
59372.266494 36.384012 
59372.298276 36.287865 
59372.330058 36.173395 
59372.361840 36.040768 
59372.393622 35.890171 
59372.425404 35.721805 
59372.457186 35.535890 
59372.488968 35.332661 
59372.520750 35.112372 
59372.552532 34.875290 
59372.584314 34.621701 
59372.616096 34.351903 
59372.647878 34.066213 
59372.679660 33.764959 
59372.711442 33.448485 
59372.743224 33.117150 
59372.775006 32.771324 
59372.806788 32.411391 
59372.838570 32.037749 
59372.870352 31.650806 
59372.902134 31.250982 
59372.933916 30.838708 
59372.965698 30.414427 
59372.997480 29.978589 
59373.029262 29.531658 
59373.061044 29.074101 
59373.092826 28.606399 
59373.124608 28.129038 
59373.156390 27.642510 
59373.188172 27.147316 
59373.219954 26.643963 
59373.251736 26.132961 
59373.283518 25.614828 
59373.315300 25.090083 
59373.347082 24.559252 
59373.378864 24.022862 
59373.410646 23.481442 
59373.442428 22.935524 
59373.474210 22.385641 
59373.505992 21.832326 
59373.537774 21.276113 
59373.569556 20.717534 
59373.601338 20.157120 
59373.633120 19.595403 
59373.664902 19.032908 
59373.696684 18.470161 
59373.728466 17.907681 
59373.760248 17.345986 
59373.792029 16.785587 
59373.823811 16.226991 
59373.855593 15.670698 
59373.887375 15.117204 
59373.919157 14.566994 
59373.950939 14.020550 
59373.982721 13.478343 
59374.014503 12.940837 
59374.046285 12.408487 
59374.078067 11.881739 
59374.109849 11.361027 
59374.141631 10.846777 
59374.173413 10.339403 
59374.205195 9.839310 
59374.236977 9.346889 
59374.268759 8.862520 
59374.300541 8.386571 
59374.332323 7.919397 
59374.364105 7.461341 
59374.395887 7.012732 
59374.427669 6.573886 
59374.459451 6.145104 
59374.491233 5.726675 
59374.523015 5.318871 
59374.554797 4.921953 
59374.586579 4.536165 
59374.618361 4.161736 
59374.650143 3.798881 
59374.681925 3.447800 
59374.713707 3.108676 
59374.745489 2.781680 
59374.777271 2.466964 
59374.809053 2.164667 
59374.840835 1.874911 
59374.872617 1.597804 
59374.904399 1.333436 
59374.936181 1.081884 
59374.967963 0.843210 
59374.999745 0.617457 
59375.031527 0.404656 
59375.063309 0.204823 
59375.095091 0.017956 
59375.126873 -0.155959 
59375.158655 -0.316953 
59375.190437 -0.465069 
59375.222219 -0.600367 
59375.254001 -0.722920 
59375.285783 -0.832814 
59375.317565 -0.930151 
59375.349347 -1.015045 
59375.381129 -1.087623 
59375.412911 -1.148025 
59375.444693 -1.196404 
59375.476475 -1.232926 
59375.508257 -1.257766 
59375.540039 -1.271115 
59375.571821 -1.273171 
59375.603603 -1.264146 
59375.635385 -1.244260 
59375.667167 -1.213745 
59375.698949 -1.172842 
59375.730731 -1.121801 
59375.762513 -1.060881 
59375.794295 -0.990349 
59375.826077 -0.910482 
59375.857859 -0.821561 
59375.889641 -0.723877 
59375.921423 -0.617727 
59375.953205 -0.503414 
59375.984987 -0.381246 
59376.016769 -0.251537 
59376.048551 -0.114605 
59376.080333 0.029225 
59376.112115 0.179629 
59376.143897 0.336274 
59376.175679 0.498830 
59376.207461 0.666959 
59376.239243 0.840325 
59376.271025 1.018589 
59376.302807 1.201411 
59376.334589 1.388451 
59376.366371 1.579369 
59376.398153 1.773824 
59376.429935 1.971478 
59376.461717 2.171992 
59376.493498 2.375031 
59376.525280 2.580261 
59376.557062 2.787351 
59376.588844 2.995971 
59376.620626 3.205798 
59376.652408 3.416511 
59376.684190 3.627792 
59376.715972 3.839330 
59376.747754 4.050818 
59376.779536 4.261953 
59376.811318 4.472440 
59376.843100 4.681988 
59376.874882 4.890314 
59376.906664 5.097141 
59376.938446 5.302199 
59376.970228 5.505224 
59377.002010 5.705963 
59377.033792 5.904167 
59377.065574 6.099597 
59377.097356 6.292022 
59377.129138 6.481220 
59377.160920 6.666976 
59377.192702 6.849086 
59377.224484 7.027353 
59377.256266 7.201592 
59377.288048 7.371624 
59377.319830 7.537282 
59377.351612 7.698408 
59377.383394 7.854853 
59377.415176 8.006479 
59377.446958 8.153157 
59377.478740 8.294768 
59377.510522 8.431202 
59377.542304 8.562362 
59377.574086 8.688157 
59377.605868 8.808509 
59377.637650 8.923348 
59377.669432 9.032616 
59377.701214 9.136263 
59377.732996 9.234249 
59377.764778 9.326545 
59377.796560 9.413129 
59377.828342 9.493991 
59377.860124 9.569130 
59377.891906 9.638553 
59377.923688 9.702277 
59377.955470 9.760328 
59377.987252 9.812740 
59378.019034 9.859556 
59378.050816 9.900827 
59378.082598 9.936614 
59378.114380 9.966982 
59378.146162 9.992009 
59378.177944 10.011775 
59378.209726 10.026372 
59378.241508 10.035895 
59378.273290 10.040449 
59378.305072 10.040143 
59378.336854 10.035094 
59378.368636 10.025423 
59378.400418 10.011259 
59378.432200 9.992734 
59378.463982 9.969986 
59378.495764 9.943157 
59378.527546 9.912396 
59378.559328 9.877853 
59378.591110 9.839682 
59378.622892 9.798042 
59378.654674 9.753095 
59378.686456 9.705004 
59378.718238 9.653937 
59378.750020 9.600062 
59378.781802 9.543549 
59378.813584 9.484572 
59378.845366 9.423304 
59378.877148 9.359918 
59378.908930 9.294589 
59378.940712 9.227493 
59378.972494 9.158805 
59379.004276 9.088699 
59379.036058 9.017350 
59379.067840 8.944930 
59379.099622 8.871610 
59379.131404 8.797563 
59379.163186 8.722954 
59379.194967 8.647952 
59379.226749 8.572720 
59379.258531 8.497418 
59379.290313 8.422207 
59379.322095 8.347240 
59379.353877 8.272671 
59379.385659 8.198646 
59379.417441 8.125312 
59379.449223 8.052808 
59379.481005 7.981271 
59379.512787 7.910833 
59379.544569 7.841621 
59379.576351 7.773758 
59379.608133 7.707361 
59379.639915 7.642544 
59379.671697 7.579414 
59379.703479 7.518073 
59379.735261 7.458618 
59379.767043 7.401140 
59379.798825 7.345725 
59379.830607 7.292453 
59379.862389 7.241397 
59379.894171 7.192627 
59379.925953 7.146204 
59379.957735 7.102186 
59379.989517 7.060622 
59380.021299 7.021557 
59380.053081 6.985031 
59380.084863 6.951075 
59380.116645 6.919717 
59380.148427 6.890978 
59380.180209 6.864872 
59380.211991 6.841409 
59380.243773 6.820592 
59380.275555 6.802420 
59380.307337 6.786885 
59380.339119 6.773973 
59380.370901 6.763667 
59380.402683 6.755942 
59380.434465 6.750769 
59380.466247 6.748115 
59380.498029 6.747941 
59380.529811 6.750203 
59380.561593 6.754853 
59380.593375 6.761840 
59380.625157 6.771106 
59380.656939 6.782591 
59380.688721 6.796230 
59380.720503 6.811955 
59380.752285 6.829694 
59380.784067 6.849373 
59380.815849 6.870913 
59380.847631 6.894234 
59380.879413 6.919252 
59380.911195 6.945881 
59380.942977 6.974033 
59380.974759 7.003618 
59381.006541 7.034544 
59381.038323 7.066718 
59381.070105 7.100045 
59381.101887 7.134429 
59381.133669 7.169774 
59381.165451 7.205983 
59381.197233 7.242959 
59381.229015 7.280602 
59381.260797 7.318817 
59381.292579 7.357506 
59381.324361 7.396572 
59381.356143 7.435919 
59381.387925 7.475453 
59381.419707 7.515079 
59381.451489 7.554706 
59381.483271 7.594242 
59381.515053 7.633599 
59381.546835 7.672691 
59381.578617 7.711432 
59381.610399 7.749741 
59381.642181 7.787537 
59381.673963 7.824745 
59381.705745 7.861290 
59381.737527 7.897102 
59381.769309 7.932113 
59381.801091 7.966259 
59381.832873 7.999481 
59381.864655 8.031720 
59381.896436 8.062924 
59381.928218 8.093045 
59381.960000 8.122037 
59381.991782 8.149859 
59382.023564 8.176475 
59382.055346 8.201853 
59382.087128 8.225965 
59382.118910 8.248786 
59382.150692 8.270299 
59382.182474 8.290489 
59382.214256 8.309346 
59382.246038 8.326865 
59382.277820 8.343045 
59382.309602 8.357890 
59382.341384 8.371410 
59382.373166 8.383616 
59382.404948 8.394528 
59382.436730 8.404167 
59382.468512 8.412560 
59382.500294 8.419739 
59382.532076 8.425739 
59382.563858 8.430600 
59382.595640 8.434366 
59382.627422 8.437086 
59382.659204 8.438812 
59382.690986 8.439600 
59382.722768 8.439511 
59382.754550 8.438608 
59382.786332 8.436959 
59382.818114 8.434634 
59382.849896 8.431708 
59382.881678 8.428258 
59382.913460 8.424363 
59382.945242 8.420107 
59382.977024 8.415575 
59383.008806 8.410856 
59383.040588 8.406039 
59383.072370 8.401216 
59383.104152 8.396483 
59383.135934 8.391934 
59383.167716 8.387667 
59383.199498 8.383780 
59383.231280 8.380373 
59383.263062 8.377546 
59383.294844 8.375400 
59383.326626 8.374037 
59383.358408 8.373557 
59383.390190 8.374063 
59383.421972 8.375655 
59383.453754 8.378434 
59383.485536 8.382500 
59383.517318 8.387951 
59383.549100 8.394886 
59383.580882 8.403400 
59383.612664 8.413589 
59383.644446 8.425545 
59383.676228 8.439359 
59383.708010 8.455120 
59383.739792 8.472913 
59383.771574 8.492821 
59383.803356 8.514926 
59383.835138 8.539304 
59383.866920 8.566029 
59383.898702 8.595172 
59383.930484 8.626800 
59383.962266 8.660975 
59383.994048 8.697756 
59384.025830 8.737199 
59384.057612 8.779353 
59384.089394 8.824265 
59384.121176 8.871976 
59384.152958 8.922522 
59384.184740 8.975935 
59384.216522 9.032241 
59384.248304 9.091462 
59384.280086 9.153615 
59384.311868 9.218709 
59384.343650 9.286750 
59384.375432 9.357738 
59384.407214 9.431669 
59384.438996 9.508529 
59384.470778 9.588303 
59384.502560 9.670967 
59384.534342 9.756494 
59384.566124 9.844849 
59384.597905 9.935993 
59384.629687 10.029880 
59384.661469 10.126458 
59384.693251 10.225670 
59384.725033 10.327455 
59384.756815 10.431743 
59384.788597 10.538461 
59384.820379 10.647529 
59384.852161 10.758862 
59384.883943 10.872371 
59384.915725 10.987960 
59384.947507 11.105528 
59384.979289 11.224970 
59385.011071 11.346176 
59385.042853 11.469030 
59385.074635 11.593413 
59385.106417 11.719200 
59385.138199 11.846263 
59385.169981 11.974470 
59385.201763 12.103683 
59385.233545 12.233762 
59385.265327 12.364563 
59385.297109 12.495940 
59385.328891 12.627742 
59385.360673 12.759815 
59385.392455 12.892003 
59385.424237 13.024149 
59385.456019 13.156090 
59385.487801 13.287665 
59385.519583 13.418709 
59385.551365 13.549056 
59385.583147 13.678538 
59385.614929 13.806988 
59385.646711 13.934237 
59385.678493 14.060114 
59385.710275 14.184450 
59385.742057 14.307077 
59385.773839 14.427823 
59385.805621 14.546522 
59385.837403 14.663005 
59385.869185 14.777105 
59385.900967 14.888658 
59385.932749 14.997500 
59385.964531 15.103469 
59385.996313 15.206406 
59386.028095 15.306156 
59386.059877 15.402563 
59386.091659 15.495476 
59386.123441 15.584749 
59386.155223 15.670238 
59386.187005 15.751801 
59386.218787 15.829304 
59386.250569 15.902613 
59386.282351 15.971603 
59386.314133 16.036150 
59386.345915 16.096137 
59386.377697 16.151452 
59386.409479 16.201987 
59386.441261 16.247643 
59386.473043 16.288322 
59386.504825 16.323936 
59386.536607 16.354403 
59386.568389 16.379643 
59386.600171 16.399589 
59386.631953 16.414176 
59386.663735 16.423347 
59386.695517 16.427052 
59386.727299 16.425249 
59386.759081 16.417903 
59386.790863 16.404984 
59386.822645 16.386473 
59386.854427 16.362355 
59386.886209 16.332625 
59386.917991 16.297285 
59386.949773 16.256344 
59386.981555 16.209818 
59387.013337 16.157733 
59387.045119 16.100122 
59387.076901 16.037023 
59387.108683 15.968486 
59387.140465 15.894565 
59387.172247 15.815323 
59387.204029 15.730831 
59387.235811 15.641167 
59387.267593 15.546417 
59387.299374 15.446674 
59387.331156 15.342037 
59387.362938 15.232614 
59387.394720 15.118520 
59387.426502 14.999874 
59387.458284 14.876806 
59387.490066 14.749449 
59387.521848 14.617945 
59387.553630 14.482440 
59387.585412 14.343087 
59387.617194 14.200047 
59387.648976 14.053482 
59387.680758 13.903564 
59387.712540 13.750467 
59387.744322 13.594372 
59387.776104 13.435463 
59387.807886 13.273930 
59387.839668 13.109966 
59387.871450 12.943770 
59387.903232 12.775541 
59387.935014 12.605485 
59387.966796 12.433809 
59387.998578 12.260724 
59388.030360 12.086442 
59388.062142 11.911179 
59388.093924 11.735150 
59388.125706 11.558576 
59388.157488 11.381675 
59388.189270 11.204668 
59388.221052 11.027776 
59388.252834 10.851221 
59388.284616 10.675224 
59388.316398 10.500006 
59388.348180 10.325788 
59388.379962 10.152788 
59388.411744 9.981224 
59388.443526 9.811313 
59388.475308 9.643267 
59388.507090 9.477300 
59388.538872 9.313620 
59388.570654 9.152432 
59388.602436 8.993939 
59388.634218 8.838341 
59388.666000 8.685831 
59388.697782 8.536601 
59388.729564 8.390836 
59388.761346 8.248717 
59388.793128 8.110421 
59388.824910 7.976118 
59388.856692 7.845972 
59388.888474 7.720142 
59388.920256 7.598781 
59388.952038 7.482034 
59388.983820 7.370041 
59389.015602 7.262933 
59389.047384 7.160836 
59389.079166 7.063866 
59389.110948 6.972135 
59389.142730 6.885742 
59389.174512 6.804784 
59389.206294 6.729344 
59389.238076 6.659501 
59389.269858 6.595323 
59389.301640 6.536871 
59389.333422 6.484195 
59389.365204 6.437338 
59389.396986 6.396334 
59389.428768 6.361208 
59389.460550 6.331973 
59389.492332 6.308636 
59389.524114 6.291195 
59389.555896 6.279636 
59389.587678 6.273937 
59389.619460 6.274068 
59389.651242 6.279988 
59389.683024 6.291647 
59389.714806 6.308985 
59389.746588 6.331935 
59389.778370 6.360420 
59389.810152 6.394352 
59389.841934 6.433636 
59389.873716 6.478168 
59389.905498 6.527834 
59389.937280 6.582513 
59389.969061 6.642074 
59390.000843 6.706378 
59390.032625 6.775280 
59390.064407 6.848623 
59390.096189 6.926246 
59390.127971 7.007978 
59390.159753 7.093641 
59390.191535 7.183050 
59390.223317 7.276015 
59390.255099 7.372336 
59390.286881 7.471808 
59390.318663 7.574221 
59390.350445 7.679358 
59390.382227 7.786997 
59390.414009 7.896909 
59390.445791 8.008863 
59390.477573 8.122622 
59390.509355 8.237942 
59390.541137 8.354580 
59390.572919 8.472286 
59390.604701 8.590807 
59390.636483 8.709888 
59390.668265 8.829271 
59390.700047 8.948695 
59390.731829 9.067899 
59390.763611 9.186618 
59390.795393 9.304588 
59390.827175 9.421544 
59390.858957 9.537218 
59390.890739 9.651346 
59390.922521 9.763661 
59390.954303 9.873898 
59390.986085 9.981795 
59391.017867 10.087088 
59391.049649 10.189517 
59391.081431 10.288824 
59391.113213 10.384753 
59391.144995 10.477053 
59391.176777 10.565473 
59391.208559 10.649768 
59391.240341 10.729698 
59391.272123 10.805025 
59391.303905 10.875517 
59391.335687 10.940947 
59391.367469 11.001094 
59391.399251 11.055743 
59391.431033 11.104684 
59391.462815 11.147713 
59391.494597 11.184635 
59391.526379 11.215261 
59391.558161 11.239409 
59391.589943 11.256904 
59391.621725 11.267581 
59391.653507 11.271282 
59391.685289 11.267856 
59391.717071 11.257163 
59391.748853 11.239071 
59391.780635 11.213457 
59391.812417 11.180207 
59391.844199 11.139217 
59391.875981 11.090392 
59391.907763 11.033648 
59391.939545 10.968911 
59391.971327 10.896115 
59392.003109 10.815206 
59392.034891 10.726141 
59392.066673 10.628886 
59392.098455 10.523417 
59392.130237 10.409724 
59392.162019 10.287803 
59392.193801 10.157665 
59392.225583 10.019329 
59392.257365 9.872824 
59392.289147 9.718194 
59392.320929 9.555489 
59392.352711 9.384772 
59392.384493 9.206117 
59392.416275 9.019607 
59392.448057 8.825336 
59392.479839 8.623410 
59392.511621 8.413942 
59392.543403 8.197059 
59392.575185 7.972895 
59392.606967 7.741596 
59392.638749 7.503315 
59392.670530 7.258218 
59392.702312 7.006478 
59392.734094 6.748277 
59392.765876 6.483808 
59392.797658 6.213270 
59392.829440 5.936873 
59392.861222 5.654833 
59392.893004 5.367376 
59392.924786 5.074734 
59392.956568 4.777147 
59392.988350 4.474862 
59393.020132 4.168134 
59393.051914 3.857222 
59393.083696 3.542393 
59393.115478 3.223920 
59393.147260 2.902080 
59393.179042 2.577157 
59393.210824 2.249437 
59393.242606 1.919214 
59393.274388 1.586784 
59393.306170 1.252446 
59393.337952 0.916504 
59393.369734 0.579264 
59393.401516 0.241034 
59393.433298 -0.097873 
59393.465080 -0.437147 
59393.496862 -0.776472 
59393.528644 -1.115535 
59393.560426 -1.454018 
59393.592208 -1.791607 
59393.623990 -2.127986 
59393.655772 -2.462840 
59393.687554 -2.795856 
59393.719336 -3.126720 
59393.751118 -3.455122 
59393.782900 -3.780755 
59393.814682 -4.103310 
59393.846464 -4.422487 
59393.878246 -4.737986 
59393.910028 -5.049509 
59393.941810 -5.356767 
59393.973592 -5.659471 
59394.005374 -5.957338 
59394.037156 -6.250093 
59394.068938 -6.537462 
59394.100720 -6.819180 
59394.132502 -7.094988 
59394.164284 -7.364631 
59394.196066 -7.627863 
59394.227848 -7.884445 
59394.259630 -8.134145 
59394.291412 -8.376738 
59394.323194 -8.612009 
59394.354976 -8.839748 
59394.386758 -9.059757 
59394.418540 -9.271843 
59394.450322 -9.475826 
59394.482104 -9.671532 
59394.513886 -9.858797 
59394.545668 -10.037467 
59394.577450 -10.207398 
59394.609232 -10.368455 
59394.641014 -10.520513 
59394.672796 -10.663458 
59394.704578 -10.797186 
59394.736360 -10.921603 
59394.768142 -11.036625 
59394.799924 -11.142179 
59394.831706 -11.238204 
59394.863488 -11.324647 
59394.895270 -11.401467 
59394.927052 -11.468635 
59394.958834 -11.526130 
59394.990616 -11.573944 
59395.022398 -11.612078 
59395.054180 -11.640546 
59395.085962 -11.659369 
59395.117744 -11.668582 
59395.149526 -11.668228 
59395.181308 -11.658363 
59395.213090 -11.639049 
59395.244872 -11.610364 
59395.276654 -11.572390 
59395.308436 -11.525224 
59395.340218 -11.468968 
59395.371999 -11.403738 
59395.403781 -11.329656 
59395.435563 -11.246855 
59395.467345 -11.155476 
59395.499127 -11.055670 
59395.530909 -10.947595 
59395.562691 -10.831418 
59395.594473 -10.707314 
59395.626255 -10.575466 
59395.658037 -10.436065 
59395.689819 -10.289307 
59395.721601 -10.135398 
59395.753383 -9.974548 
59395.785165 -9.806975 
59395.816947 -9.632903 
59395.848729 -9.452561 
59395.880511 -9.266184 
59395.912293 -9.074011 
59395.944075 -8.876287 
59395.975857 -8.673262 
59396.007639 -8.465189 
59396.039421 -8.252324 
59396.071203 -8.034927 
59396.102985 -7.813263 
59396.134767 -7.587596 
59396.166549 -7.358196 
59396.198331 -7.125333 
59396.230113 -6.889279 
59396.261895 -6.650307 
59396.293677 -6.408691 
59396.325459 -6.164706 
59396.357241 -5.918627 
59396.389023 -5.670728 
59396.420805 -5.421284 
59396.452587 -5.170569 
59396.484369 -4.918854 
59396.516151 -4.666410 
59396.547933 -4.413505 
59396.579715 -4.160408 
59396.611497 -3.907380 
59396.643279 -3.654684 
59396.675061 -3.402577 
59396.706843 -3.151314 
59396.738625 -2.901145 
59396.770407 -2.652318 
59396.802189 -2.405073 
59396.833971 -2.159649 
59396.865753 -1.916277 
59396.897535 -1.675186 
59396.929317 -1.436598 
59396.961099 -1.200727 
59396.992881 -0.967785 
59397.024663 -0.737974 
59397.056445 -0.511494 
59397.088227 -0.288535 
59397.120009 -0.069281 
59397.151791 0.146091 
59397.183573 0.357411 
59397.215355 0.564516 
59397.247137 0.767251 
59397.278919 0.965467 
59397.310701 1.159027 
59397.342483 1.347796 
59397.374265 1.531652 
59397.406047 1.710478 
59397.437829 1.884167 
59397.469611 2.052618 
59397.501393 2.215740 
59397.533175 2.373451 
59397.564957 2.525676 
59397.596739 2.672347 
59397.628521 2.813407 
59397.660303 2.948807 
59397.692085 3.078504 
59397.723867 3.202467 
59397.755649 3.320669 
59397.787431 3.433095 
59397.819213 3.539736 
59397.850995 3.640591 
59397.882777 3.735669 
59397.914559 3.824985 
59397.946341 3.908562 
59397.978123 3.986431 
59398.009905 4.058630 
59398.041687 4.125206 
59398.073468 4.186212 
59398.105250 4.241708 
59398.137032 4.291761 
59398.168814 4.336445 
59398.200596 4.375841 
59398.232378 4.410035 
59398.264160 4.439120 
59398.295942 4.463196 
59398.327724 4.482367 
59398.359506 4.496744 
59398.391288 4.506442 
59398.423070 4.511582 
59398.454852 4.512289 
59398.486634 4.508693 
59398.518416 4.500929 
59398.550198 4.489136 
59398.581980 4.473455 
59398.613762 4.454033 
59398.645544 4.431018 
59398.677326 4.404563 
59398.709108 4.374823 
59398.740890 4.341956 
59398.772672 4.306120 
59398.804454 4.267479 
59398.836236 4.226194 
59398.868018 4.182432 
59398.899800 4.136357 
59398.931582 4.088137 
59398.963364 4.037939 
59398.995146 3.985930 
59399.026928 3.932279 
59399.058710 3.877152 
59399.090492 3.820717 
59399.122274 3.763140 
59399.154056 3.704587 
59399.185838 3.645221 
59399.217620 3.585206 
59399.249402 3.524702 
59399.281184 3.463867 
59399.312966 3.402860 
59399.344748 3.341833 
59399.376530 3.280939 
59399.408312 3.220327 
59399.440094 3.160142 
59399.471876 3.100527 
59399.503658 3.041621 
59399.535440 2.983560 
59399.567222 2.926474 
59399.599004 2.870492 
59399.630786 2.815738 
59399.662568 2.762330 
59399.694350 2.710383 
59399.726132 2.660008 
59399.757914 2.611309 
59399.789696 2.564389 
59399.821478 2.519341 
59399.853260 2.476258 
59399.885042 2.435225 
59399.916824 2.396321 
59399.948606 2.359623 
59399.980388 2.325200 
59400.012170 2.293117 
59400.043952 2.263431 
59400.075734 2.236198 
59400.107516 2.211465 
59400.139298 2.189274 
59400.171080 2.169662 
59400.202862 2.152662 
59400.234644 2.138298 
59400.266426 2.126592 
59400.298208 2.117558 
59400.329990 2.111206 
59400.361772 2.107540 
59400.393554 2.106560 
59400.425336 2.108259 
59400.457118 2.112625 
59400.488900 2.119643 
59400.520682 2.129290 
59400.552464 2.141541 
59400.584246 2.156363 
59400.616028 2.173722 
59400.647810 2.193577 
59400.679592 2.215882 
59400.711374 2.240590 
59400.743156 2.267645 
59400.774937 2.296992 
59400.806719 2.328569 
59400.838501 2.362311 
59400.870283 2.398149 
59400.902065 2.436012 
59400.933847 2.475824 
59400.965629 2.517508 
59400.997411 2.560981 
59401.029193 2.606161 
59401.060975 2.652961 
59401.092757 2.701293 
59401.124539 2.751065 
59401.156321 2.802186 
59401.188103 2.854560 
59401.219885 2.908091 
59401.251667 2.962683 
59401.283449 3.018236 
59401.315231 3.074650 
59401.347013 3.131827 
59401.378795 3.189663 
59401.410577 3.248059 
59401.442359 3.306912 
59401.474141 3.366120 
59401.505923 3.425583 
59401.537705 3.485199 
59401.569487 3.544866 
59401.601269 3.604487 
59401.633051 3.663960 
59401.664833 3.723189 
59401.696615 3.782076 
59401.728397 3.840527 
59401.760179 3.898447 
59401.791961 3.955744 
59401.823743 4.012329 
59401.855525 4.068112 
59401.887307 4.123009 
59401.919089 4.176934 
59401.950871 4.229808 
59401.982653 4.281552 
59402.014435 4.332089 
59402.046217 4.381347 
59402.077999 4.429254 
59402.109781 4.475745 
59402.141563 4.520755 
59402.173345 4.564223 
59402.205127 4.606092 
59402.236909 4.646308 
59402.268691 4.684819 
59402.300473 4.721580 
59402.332255 4.756545 
59402.364037 4.789676 
59402.395819 4.820936 
59402.427601 4.850292 
59402.459383 4.877716 
59402.491165 4.903183 
59402.522947 4.926670 
59402.554729 4.948161 
59402.586511 4.967642 
59402.618293 4.985103 
59402.650075 5.000537 
59402.681857 5.013942 
59402.713639 5.025320 
59402.745421 5.034675 
59402.777203 5.042015 
59402.808985 5.047354 
59402.840767 5.050705 
59402.872549 5.052090 
59402.904331 5.051529 
59402.936113 5.049050 
59402.967895 5.044680 
59402.999677 5.038454 
59403.031459 5.030405 
59403.063241 5.020573 
59403.095023 5.008998 
59403.126805 4.995726 
59403.158587 4.980803 
59403.190369 4.964279 
59403.222151 4.946206 
59403.253933 4.926638 
59403.285715 4.905632 
59403.317497 4.883246 
59403.349279 4.859543 
59403.381061 4.834584 
59403.412843 4.808434 
59403.444624 4.781160 
59403.476406 4.752828 
59403.508188 4.723509 
59403.539970 4.693272 
59403.571752 4.662188 
59403.603534 4.630331 
59403.635316 4.597774 
59403.667098 4.564590 
59403.698880 4.530853 
59403.730662 4.496640 
59403.762444 4.462024 
59403.794226 4.427082 
59403.826008 4.391888 
59403.857790 4.356519 
59403.889572 4.321048 
59403.921354 4.285551 
59403.953136 4.250102 
59403.984918 4.214775 
59404.016700 4.179643 
59404.048482 4.144777 
59404.080264 4.110248 
59404.112046 4.076128 
59404.143828 4.042484 
59404.175610 4.009384 
59404.207392 3.976895 
59404.239174 3.945082 
59404.270956 3.914007 
59404.302738 3.883733 
59404.334520 3.854320 
59404.366302 3.825825 
59404.398084 3.798305 
59404.429866 3.771814 
59404.461648 3.746405 
59404.493430 3.722129 
59404.525212 3.699034 
59404.556994 3.677165 
59404.588776 3.656568 
59404.620558 3.637283 
59404.652340 3.619351 
59404.684122 3.602809 
59404.715904 3.587692 
59404.747686 3.574033 
59404.779468 3.561863 
59404.811250 3.551210 
59404.843032 3.542099 
59404.874814 3.534555 
59404.906596 3.528599 
59404.938378 3.524250 
59404.970160 3.521525 
59405.001942 3.520439 
59405.033724 3.521005 
59405.065506 3.523232 
59405.097288 3.527130 
59405.129070 3.532705 
59405.160852 3.539961 
59405.192634 3.548900 
59405.224416 3.559523 
59405.256198 3.571829 
59405.287980 3.585815 
59405.319762 3.601475 
59405.351544 3.618804 
59405.383326 3.637794 
59405.415108 3.658435 
59405.446890 3.680716 
59405.478672 3.704626 
59405.510454 3.730151 
59405.542236 3.757277 
59405.574018 3.785987 
59405.605800 3.816267 
59405.637582 3.848097 
59405.669364 3.881461 
59405.701146 3.916338 
59405.732928 3.952710 
59405.764710 3.990557 
59405.796492 4.029858 
59405.828274 4.070592 
59405.860056 4.112738 
59405.891838 4.156275 
59405.923620 4.201182 
59405.955402 4.247436 
59405.987184 4.295017 
59406.018966 4.343903 
59406.050748 4.394074 
59406.082530 4.445508 
59406.114312 4.498186 
59406.146093 4.552087 
59406.177875 4.607192 
59406.209657 4.663483 
59406.241439 4.720940 
59406.273221 4.779546 
59406.305003 4.839285 
59406.336785 4.900141 
59406.368567 4.962098 
59406.400349 5.025141 
59406.432131 5.089258 
59406.463913 5.154436 
59406.495695 5.220663 
59406.527477 5.287928 
59406.559259 5.356222 
59406.591041 5.425536 
59406.622823 5.495862 
59406.654605 5.567193 
59406.686387 5.639524 
59406.718169 5.712850 
59406.749951 5.787167 
59406.781733 5.862472 
59406.813515 5.938763 
59406.845297 6.016038 
59406.877079 6.094298 
59406.908861 6.173542 
59406.940643 6.253772 
59406.972425 6.334990 
59407.004207 6.417198 
59407.035989 6.500399 
59407.067771 6.584596 
59407.099553 6.669793 
59407.131335 6.755995 
59407.163117 6.843205 
59407.194899 6.931429 
59407.226681 7.020670 
59407.258463 7.110933 
59407.290245 7.202222 
59407.322027 7.294542 
59407.353809 7.387896 
59407.385591 7.482288 
59407.417373 7.577719 
59407.449155 7.674192 
59407.480937 7.771708 
59407.512719 7.870266 
59407.544501 7.969866 
59407.576283 8.070505 
59407.608065 8.172180 
59407.639847 8.274885 
59407.671629 8.378614 
59407.703411 8.483357 
59407.735193 8.589105 
59407.766975 8.695845 
59407.798757 8.803562 
59407.830539 8.912238 
59407.862321 9.021856 
59407.894103 9.132392 
59407.925885 9.243822 
59407.957667 9.356118 
59407.989449 9.469249 
59408.021231 9.583183 
59408.053013 9.697881 
59408.084795 9.813304 
59408.116577 9.929408 
59408.148359 10.046146 
59408.180141 10.163467 
59408.211923 10.281317 
59408.243705 10.399635 
59408.275487 10.518361 
59408.307269 10.637427 
59408.339051 10.756763 
59408.370833 10.876294 
59408.402615 10.995940 
59408.434397 11.115617 
59408.466179 11.235238 
59408.497961 11.354711 
59408.529743 11.473937 
59408.561525 11.592816 
59408.593307 11.711242 
59408.625089 11.829103 
59408.656871 11.946284 
59408.688653 12.062665 
59408.720435 12.178121 
59408.752217 12.292524 
59408.783999 12.405740 
59408.815781 12.517629 
59408.847562 12.628051 
59408.879344 12.736856 
59408.911126 12.843893 
59408.942908 12.949007 
59408.974690 13.052037 
59409.006472 13.152819 
59409.038254 13.251184 
59409.070036 13.346960 
59409.101818 13.439971 
59409.133600 13.530036 
59409.165382 13.616972 
59409.197164 13.700592 
59409.228946 13.780706 
59409.260728 13.857120 
59409.292510 13.929639 
59409.324292 13.998062 
59409.356074 14.062189 
59409.387856 14.121815 
59409.419638 14.176735 
59409.451420 14.226739 
59409.483202 14.271619 
59409.514984 14.311163 
59409.546766 14.345159 
59409.578548 14.373393 
59409.610330 14.395651 
59409.642112 14.411718 
59409.673894 14.421379 
59409.705676 14.424420 
59409.737458 14.420626 
59409.769240 14.409783 
59409.801022 14.391679 
59409.832804 14.366102 
59409.864586 14.332842 
59409.896368 14.291690 
59409.928150 14.242442 
59409.959932 14.184892 
59409.991714 14.118841 
59410.023496 14.044091 
59410.055278 13.960448 
59410.087060 13.867721 
59410.118842 13.765723 
59410.150624 13.654274 
59410.182406 13.533196 
59410.214188 13.402317 
59410.245970 13.261469 
59410.277752 13.110492 
59410.309534 12.949232 
59410.341316 12.777538 
59410.373098 12.595270 
59410.404880 12.402291 
59410.436662 12.198475 
59410.468444 11.983700 
59410.500226 11.757855 
59410.532008 11.520836 
59410.563790 11.272545 
59410.595572 11.012897 
59410.627354 10.741813 
59410.659136 10.459224 
59410.690918 10.165071 
59410.722700 9.859304 
59410.754482 9.541884 
59410.786264 9.212780 
59410.818046 8.871975 
59410.849828 8.519459 
59410.881610 8.155235 
59410.913392 7.779317 
59410.945174 7.391728 
59410.976956 6.992506 
59411.008738 6.581697 
59411.040520 6.159361 
59411.072302 5.725568 
59411.104084 5.280401 
59411.135866 4.823955 
59411.167648 4.356337 
59411.199430 3.877665 
59411.231212 3.388071 
59411.262994 2.887696 
59411.294776 2.376698 
59411.326558 1.855244 
59411.358340 1.323512 
59411.390122 0.781696 
59411.421904 0.230000 
59411.453686 -0.331361 
59411.485468 -0.902157 
59411.517250 -1.482149 
59411.549031 -2.071085 
59411.580813 -2.668701 
59411.612595 -3.274722 
59411.644377 -3.888860 
59411.676159 -4.510818 
59411.707941 -5.140287 
59411.739723 -5.776946 
59411.771505 -6.420466 
59411.803287 -7.070505 
59411.835069 -7.726712 
59411.866851 -8.388726 
59411.898633 -9.056177 
59411.930415 -9.728683 
59411.962197 -10.405856 
59411.993979 -11.087299 
59412.025761 -11.772605 
59412.057543 -12.461360 
59412.089325 -13.153141 
59412.121107 -13.847521 
59412.152889 -14.544062 
59412.184671 -15.242322 
59412.216453 -15.941852 
59412.248235 -16.642198 
59412.280017 -17.342900 
59412.311799 -18.043495 
59412.343581 -18.743512 
59412.375363 -19.442479 
59412.407145 -20.139920 
59412.438927 -20.835357 
59412.470709 -21.528307 
59412.502491 -22.218286 
59412.534273 -22.904811 
59412.566055 -23.587394 
59412.597837 -24.265549 
59412.629619 -24.938791 
59412.661401 -25.606632 
59412.693183 -26.268588 
59412.724965 -26.924177 
59412.756747 -27.572916 
59412.788529 -28.214327 
59412.820311 -28.847936 
59412.852093 -29.473270 
59412.883875 -30.089861 
59412.915657 -30.697248 
59412.947439 -31.294973 
59412.979221 -31.882583 
59413.011003 -32.459635 
59413.042785 -33.025687 
59413.074567 -33.580310 
59413.106349 -34.123080 
59413.138131 -34.653581 
59413.169913 -35.171407 
59413.201695 -35.676159 
59413.233477 -36.167451 
59413.265259 -36.644903 
59413.297041 -37.108150 
59413.328823 -37.556835 
59413.360605 -37.990612 
59413.392387 -38.409149 
59413.424169 -38.812126 
59413.455951 -39.199233 
59413.487733 -39.570176 
59413.519515 -39.924672 
59413.551297 -40.262454 
59413.583079 -40.583267 
59413.614861 -40.886870 
59413.646643 -41.173039 
59413.678425 -41.441562 
59413.710207 -41.692245 
59413.741989 -41.924906 
59413.773771 -42.139383 
59413.805553 -42.335524 
59413.837335 -42.513199 
59413.869117 -42.672290 
59413.900899 -42.812697 
59413.932681 -42.934335 
59413.964463 -43.037138 
59413.996245 -43.121055 
59414.028027 -43.186051 
59414.059809 -43.232110 
59414.091591 -43.259230 
59414.123373 -43.267428 
59414.155155 -43.256737 
59414.186937 -43.227206 
59414.218719 -43.178902 
59414.250500 -43.111909 
59414.282282 -43.026325 
59414.314064 -42.922266 
59414.345846 -42.799866 
59414.377628 -42.659272 
59414.409410 -42.500649 
59414.441192 -42.324177 
59414.472974 -42.130052 
59414.504756 -41.918484 
59414.536538 -41.689701 
59414.568320 -41.443943 
59414.600102 -41.181465 
59414.631884 -40.902538 
59414.663666 -40.607445 
59414.695448 -40.296484 
59414.727230 -39.969965 
59414.759012 -39.628210 
59414.790794 -39.271558 
59414.822576 -38.900354 
59414.854358 -38.514959 
59414.886140 -38.115743 
59414.917922 -37.703089 
59414.949704 -37.277388 
59414.981486 -36.839042 
59415.013268 -36.388462 
59415.045050 -35.926068 
59415.076832 -35.452289 
59415.108614 -34.967561 
59415.140396 -34.472329 
59415.172178 -33.967041 
59415.203960 -33.452157 
59415.235742 -32.928137 
59415.267524 -32.395451 
59415.299306 -31.854571 
59415.331088 -31.305973 
59415.362870 -30.750138 
59415.394652 -30.187550 
59415.426434 -29.618693 
59415.458216 -29.044057 
59415.489998 -28.464129 
59415.521780 -27.879399 
59415.553562 -27.290357 
59415.585344 -26.697493 
59415.617126 -26.101295 
59415.648908 -25.502250 
59415.680690 -24.900844 
59415.712472 -24.297558 
59415.744254 -23.692872 
59415.776036 -23.087261 
59415.807818 -22.481196 
59415.839600 -21.875144 
59415.871382 -21.269567 
59415.903164 -20.664920 
59415.934946 -20.061652 
59415.966728 -19.460206 
59415.998510 -18.861017 
59416.030292 -18.264513 
59416.062074 -17.671114 
59416.093856 -17.081229 
59416.125638 -16.495263 
59416.157420 -15.913607 
59416.189202 -15.336644 
59416.220984 -14.764746 
59416.252766 -14.198278 
59416.284548 -13.637588 
59416.316330 -13.083019 
59416.348112 -12.534898 
59416.379894 -11.993543 
59416.411676 -11.459258 
59416.443458 -10.932336 
59416.475240 -10.413058 
59416.507022 -9.901689 
59416.538804 -9.398485 
59416.570586 -8.903687 
59416.602368 -8.417522 
59416.634150 -7.940204 
59416.665932 -7.471935 
59416.697714 -7.012901 
59416.729496 -6.563276 
59416.761278 -6.123218 
59416.793060 -5.692874 
59416.824842 -5.272374 
59416.856624 -4.861838 
59416.888406 -4.461367 
59416.920188 -4.071052 
59416.951969 -3.690970 
59416.983751 -3.321182 
59417.015533 -2.961736 
59417.047315 -2.612670 
59417.079097 -2.274003 
59417.110879 -1.945744 
59417.142661 -1.627889 
59417.174443 -1.320420 
59417.206225 -1.023307 
59417.238007 -0.736507 
59417.269789 -0.459966 
59417.301571 -0.193615 
59417.333353 0.062622 
59417.365135 0.308837 
59417.396917 0.545131 
59417.428699 0.771616 
59417.460481 0.988414 
59417.492263 1.195659 
59417.524045 1.393492 
59417.555827 1.582067 
59417.587609 1.761543 
59417.619391 1.932091 
59417.651173 2.093889 
59417.682955 2.247124 
59417.714737 2.391987 
59417.746519 2.528681 
59417.778301 2.657412 
59417.810083 2.778394 
59417.841865 2.891846 
59417.873647 2.997992 
59417.905429 3.097063 
59417.937211 3.189291 
59417.968993 3.274915 
59418.000775 3.354176 
59418.032557 3.427318 
59418.064339 3.494588 
59418.096121 3.556236 
59418.127903 3.612513 
59418.159685 3.663670 
59418.191467 3.709960 
59418.223249 3.751637 
59418.255031 3.788954 
59418.286813 3.822163 
59418.318595 3.851516 
59418.350377 3.877264 
59418.382159 3.899654 
59418.413941 3.918933 
59418.445723 3.935345 
59418.477505 3.949129 
59418.509287 3.960524 
59418.541069 3.969762 
59418.572851 3.977072 
59418.604633 3.982680 
59418.636415 3.986804 
59418.668197 3.989660 
59418.699979 3.991457 
59418.731761 3.992397 
59418.763543 3.992679 
59418.795325 3.992492 
59418.827107 3.992022 
59418.858889 3.991444 
59418.890671 3.990931 
59418.922453 3.990644 
59418.954235 3.990738 
59418.986017 3.991362 
59419.017799 3.992655 
59419.049581 3.994749 
59419.081363 3.997767 
59419.113145 4.001825 
59419.144927 4.007029 
59419.176709 4.013478 
59419.208491 4.021262 
59419.240273 4.030463 
59419.272055 4.041152 
59419.303837 4.053394 
59419.335619 4.067245 
59419.367401 4.082751 
59419.399183 4.099951 
59419.430965 4.118875 
59419.462747 4.139544 
59419.494529 4.161972 
59419.526311 4.186162 
59419.558093 4.212113 
59419.589875 4.239812 
59419.621656 4.269241 
59419.653438 4.300373 
59419.685220 4.333174 
59419.717002 4.367603 
59419.748784 4.403611 
59419.780566 4.441143 
59419.812348 4.480137 
59419.844130 4.520525 
59419.875912 4.562233 
59419.907694 4.605179 
59419.939476 4.649280 
59419.971258 4.694443 
59420.003040 4.740573 
59420.034822 4.787569 
59420.066604 4.835328 
59420.098386 4.883739 
59420.130168 4.932691 
59420.161950 4.982068 
59420.193732 5.031751 
59420.225514 5.081619 
59420.257296 5.131549 
59420.289078 5.181416 
59420.320860 5.231093 
59420.352642 5.280451 
59420.384424 5.329362 
59420.416206 5.377698 
59420.447988 5.425328 
59420.479770 5.472125 
59420.511552 5.517959 
59420.543334 5.562705 
59420.575116 5.606237 
59420.606898 5.648431 
59420.638680 5.689165 
59420.670462 5.728320 
59420.702244 5.765781 
59420.734026 5.801434 
59420.765808 5.835170 
59420.797590 5.866883 
59420.829372 5.896472 
59420.861154 5.923839 
59420.892936 5.948894 
59420.924718 5.971548 
59420.956500 5.991720 
59420.988282 6.009333 
59421.020064 6.024318 
59421.051846 6.036610 
59421.083628 6.046151 
59421.115410 6.052890 
59421.147192 6.056783 
59421.178974 6.057792 
59421.210756 6.055886 
59421.242538 6.051042 
59421.274320 6.043244 
59421.306102 6.032484 
59421.337884 6.018762 
59421.369666 6.002084 
59421.401448 5.982465 
59421.433230 5.959928 
59421.465012 5.934505 
59421.496794 5.906233 
59421.528576 5.875159 
59421.560358 5.841339 
59421.592140 5.804833 
59421.623922 5.765714 
59421.655704 5.724059 
59421.687486 5.679955 
59421.719268 5.633494 
59421.751050 5.584779 
59421.782832 5.533918 
59421.814614 5.481026 
59421.846396 5.426229 
59421.878178 5.369654 
59421.909960 5.311439 
59421.941742 5.251728 
59421.973524 5.190670 
59422.005306 5.128421 
59422.037088 5.065143 
59422.068870 5.001002 
59422.100652 4.936172 
59422.132434 4.870829 
59422.164216 4.805156 
59422.195998 4.739339 
59422.227780 4.673569 
59422.259562 4.608040 
59422.291344 4.542949 
59422.323125 4.478496 
59422.354907 4.414885 
59422.386689 4.352321 
59422.418471 4.291011 
59422.450253 4.231163 
59422.482035 4.172986 
59422.513817 4.116691 
59422.545599 4.062487 
59422.577381 4.010584 
59422.609163 3.961192 
59422.640945 3.914519 
59422.672727 3.870770 
59422.704509 3.830151 
59422.736291 3.792864 
59422.768073 3.759107 
59422.799855 3.729077 
59422.831637 3.702965 
59422.863419 3.680961 
59422.895201 3.663247 
59422.926983 3.650001 
59422.958765 3.641398 
59422.990547 3.637604 
59423.022329 3.638779 
59423.054111 3.645080 
59423.085893 3.656652 
59423.117675 3.673636 
59423.149457 3.696164 
59423.181239 3.724359 
59423.213021 3.758339 
59423.244803 3.798209 
59423.276585 3.844067 
59423.308367 3.896001 
59423.340149 3.954090 
59423.371931 4.018402 
59423.403713 4.088995 
59423.435495 4.165917 
59423.467277 4.249204 
59423.499059 4.338882 
59423.530841 4.434965 
59423.562623 4.537458 
59423.594405 4.646350 
59423.626187 4.761623 
59423.657969 4.883243 
59423.689751 5.011168 
59423.721533 5.145341 
59423.753315 5.285693 
59423.785097 5.432146 
59423.816879 5.584605 
59423.848661 5.742967 
59423.880443 5.907115 
59423.912225 6.076919 
59423.944007 6.252240 
59423.975789 6.432923 
59424.007571 6.618803 
59424.039353 6.809705 
59424.071135 7.005439 
59424.102917 7.205807 
59424.134699 7.410596 
59424.166481 7.619584 
59424.198263 7.832539 
59424.230045 8.049216 
59424.261827 8.269363 
59424.293609 8.492714 
59424.325391 8.718997 
59424.357173 8.947927 
59424.388955 9.179213 
59424.420737 9.412553 
59424.452519 9.647639 
59424.484301 9.884154 
59424.516083 10.121772 
59424.547865 10.360163 
59424.579647 10.598988 
59424.611429 10.837902 
59424.643211 11.076557 
59424.674993 11.314596 
59424.706775 11.551659 
59424.738557 11.787384 
59424.770339 12.021403 
59424.802121 12.253345 
59424.833903 12.482837 
59424.865685 12.709505 
59424.897467 12.932972 
59424.929249 13.152861 
59424.961031 13.368796 
59424.992813 13.580400 
59425.024594 13.787297 
59425.056376 13.989114 
59425.088158 14.185478 
59425.119940 14.376021 
59425.151722 14.560378 
59425.183504 14.738187 
59425.215286 14.909092 
59425.247068 15.072741 
59425.278850 15.228789 
59425.310632 15.376898 
59425.342414 15.516734 
59425.374196 15.647975 
59425.405978 15.770304 
59425.437760 15.883415 
59425.469542 15.987009 
59425.501324 16.080800 
59425.533106 16.164509 
59425.564888 16.237871 
59425.596670 16.300632 
59425.628452 16.352548 
59425.660234 16.393391 
59425.692016 16.422943 
59425.723798 16.441001 
59425.755580 16.447375 
59425.787362 16.441891 
59425.819144 16.424389 
59425.850926 16.394722 
59425.882708 16.352763 
59425.914490 16.298397 
59425.946272 16.231526 
59425.978054 16.152071 
59426.009836 16.059966 
59426.041618 15.955165 
59426.073400 15.837638 
59426.105182 15.707373 
59426.136964 15.564375 
59426.168746 15.408668 
59426.200528 15.240292 
59426.232310 15.059306 
59426.264092 14.865789 
59426.295874 14.659835 
59426.327656 14.441558 
59426.359438 14.211091 
59426.391220 13.968583 
59426.423002 13.714202 
59426.454784 13.448134 
59426.486566 13.170584 
59426.518348 12.881773 
59426.550130 12.581940 
59426.581912 12.271342 
59426.613694 11.950254 
59426.645476 11.618964 
59426.677258 11.277781 
59426.709040 10.927028 
59426.740822 10.567044 
59426.772604 10.198185 
59426.804386 9.820819 
59426.836168 9.435332 
59426.867950 9.042122 
59426.899732 8.641603 
59426.931514 8.234201 
59426.963296 7.820353 
59426.995078 7.400512 
59427.026860 6.975140 
59427.058642 6.544710 
59427.090424 6.109707 
59427.122206 5.670626 
59427.153988 5.227968 
59427.185770 4.782247 
59427.217552 4.333980 
59427.249334 3.883696 
59427.281116 3.431928 
59427.312898 2.979213 
59427.344680 2.526095 
59427.376462 2.073124 
59427.408244 1.620848 
59427.440026 1.169823 
59427.471808 0.720604 
59427.503590 0.273748 
59427.535372 -0.170189 
59427.567154 -0.610651 
59427.598936 -1.047082 
59427.630718 -1.478931 
59427.662500 -1.905648 
59427.694282 -2.326688 
59427.726063 -2.741509 
59427.757845 -3.149577 
59427.789627 -3.550363 
59427.821409 -3.943346 
59427.853191 -4.328011 
59427.884973 -4.703855 
59427.916755 -5.070383 
59427.948537 -5.427110 
59427.980319 -5.773562 
59428.012101 -6.109279 
59428.043883 -6.433811 
59428.075665 -6.746725 
59428.107447 -7.047598 
59428.139229 -7.336025 
59428.171011 -7.611616 
59428.202793 -7.873998 
59428.234575 -8.122812 
59428.266357 -8.357721 
59428.298139 -8.578402 
59428.329921 -8.784554 
59428.361703 -8.975895 
59428.393485 -9.152160 
59428.425267 -9.313109 
59428.457049 -9.458520 
59428.488831 -9.588194 
59428.520613 -9.701951 
59428.552395 -9.799638 
59428.584177 -9.881121 
59428.615959 -9.946290 
59428.647741 -9.995060 
59428.679523 -10.027367 
59428.711305 -10.043173 
59428.743087 -10.042463 
59428.774869 -10.025248 
59428.806651 -9.991561 
59428.838433 -9.941462 
59428.870215 -9.875034 
59428.901997 -9.792385 
59428.933779 -9.693650 
59428.965561 -9.578987 
59428.997343 -9.448577 
59429.029125 -9.302630 
59429.060907 -9.141376 
59429.092689 -8.965073 
59429.124471 -8.774001 
59429.156253 -8.568464 
59429.188035 -8.348792 
59429.219817 -8.115335 
59429.251599 -7.868468 
59429.283381 -7.608590 
59429.315163 -7.336119 
59429.346945 -7.051497 
59429.378727 -6.755188 
59429.410509 -6.447674 
59429.442291 -6.129461 
59429.474073 -5.801072 
59429.505855 -5.463050 
59429.537637 -5.115957 
59429.569419 -4.760372 
59429.601201 -4.396892 
59429.632983 -4.026131 
59429.664765 -3.648716 
59429.696547 -3.265293 
59429.728329 -2.876518 
59429.760111 -2.483064 
59429.791893 -2.085614 
59429.823675 -1.684863 
59429.855457 -1.281519 
59429.887239 -0.876296 
59429.919021 -0.469920 
59429.950803 -0.063124 
59429.982585 0.343352 
59430.014367 0.748763 
59430.046149 1.152356 
59430.077931 1.553378 
59430.109713 1.951069 
59430.141495 2.344670 
59430.173277 2.733420 
59430.205059 3.116556 
59430.236841 3.493320 
59430.268623 3.862953 
59430.300405 4.224700 
59430.332187 4.577811 
59430.363969 4.921540 
59430.395751 5.255148 
59430.427532 5.577904 
59430.459314 5.889083 
59430.491096 6.187973 
59430.522878 6.473868 
59430.554660 6.746078 
59430.586442 7.003922 
59430.618224 7.246734 
59430.650006 7.473863 
59430.681788 7.684670 
59430.713570 7.878536 
59430.745352 8.054859 
59430.777134 8.213052 
59430.808916 8.352549 
59430.840698 8.472805 
59430.872480 8.573295 
59430.904262 8.653513 
59430.936044 8.712979 
59430.967826 8.751233 
59430.999608 8.767842 
59431.031390 8.762394 
59431.063172 8.734504 
59431.094954 8.683814 
59431.126736 8.609990 
59431.158518 8.512726 
59431.190300 8.391744 
59431.222082 8.246794 
59431.253864 8.077654 
59431.285646 7.884131 
59431.317428 7.666062 
59431.349210 7.423313 
59431.380992 7.155780 
59431.412774 6.863391 
59431.444556 6.546103 
59431.476338 6.203904 
59431.508120 5.836813 
59431.539902 5.444879 
59431.571684 5.028186 
59431.603466 4.586844 
59431.635248 4.120998 
59431.667030 3.630823 
59431.698812 3.116525 
59431.730594 2.578341 
59431.762376 2.016538 
59431.794158 1.431415 
59431.825940 0.823301 
59431.857722 0.192555 
59431.889504 -0.460435 
59431.921286 -1.135252 
59431.953068 -1.831448 
59431.984850 -2.548548 
59432.016632 -3.286048 
59432.048414 -4.043419 
59432.080196 -4.820101 
59432.111978 -5.615512 
59432.143760 -6.429041 
59432.175542 -7.260054 
59432.207324 -8.107891 
59432.239106 -8.971870 
59432.270888 -9.851286 
59432.302670 -10.745411 
59432.334452 -11.653496 
59432.366234 -12.574773 
59432.398016 -13.508454 
59432.429798 -14.453731 
59432.461580 -15.409781 
59432.493362 -16.375762 
59432.525144 -17.350818 
59432.556926 -18.334078 
59432.588708 0.000133 
