# Tref_folded model 
-1.500000 0.095023 
-1.499000 0.087403 
-1.498000 0.079771 
-1.497000 0.072127 
-1.496000 0.064472 
-1.495000 0.056806 
-1.494000 0.049128 
-1.493000 0.041439 
-1.492000 0.033738 
-1.491000 0.026027 
-1.490000 0.018304 
-1.489000 0.010570 
-1.488000 0.002825 
-1.487000 -0.004930 
-1.486000 -0.012697 
-1.485000 -0.020474 
-1.484000 -0.028263 
-1.483000 -0.036061 
-1.482000 -0.043871 
-1.481000 -0.051691 
-1.480000 -0.059522 
-1.479000 -0.067363 
-1.478000 -0.075214 
-1.477000 -0.083075 
-1.476000 -0.090947 
-1.475000 -0.098829 
-1.474000 -0.106721 
-1.473000 -0.114623 
-1.472000 -0.122535 
-1.471000 -0.130457 
-1.470000 -0.138389 
-1.469000 -0.146330 
-1.468000 -0.154281 
-1.467000 -0.162241 
-1.466000 -0.170211 
-1.465000 -0.178191 
-1.464000 -0.186180 
-1.463000 -0.194178 
-1.462000 -0.202185 
-1.461000 -0.210201 
-1.460000 -0.218226 
-1.459000 -0.226260 
-1.458000 -0.234303 
-1.457000 -0.242355 
-1.456000 -0.250415 
-1.455000 -0.258484 
-1.454000 -0.266562 
-1.453000 -0.274648 
-1.452000 -0.282742 
-1.451000 -0.290845 
-1.450000 -0.298955 
-1.449000 -0.307074 
-1.448000 -0.315200 
-1.447000 -0.323335 
-1.446000 -0.331477 
-1.445000 -0.339627 
-1.444000 -0.347784 
-1.443000 -0.355949 
-1.442000 -0.364121 
-1.441000 -0.372301 
-1.440000 -0.380487 
-1.439000 -0.388681 
-1.438000 -0.396882 
-1.437000 -0.405089 
-1.436000 -0.413303 
-1.435000 -0.421524 
-1.434000 -0.429751 
-1.433000 -0.437985 
-1.432000 -0.446225 
-1.431000 -0.454471 
-1.430000 -0.462724 
-1.429000 -0.470982 
-1.428000 -0.479246 
-1.427000 -0.487515 
-1.426000 -0.495791 
-1.425000 -0.504071 
-1.424000 -0.512357 
-1.423000 -0.520648 
-1.422000 -0.528945 
-1.421000 -0.537246 
-1.420000 -0.545552 
-1.419000 -0.553862 
-1.418000 -0.562177 
-1.417000 -0.570497 
-1.416000 -0.578821 
-1.415000 -0.587149 
-1.414000 -0.595480 
-1.413000 -0.603816 
-1.412000 -0.612155 
-1.411000 -0.620498 
-1.410000 -0.628844 
-1.409000 -0.637194 
-1.408000 -0.645546 
-1.407000 -0.653902 
-1.406000 -0.662260 
-1.405000 -0.670621 
-1.404000 -0.678984 
-1.403000 -0.687349 
-1.402000 -0.695717 
-1.401000 -0.704086 
-1.400000 -0.712457 
-1.399000 -0.720830 
-1.398000 -0.729204 
-1.397000 -0.737580 
-1.396000 -0.745956 
-1.395000 -0.754333 
-1.394000 -0.762711 
-1.393000 -0.771090 
-1.392000 -0.779468 
-1.391000 -0.787847 
-1.390000 -0.796226 
-1.389000 -0.804604 
-1.388000 -0.812982 
-1.387000 -0.821359 
-1.386000 -0.829735 
-1.385000 -0.838111 
-1.384000 -0.846485 
-1.383000 -0.854857 
-1.382000 -0.863227 
-1.381000 -0.871596 
-1.380000 -0.879962 
-1.379000 -0.888326 
-1.378000 -0.896688 
-1.377000 -0.905046 
-1.376000 -0.913401 
-1.375000 -0.921753 
-1.374000 -0.930101 
-1.373000 -0.938446 
-1.372000 -0.946786 
-1.371000 -0.955122 
-1.370000 -0.963454 
-1.369000 -0.971780 
-1.368000 -0.980102 
-1.367000 -0.988418 
-1.366000 -0.996728 
-1.365000 -1.005033 
-1.364000 -1.013331 
-1.363000 -1.021623 
-1.362000 -1.029908 
-1.361000 -1.038187 
-1.360000 -1.046457 
-1.359000 -1.054721 
-1.358000 -1.062976 
-1.357000 -1.071223 
-1.356000 -1.079461 
-1.355000 -1.087691 
-1.354000 -1.095912 
-1.353000 -1.104123 
-1.352000 -1.112325 
-1.351000 -1.120516 
-1.350000 -1.128697 
-1.349000 -1.136867 
-1.348000 -1.145026 
-1.347000 -1.153174 
-1.346000 -1.161310 
-1.345000 -1.169434 
-1.344000 -1.177545 
-1.343000 -1.185644 
-1.342000 -1.193729 
-1.341000 -1.201801 
-1.340000 -1.209859 
-1.339000 -1.217903 
-1.338000 -1.225932 
-1.337000 -1.233946 
-1.336000 -1.241945 
-1.335000 -1.249928 
-1.334000 -1.257894 
-1.333000 -1.265844 
-1.332000 -1.273777 
-1.331000 -1.281693 
-1.330000 -1.289590 
-1.329000 -1.297470 
-1.328000 -1.305330 
-1.327000 -1.313172 
-1.326000 -1.320994 
-1.325000 -1.328796 
-1.324000 -1.336577 
-1.323000 -1.344338 
-1.322000 -1.352077 
-1.321000 -1.359795 
-1.320000 -1.367490 
-1.319000 -1.375162 
-1.318000 -1.382811 
-1.317000 -1.390436 
-1.316000 -1.398037 
-1.315000 -1.405614 
-1.314000 -1.413165 
-1.313000 -1.420690 
-1.312000 -1.428190 
-1.311000 -1.435662 
-1.310000 -1.443107 
-1.309000 -1.450525 
-1.308000 -1.457914 
-1.307000 -1.465274 
-1.306000 -1.472604 
-1.305000 -1.479905 
-1.304000 -1.487175 
-1.303000 -1.494414 
-1.302000 -1.501622 
-1.301000 -1.508797 
-1.300000 -1.515939 
-1.299000 -1.523048 
-1.298000 -1.530122 
-1.297000 -1.537163 
-1.296000 -1.544168 
-1.295000 -1.551137 
-1.294000 -1.558069 
-1.293000 -1.564965 
-1.292000 -1.571823 
-1.291000 -1.578642 
-1.290000 -1.585422 
-1.289000 -1.592163 
-1.288000 -1.598863 
-1.287000 -1.605523 
-1.286000 -1.612141 
-1.285000 -1.618716 
-1.284000 -1.625249 
-1.283000 -1.631737 
-1.282000 -1.638182 
-1.281000 -1.644581 
-1.280000 -1.650934 
-1.279000 -1.657241 
-1.278000 -1.663501 
-1.277000 -1.669712 
-1.276000 -1.675875 
-1.275000 -1.681989 
-1.274000 -1.688052 
-1.273000 -1.694064 
-1.272000 -1.700025 
-1.271000 -1.705933 
-1.270000 -1.711788 
-1.269000 -1.717589 
-1.268000 -1.723335 
-1.267000 -1.729025 
-1.266000 -1.734659 
-1.265000 -1.740236 
-1.264000 -1.745755 
-1.263000 -1.751215 
-1.262000 -1.756615 
-1.261000 -1.761955 
-1.260000 -1.767233 
-1.259000 -1.772450 
-1.258000 -1.777603 
-1.257000 -1.782692 
-1.256000 -1.787717 
-1.255000 -1.792676 
-1.254000 -1.797569 
-1.253000 -1.802395 
-1.252000 -1.807152 
-1.251000 -1.811840 
-1.250000 -1.816458 
-1.249000 -1.821006 
-1.248000 -1.825481 
-1.247000 -1.829884 
-1.246000 -1.834214 
-1.245000 -1.838469 
-1.244000 -1.842648 
-1.243000 -1.846752 
-1.242000 -1.850778 
-1.241000 -1.854725 
-1.240000 -1.858594 
-1.239000 -1.862383 
-1.238000 -1.866090 
-1.237000 -1.869716 
-1.236000 -1.873259 
-1.235000 -1.876718 
-1.234000 -1.880092 
-1.233000 -1.883381 
-1.232000 -1.886582 
-1.231000 -1.889697 
-1.230000 -1.892722 
-1.229000 -1.895658 
-1.228000 -1.898503 
-1.227000 -1.901257 
-1.226000 -1.903918 
-1.225000 -1.906486 
-1.224000 -1.908959 
-1.223000 -1.911337 
-1.222000 -1.913618 
-1.221000 -1.915802 
-1.220000 -1.917888 
-1.219000 -1.919874 
-1.218000 -1.921760 
-1.217000 -1.923545 
-1.216000 -1.925227 
-1.215000 -1.926806 
-1.214000 -1.928281 
-1.213000 -1.929651 
-1.212000 -1.930915 
-1.211000 -1.932071 
-1.210000 -1.933120 
-1.209000 -1.934059 
-1.208000 -1.934888 
-1.207000 -1.935607 
-1.206000 -1.936213 
-1.205000 -1.936707 
-1.204000 -1.937087 
-1.203000 -1.937352 
-1.202000 -1.937502 
-1.201000 -1.937535 
-1.200000 -1.937451 
-1.199000 -1.937248 
-1.198000 -1.936926 
-1.197000 -1.936484 
-1.196000 -1.935921 
-1.195000 -1.935236 
-1.194000 -1.934428 
-1.193000 -1.933496 
-1.192000 -1.932440 
-1.191000 -1.931259 
-1.190000 -1.929952 
-1.189000 -1.928517 
-1.188000 -1.926955 
-1.187000 -1.925264 
-1.186000 -1.923444 
-1.185000 -1.921494 
-1.184000 -1.919413 
-1.183000 -1.917200 
-1.182000 -1.914855 
-1.181000 -1.912377 
-1.180000 -1.909765 
-1.179000 -1.907019 
-1.178000 -1.904137 
-1.177000 -1.901120 
-1.176000 -1.897967 
-1.175000 -1.894676 
-1.174000 -1.891248 
-1.173000 -1.887682 
-1.172000 -1.883977 
-1.171000 -1.880132 
-1.170000 -1.876148 
-1.169000 -1.872024 
-1.168000 -1.867759 
-1.167000 -1.863352 
-1.166000 -1.858804 
-1.165000 -1.854114 
-1.164000 -1.849282 
-1.163000 -1.844306 
-1.162000 -1.839188 
-1.161000 -1.833925 
-1.160000 -1.828520 
-1.159000 -1.822970 
-1.158000 -1.817275 
-1.157000 -1.811436 
-1.156000 -1.805453 
-1.155000 -1.799324 
-1.154000 -1.793050 
-1.153000 -1.786632 
-1.152000 -1.780068 
-1.151000 -1.773358 
-1.150000 -1.766504 
-1.149000 -1.759503 
-1.148000 -1.752358 
-1.147000 -1.745067 
-1.146000 -1.737632 
-1.145000 -1.730051 
-1.144000 -1.722325 
-1.143000 -1.714455 
-1.142000 -1.706440 
-1.141000 -1.698280 
-1.140000 -1.689977 
-1.139000 -1.681530 
-1.138000 -1.672940 
-1.137000 -1.664207 
-1.136000 -1.655331 
-1.135000 -1.646313 
-1.134000 -1.637153 
-1.133000 -1.627852 
-1.132000 -1.618410 
-1.131000 -1.608829 
-1.130000 -1.599108 
-1.129000 -1.589248 
-1.128000 -1.579250 
-1.127000 -1.569114 
-1.126000 -1.558842 
-1.125000 -1.548433 
-1.124000 -1.537890 
-1.123000 -1.527212 
-1.122000 -1.516400 
-1.121000 -1.505456 
-1.120000 -1.494381 
-1.119000 -1.483174 
-1.118000 -1.471838 
-1.117000 -1.460374 
-1.116000 -1.448782 
-1.115000 -1.437063 
-1.114000 -1.425219 
-1.113000 -1.413251 
-1.112000 -1.401159 
-1.111000 -1.388946 
-1.110000 -1.376613 
-1.109000 -1.364160 
-1.108000 -1.351589 
-1.107000 -1.338902 
-1.106000 -1.326099 
-1.105000 -1.313183 
-1.104000 -1.300155 
-1.103000 -1.287015 
-1.102000 -1.273766 
-1.101000 -1.260409 
-1.100000 -1.246946 
-1.099000 -1.233378 
-1.098000 -1.219707 
-1.097000 -1.205935 
-1.096000 -1.192062 
-1.095000 -1.178092 
-1.094000 -1.164024 
-1.093000 -1.149862 
-1.092000 -1.135607 
-1.091000 -1.121261 
-1.090000 -1.106825 
-1.089000 -1.092302 
-1.088000 -1.077691 
-1.087000 -1.062998 
-1.086000 -1.048222 
-1.085000 -1.033366 
-1.084000 -1.018432 
-1.083000 -1.003421 
-1.082000 -0.988336 
-1.081000 -0.973178 
-1.080000 -0.957949 
-1.079000 -0.942652 
-1.078000 -0.927288 
-1.077000 -0.911860 
-1.076000 -0.896369 
-1.075000 -0.880817 
-1.074000 -0.865206 
-1.073000 -0.849539 
-1.072000 -0.833818 
-1.071000 -0.818044 
-1.070000 -0.802219 
-1.069000 -0.786346 
-1.068000 -0.770427 
-1.067000 -0.754464 
-1.066000 -0.738458 
-1.065000 -0.722413 
-1.064000 -0.706329 
-1.063000 -0.690210 
-1.062000 -0.674056 
-1.061000 -0.657871 
-1.060000 -0.641657 
-1.059000 -0.625414 
-1.058000 -0.609147 
-1.057000 -0.592855 
-1.056000 -0.576543 
-1.055000 -0.560211 
-1.054000 -0.543861 
-1.053000 -0.527497 
-1.052000 -0.511119 
-1.051000 -0.494731 
-1.050000 -0.478333 
-1.049000 -0.461928 
-1.048000 -0.445517 
-1.047000 -0.429104 
-1.046000 -0.412690 
-1.045000 -0.396276 
-1.044000 -0.379865 
-1.043000 -0.363459 
-1.042000 -0.347060 
-1.041000 -0.330669 
-1.040000 -0.314289 
-1.039000 -0.297921 
-1.038000 -0.281567 
-1.037000 -0.265229 
-1.036000 -0.248909 
-1.035000 -0.232609 
-1.034000 -0.216331 
-1.033000 -0.200076 
-1.032000 -0.183846 
-1.031000 -0.167642 
-1.030000 -0.151468 
-1.029000 -0.135323 
-1.028000 -0.119210 
-1.027000 -0.103131 
-1.026000 -0.087088 
-1.025000 -0.071081 
-1.024000 -0.055112 
-1.023000 -0.039184 
-1.022000 -0.023297 
-1.021000 -0.007454 
-1.020000 0.008346 
-1.019000 0.024098 
-1.018000 0.039804 
-1.017000 0.055460 
-1.016000 0.071066 
-1.015000 0.086620 
-1.014000 0.102121 
-1.013000 0.117567 
-1.012000 0.132958 
-1.011000 0.148291 
-1.010000 0.163566 
-1.009000 0.178781 
-1.008000 0.193935 
-1.007000 0.209027 
-1.006000 0.224056 
-1.005000 0.239020 
-1.004000 0.253919 
-1.003000 0.268751 
-1.002000 0.283515 
-1.001000 0.298211 
-1.000000 0.312837 
-0.999000 0.327391 
-0.998000 0.341874 
-0.997000 0.356285 
-0.996000 0.370621 
-0.995000 0.384883 
-0.994000 0.399070 
-0.993000 0.413180 
-0.992000 0.427212 
-0.991000 0.441167 
-0.990000 0.455043 
-0.989000 0.468840 
-0.988000 0.482556 
-0.987000 0.496191 
-0.986000 0.509744 
-0.985000 0.523215 
-0.984000 0.536603 
-0.983000 0.549907 
-0.982000 0.563127 
-0.981000 0.576262 
-0.980000 0.589311 
-0.979000 0.602275 
-0.978000 0.615152 
-0.977000 0.627942 
-0.976000 0.640644 
-0.975000 0.653258 
-0.974000 0.665784 
-0.973000 0.678221 
-0.972000 0.690569 
-0.971000 0.702828 
-0.970000 0.714996 
-0.969000 0.727074 
-0.968000 0.739061 
-0.967000 0.750957 
-0.966000 0.762762 
-0.965000 0.774476 
-0.964000 0.786097 
-0.963000 0.797627 
-0.962000 0.809064 
-0.961000 0.820409 
-0.960000 0.831662 
-0.959000 0.842821 
-0.958000 0.853888 
-0.957000 0.864861 
-0.956000 0.875741 
-0.955000 0.886528 
-0.954000 0.897222 
-0.953000 0.907822 
-0.952000 0.918328 
-0.951000 0.928741 
-0.950000 0.939060 
-0.949000 0.949285 
-0.948000 0.959417 
-0.947000 0.969455 
-0.946000 0.979400 
-0.945000 0.989251 
-0.944000 0.999008 
-0.943000 1.008672 
-0.942000 1.018242 
-0.941000 1.027719 
-0.940000 1.037102 
-0.939000 1.046393 
-0.938000 1.055590 
-0.937000 1.064694 
-0.936000 1.073706 
-0.935000 1.082624 
-0.934000 1.091450 
-0.933000 1.100184 
-0.932000 1.108826 
-0.931000 1.117375 
-0.930000 1.125833 
-0.929000 1.134199 
-0.928000 1.142473 
-0.927000 1.150656 
-0.926000 1.158748 
-0.925000 1.166750 
-0.924000 1.174660 
-0.923000 1.182481 
-0.922000 1.190211 
-0.921000 1.197852 
-0.920000 1.205403 
-0.919000 1.212864 
-0.918000 1.220237 
-0.917000 1.227521 
-0.916000 1.234716 
-0.915000 1.241823 
-0.914000 1.248842 
-0.913000 1.255774 
-0.912000 1.262619 
-0.911000 1.269376 
-0.910000 1.276047 
-0.909000 1.282631 
-0.908000 1.289130 
-0.907000 1.295543 
-0.906000 1.301871 
-0.905000 1.308113 
-0.904000 1.314271 
-0.903000 1.320345 
-0.902000 1.326334 
-0.901000 1.332240 
-0.900000 1.338063 
-0.899000 1.343803 
-0.898000 1.349461 
-0.897000 1.355036 
-0.896000 1.360530 
-0.895000 1.365942 
-0.894000 1.371273 
-0.893000 1.376523 
-0.892000 1.381693 
-0.891000 1.386783 
-0.890000 1.391794 
-0.889000 1.396725 
-0.888000 1.401578 
-0.887000 1.406352 
-0.886000 1.411048 
-0.885000 1.415667 
-0.884000 1.420208 
-0.883000 1.424673 
-0.882000 1.429061 
-0.881000 1.433373 
-0.880000 1.437609 
-0.879000 1.441770 
-0.878000 1.445856 
-0.877000 1.449868 
-0.876000 1.453806 
-0.875000 1.457669 
-0.874000 1.461460 
-0.873000 1.465178 
-0.872000 1.468823 
-0.871000 1.472396 
-0.870000 1.475897 
-0.869000 1.479327 
-0.868000 1.482686 
-0.867000 1.485974 
-0.866000 1.489192 
-0.865000 1.492341 
-0.864000 1.495420 
-0.863000 1.498430 
-0.862000 1.501372 
-0.861000 1.504245 
-0.860000 1.507051 
-0.859000 1.509789 
-0.858000 1.512460 
-0.857000 1.515065 
-0.856000 1.517603 
-0.855000 1.520076 
-0.854000 1.522483 
-0.853000 1.524824 
-0.852000 1.527102 
-0.851000 1.529315 
-0.850000 1.531464 
-0.849000 1.533549 
-0.848000 1.535571 
-0.847000 1.537531 
-0.846000 1.539428 
-0.845000 1.541263 
-0.844000 1.543036 
-0.843000 1.544748 
-0.842000 1.546399 
-0.841000 1.547990 
-0.840000 1.549520 
-0.839000 1.550990 
-0.838000 1.552401 
-0.837000 1.553753 
-0.836000 1.555047 
-0.835000 1.556281 
-0.834000 1.557458 
-0.833000 1.558578 
-0.832000 1.559639 
-0.831000 1.560644 
-0.830000 1.561593 
-0.829000 1.562485 
-0.828000 1.563321 
-0.827000 1.564102 
-0.826000 1.564827 
-0.825000 1.565498 
-0.824000 1.566114 
-0.823000 1.566676 
-0.822000 1.567184 
-0.821000 1.567639 
-0.820000 1.568040 
-0.819000 1.568389 
-0.818000 1.568685 
-0.817000 1.568929 
-0.816000 1.569121 
-0.815000 1.569262 
-0.814000 1.569351 
-0.813000 1.569389 
-0.812000 1.569377 
-0.811000 1.569315 
-0.810000 1.569203 
-0.809000 1.569041 
-0.808000 1.568830 
-0.807000 1.568570 
-0.806000 1.568261 
-0.805000 1.567904 
-0.804000 1.567498 
-0.803000 1.567045 
-0.802000 1.566545 
-0.801000 1.565997 
-0.800000 1.565403 
-0.799000 1.564762 
-0.798000 1.564074 
-0.797000 1.563341 
-0.796000 1.562562 
-0.795000 1.561737 
-0.794000 1.560867 
-0.793000 1.559953 
-0.792000 1.558994 
-0.791000 1.557990 
-0.790000 1.556943 
-0.789000 1.555852 
-0.788000 1.554717 
-0.787000 1.553539 
-0.786000 1.552319 
-0.785000 1.551055 
-0.784000 1.549749 
-0.783000 1.548401 
-0.782000 1.547011 
-0.781000 1.545580 
-0.780000 1.544107 
-0.779000 1.542593 
-0.778000 1.541039 
-0.777000 1.539443 
-0.776000 1.537808 
-0.775000 1.536132 
-0.774000 1.534416 
-0.773000 1.532661 
-0.772000 1.530866 
-0.771000 1.529033 
-0.770000 1.527160 
-0.769000 1.525249 
-0.768000 1.523299 
-0.767000 1.521311 
-0.766000 1.519286 
-0.765000 1.517222 
-0.764000 1.515121 
-0.763000 1.512983 
-0.762000 1.510808 
-0.761000 1.508596 
-0.760000 1.506347 
-0.759000 1.504062 
-0.758000 1.501741 
-0.757000 1.499384 
-0.756000 1.496992 
-0.755000 1.494564 
-0.754000 1.492100 
-0.753000 1.489601 
-0.752000 1.487068 
-0.751000 1.484500 
-0.750000 1.481897 
-0.749000 1.479261 
-0.748000 1.476590 
-0.747000 1.473885 
-0.746000 1.471147 
-0.745000 1.468375 
-0.744000 1.465570 
-0.743000 1.462732 
-0.742000 1.459861 
-0.741000 1.456957 
-0.740000 1.454021 
-0.739000 1.451053 
-0.738000 1.448052 
-0.737000 1.445020 
-0.736000 1.441955 
-0.735000 1.438860 
-0.734000 1.435733 
-0.733000 1.432574 
-0.732000 1.429385 
-0.731000 1.426164 
-0.730000 1.422913 
-0.729000 1.419632 
-0.728000 1.416320 
-0.727000 1.412978 
-0.726000 1.409606 
-0.725000 1.406204 
-0.724000 1.402773 
-0.723000 1.399312 
-0.722000 1.395822 
-0.721000 1.392302 
-0.720000 1.388754 
-0.719000 1.385177 
-0.718000 1.381571 
-0.717000 1.377936 
-0.716000 1.374273 
-0.715000 1.370582 
-0.714000 1.366863 
-0.713000 1.363115 
-0.712000 1.359340 
-0.711000 1.355538 
-0.710000 1.351708 
-0.709000 1.347850 
-0.708000 1.343966 
-0.707000 1.340054 
-0.706000 1.336116 
-0.705000 1.332150 
-0.704000 1.328158 
-0.703000 1.324140 
-0.702000 1.320095 
-0.701000 1.316024 
-0.700000 1.311927 
-0.699000 1.307804 
-0.698000 1.303655 
-0.697000 1.299481 
-0.696000 1.295281 
-0.695000 1.291056 
-0.694000 1.286805 
-0.693000 1.282529 
-0.692000 1.278228 
-0.691000 1.273902 
-0.690000 1.269552 
-0.689000 1.265177 
-0.688000 1.260777 
-0.687000 1.256353 
-0.686000 1.251904 
-0.685000 1.247432 
-0.684000 1.242935 
-0.683000 1.238415 
-0.682000 1.233870 
-0.681000 1.229302 
-0.680000 1.224710 
-0.679000 1.220095 
-0.678000 1.215456 
-0.677000 1.210795 
-0.676000 1.206110 
-0.675000 1.201402 
-0.674000 1.196671 
-0.673000 1.191917 
-0.672000 1.187140 
-0.671000 1.182341 
-0.670000 1.177520 
-0.669000 1.172676 
-0.668000 1.167810 
-0.667000 1.162921 
-0.666000 1.158011 
-0.665000 1.153078 
-0.664000 1.148124 
-0.663000 1.143147 
-0.662000 1.138149 
-0.661000 1.133130 
-0.660000 1.128089 
-0.659000 1.123027 
-0.658000 1.117943 
-0.657000 1.112838 
-0.656000 1.107712 
-0.655000 1.102565 
-0.654000 1.097397 
-0.653000 1.092208 
-0.652000 1.086998 
-0.651000 1.081768 
-0.650000 1.076517 
-0.649000 1.071245 
-0.648000 1.065954 
-0.647000 1.060642 
-0.646000 1.055309 
-0.645000 1.049957 
-0.644000 1.044584 
-0.643000 1.039191 
-0.642000 1.033779 
-0.641000 1.028347 
-0.640000 1.022895 
-0.639000 1.017423 
-0.638000 1.011932 
-0.637000 1.006421 
-0.636000 1.000891 
-0.635000 0.995341 
-0.634000 0.989773 
-0.633000 0.984185 
-0.632000 0.978578 
-0.631000 0.972952 
-0.630000 0.967307 
-0.629000 0.961643 
-0.628000 0.955960 
-0.627000 0.950259 
-0.626000 0.944538 
-0.625000 0.938800 
-0.624000 0.933043 
-0.623000 0.927267 
-0.622000 0.921473 
-0.621000 0.915660 
-0.620000 0.909830 
-0.619000 0.903981 
-0.618000 0.898114 
-0.617000 0.892229 
-0.616000 0.886327 
-0.615000 0.880406 
-0.614000 0.874467 
-0.613000 0.868511 
-0.612000 0.862537 
-0.611000 0.856545 
-0.610000 0.850536 
-0.609000 0.844509 
-0.608000 0.838465 
-0.607000 0.832404 
-0.606000 0.826325 
-0.605000 0.820229 
-0.604000 0.814116 
-0.603000 0.807985 
-0.602000 0.801838 
-0.601000 0.795673 
-0.600000 0.789492 
-0.599000 0.783293 
-0.598000 0.777078 
-0.597000 0.770846 
-0.596000 0.764598 
-0.595000 0.758333 
-0.594000 0.752051 
-0.593000 0.745752 
-0.592000 0.739438 
-0.591000 0.733106 
-0.590000 0.726759 
-0.589000 0.720395 
-0.588000 0.714014 
-0.587000 0.707618 
-0.586000 0.701205 
-0.585000 0.694777 
-0.584000 0.688332 
-0.583000 0.681871 
-0.582000 0.675395 
-0.581000 0.668903 
-0.580000 0.662394 
-0.579000 0.655871 
-0.578000 0.649331 
-0.577000 0.642776 
-0.576000 0.636205 
-0.575000 0.629618 
-0.574000 0.623017 
-0.573000 0.616399 
-0.572000 0.609766 
-0.571000 0.603118 
-0.570000 0.596455 
-0.569000 0.589777 
-0.568000 0.583083 
-0.567000 0.576374 
-0.566000 0.569650 
-0.565000 0.562911 
-0.564000 0.556157 
-0.563000 0.549388 
-0.562000 0.542604 
-0.561000 0.535806 
-0.560000 0.528992 
-0.559000 0.522164 
-0.558000 0.515322 
-0.557000 0.508464 
-0.556000 0.501592 
-0.555000 0.494706 
-0.554000 0.487805 
-0.553000 0.480889 
-0.552000 0.473960 
-0.551000 0.467015 
-0.550000 0.460057 
-0.549000 0.453084 
-0.548000 0.446098 
-0.547000 0.439097 
-0.546000 0.432082 
-0.545000 0.425053 
-0.544000 0.418010 
-0.543000 0.410953 
-0.542000 0.403882 
-0.541000 0.396797 
-0.540000 0.389698 
-0.539000 0.382586 
-0.538000 0.375460 
-0.537000 0.368321 
-0.536000 0.361167 
-0.535000 0.354001 
-0.534000 0.346821 
-0.533000 0.339627 
-0.532000 0.332420 
-0.531000 0.325199 
-0.530000 0.317966 
-0.529000 0.310719 
-0.528000 0.303459 
-0.527000 0.296185 
-0.526000 0.288899 
-0.525000 0.281599 
-0.524000 0.274287 
-0.523000 0.266962 
-0.522000 0.259623 
-0.521000 0.252272 
-0.520000 0.244908 
-0.519000 0.237531 
-0.518000 0.230142 
-0.517000 0.222740 
-0.516000 0.215325 
-0.515000 0.207898 
-0.514000 0.200459 
-0.513000 0.193007 
-0.512000 0.185542 
-0.511000 0.178065 
-0.510000 0.170576 
-0.509000 0.163075 
-0.508000 0.155562 
-0.507000 0.148036 
-0.506000 0.140499 
-0.505000 0.132949 
-0.504000 0.125388 
-0.503000 0.117814 
-0.502000 0.110229 
-0.501000 0.102632 
-0.500000 0.095023 
-0.499000 0.087403 
-0.498000 0.079771 
-0.497000 0.072127 
-0.496000 0.064472 
-0.495000 0.056806 
-0.494000 0.049128 
-0.493000 0.041439 
-0.492000 0.033738 
-0.491000 0.026027 
-0.490000 0.018304 
-0.489000 0.010570 
-0.488000 0.002825 
-0.487000 -0.004930 
-0.486000 -0.012697 
-0.485000 -0.020474 
-0.484000 -0.028263 
-0.483000 -0.036061 
-0.482000 -0.043871 
-0.481000 -0.051691 
-0.480000 -0.059522 
-0.479000 -0.067363 
-0.478000 -0.075214 
-0.477000 -0.083075 
-0.476000 -0.090947 
-0.475000 -0.098829 
-0.474000 -0.106721 
-0.473000 -0.114623 
-0.472000 -0.122535 
-0.471000 -0.130457 
-0.470000 -0.138389 
-0.469000 -0.146330 
-0.468000 -0.154281 
-0.467000 -0.162241 
-0.466000 -0.170211 
-0.465000 -0.178191 
-0.464000 -0.186180 
-0.463000 -0.194178 
-0.462000 -0.202185 
-0.461000 -0.210201 
-0.460000 -0.218226 
-0.459000 -0.226260 
-0.458000 -0.234303 
-0.457000 -0.242355 
-0.456000 -0.250415 
-0.455000 -0.258484 
-0.454000 -0.266562 
-0.453000 -0.274648 
-0.452000 -0.282742 
-0.451000 -0.290845 
-0.450000 -0.298955 
-0.449000 -0.307074 
-0.448000 -0.315200 
-0.447000 -0.323335 
-0.446000 -0.331477 
-0.445000 -0.339627 
-0.444000 -0.347784 
-0.443000 -0.355949 
-0.442000 -0.364121 
-0.441000 -0.372301 
-0.440000 -0.380487 
-0.439000 -0.388681 
-0.438000 -0.396882 
-0.437000 -0.405089 
-0.436000 -0.413303 
-0.435000 -0.421524 
-0.434000 -0.429751 
-0.433000 -0.437985 
-0.432000 -0.446225 
-0.431000 -0.454471 
-0.430000 -0.462724 
-0.429000 -0.470982 
-0.428000 -0.479246 
-0.427000 -0.487515 
-0.426000 -0.495791 
-0.425000 -0.504071 
-0.424000 -0.512357 
-0.423000 -0.520648 
-0.422000 -0.528945 
-0.421000 -0.537246 
-0.420000 -0.545552 
-0.419000 -0.553862 
-0.418000 -0.562177 
-0.417000 -0.570497 
-0.416000 -0.578821 
-0.415000 -0.587149 
-0.414000 -0.595480 
-0.413000 -0.603816 
-0.412000 -0.612155 
-0.411000 -0.620498 
-0.410000 -0.628844 
-0.409000 -0.637194 
-0.408000 -0.645546 
-0.407000 -0.653902 
-0.406000 -0.662260 
-0.405000 -0.670621 
-0.404000 -0.678984 
-0.403000 -0.687349 
-0.402000 -0.695717 
-0.401000 -0.704086 
-0.400000 -0.712457 
-0.399000 -0.720830 
-0.398000 -0.729204 
-0.397000 -0.737580 
-0.396000 -0.745956 
-0.395000 -0.754333 
-0.394000 -0.762711 
-0.393000 -0.771090 
-0.392000 -0.779468 
-0.391000 -0.787847 
-0.390000 -0.796226 
-0.389000 -0.804604 
-0.388000 -0.812982 
-0.387000 -0.821359 
-0.386000 -0.829735 
-0.385000 -0.838111 
-0.384000 -0.846485 
-0.383000 -0.854857 
-0.382000 -0.863227 
-0.381000 -0.871596 
-0.380000 -0.879962 
-0.379000 -0.888326 
-0.378000 -0.896688 
-0.377000 -0.905046 
-0.376000 -0.913401 
-0.375000 -0.921753 
-0.374000 -0.930101 
-0.373000 -0.938446 
-0.372000 -0.946786 
-0.371000 -0.955122 
-0.370000 -0.963454 
-0.369000 -0.971780 
-0.368000 -0.980102 
-0.367000 -0.988418 
-0.366000 -0.996728 
-0.365000 -1.005033 
-0.364000 -1.013331 
-0.363000 -1.021623 
-0.362000 -1.029908 
-0.361000 -1.038187 
-0.360000 -1.046457 
-0.359000 -1.054721 
-0.358000 -1.062976 
-0.357000 -1.071223 
-0.356000 -1.079461 
-0.355000 -1.087691 
-0.354000 -1.095912 
-0.353000 -1.104123 
-0.352000 -1.112325 
-0.351000 -1.120516 
-0.350000 -1.128697 
-0.349000 -1.136867 
-0.348000 -1.145026 
-0.347000 -1.153174 
-0.346000 -1.161310 
-0.345000 -1.169434 
-0.344000 -1.177545 
-0.343000 -1.185644 
-0.342000 -1.193729 
-0.341000 -1.201801 
-0.340000 -1.209859 
-0.339000 -1.217903 
-0.338000 -1.225932 
-0.337000 -1.233946 
-0.336000 -1.241945 
-0.335000 -1.249928 
-0.334000 -1.257894 
-0.333000 -1.265844 
-0.332000 -1.273777 
-0.331000 -1.281693 
-0.330000 -1.289590 
-0.329000 -1.297470 
-0.328000 -1.305330 
-0.327000 -1.313172 
-0.326000 -1.320994 
-0.325000 -1.328796 
-0.324000 -1.336577 
-0.323000 -1.344338 
-0.322000 -1.352077 
-0.321000 -1.359795 
-0.320000 -1.367490 
-0.319000 -1.375162 
-0.318000 -1.382811 
-0.317000 -1.390436 
-0.316000 -1.398037 
-0.315000 -1.405614 
-0.314000 -1.413165 
-0.313000 -1.420690 
-0.312000 -1.428190 
-0.311000 -1.435662 
-0.310000 -1.443107 
-0.309000 -1.450525 
-0.308000 -1.457914 
-0.307000 -1.465274 
-0.306000 -1.472604 
-0.305000 -1.479905 
-0.304000 -1.487175 
-0.303000 -1.494414 
-0.302000 -1.501622 
-0.301000 -1.508797 
-0.300000 -1.515939 
-0.299000 -1.523048 
-0.298000 -1.530122 
-0.297000 -1.537163 
-0.296000 -1.544168 
-0.295000 -1.551137 
-0.294000 -1.558069 
-0.293000 -1.564965 
-0.292000 -1.571823 
-0.291000 -1.578642 
-0.290000 -1.585422 
-0.289000 -1.592163 
-0.288000 -1.598863 
-0.287000 -1.605523 
-0.286000 -1.612141 
-0.285000 -1.618716 
-0.284000 -1.625249 
-0.283000 -1.631737 
-0.282000 -1.638182 
-0.281000 -1.644581 
-0.280000 -1.650934 
-0.279000 -1.657241 
-0.278000 -1.663501 
-0.277000 -1.669712 
-0.276000 -1.675875 
-0.275000 -1.681989 
-0.274000 -1.688052 
-0.273000 -1.694064 
-0.272000 -1.700025 
-0.271000 -1.705933 
-0.270000 -1.711788 
-0.269000 -1.717589 
-0.268000 -1.723335 
-0.267000 -1.729025 
-0.266000 -1.734659 
-0.265000 -1.740236 
-0.264000 -1.745755 
-0.263000 -1.751215 
-0.262000 -1.756615 
-0.261000 -1.761955 
-0.260000 -1.767233 
-0.259000 -1.772450 
-0.258000 -1.777603 
-0.257000 -1.782692 
-0.256000 -1.787717 
-0.255000 -1.792676 
-0.254000 -1.797569 
-0.253000 -1.802395 
-0.252000 -1.807152 
-0.251000 -1.811840 
-0.250000 -1.816458 
-0.249000 -1.821006 
-0.248000 -1.825481 
-0.247000 -1.829884 
-0.246000 -1.834214 
-0.245000 -1.838469 
-0.244000 -1.842648 
-0.243000 -1.846752 
-0.242000 -1.850778 
-0.241000 -1.854725 
-0.240000 -1.858594 
-0.239000 -1.862383 
-0.238000 -1.866090 
-0.237000 -1.869716 
-0.236000 -1.873259 
-0.235000 -1.876718 
-0.234000 -1.880092 
-0.233000 -1.883381 
-0.232000 -1.886582 
-0.231000 -1.889697 
-0.230000 -1.892722 
-0.229000 -1.895658 
-0.228000 -1.898503 
-0.227000 -1.901257 
-0.226000 -1.903918 
-0.225000 -1.906486 
-0.224000 -1.908959 
-0.223000 -1.911337 
-0.222000 -1.913618 
-0.221000 -1.915802 
-0.220000 -1.917888 
-0.219000 -1.919874 
-0.218000 -1.921760 
-0.217000 -1.923545 
-0.216000 -1.925227 
-0.215000 -1.926806 
-0.214000 -1.928281 
-0.213000 -1.929651 
-0.212000 -1.930915 
-0.211000 -1.932071 
-0.210000 -1.933120 
-0.209000 -1.934059 
-0.208000 -1.934888 
-0.207000 -1.935607 
-0.206000 -1.936213 
-0.205000 -1.936707 
-0.204000 -1.937087 
-0.203000 -1.937352 
-0.202000 -1.937502 
-0.201000 -1.937535 
-0.200000 -1.937451 
-0.199000 -1.937248 
-0.198000 -1.936926 
-0.197000 -1.936484 
-0.196000 -1.935921 
-0.195000 -1.935236 
-0.194000 -1.934428 
-0.193000 -1.933496 
-0.192000 -1.932440 
-0.191000 -1.931259 
-0.190000 -1.929952 
-0.189000 -1.928517 
-0.188000 -1.926955 
-0.187000 -1.925264 
-0.186000 -1.923444 
-0.185000 -1.921494 
-0.184000 -1.919413 
-0.183000 -1.917200 
-0.182000 -1.914855 
-0.181000 -1.912377 
-0.180000 -1.909765 
-0.179000 -1.907019 
-0.178000 -1.904137 
-0.177000 -1.901120 
-0.176000 -1.897967 
-0.175000 -1.894676 
-0.174000 -1.891248 
-0.173000 -1.887682 
-0.172000 -1.883977 
-0.171000 -1.880132 
-0.170000 -1.876148 
-0.169000 -1.872024 
-0.168000 -1.867759 
-0.167000 -1.863352 
-0.166000 -1.858804 
-0.165000 -1.854114 
-0.164000 -1.849282 
-0.163000 -1.844306 
-0.162000 -1.839188 
-0.161000 -1.833925 
-0.160000 -1.828520 
-0.159000 -1.822970 
-0.158000 -1.817275 
-0.157000 -1.811436 
-0.156000 -1.805453 
-0.155000 -1.799324 
-0.154000 -1.793050 
-0.153000 -1.786632 
-0.152000 -1.780068 
-0.151000 -1.773358 
-0.150000 -1.766504 
-0.149000 -1.759503 
-0.148000 -1.752358 
-0.147000 -1.745067 
-0.146000 -1.737632 
-0.145000 -1.730051 
-0.144000 -1.722325 
-0.143000 -1.714455 
-0.142000 -1.706440 
-0.141000 -1.698280 
-0.140000 -1.689977 
-0.139000 -1.681530 
-0.138000 -1.672940 
-0.137000 -1.664207 
-0.136000 -1.655331 
-0.135000 -1.646313 
-0.134000 -1.637153 
-0.133000 -1.627852 
-0.132000 -1.618410 
-0.131000 -1.608829 
-0.130000 -1.599108 
-0.129000 -1.589248 
-0.128000 -1.579250 
-0.127000 -1.569114 
-0.126000 -1.558842 
-0.125000 -1.548433 
-0.124000 -1.537890 
-0.123000 -1.527212 
-0.122000 -1.516400 
-0.121000 -1.505456 
-0.120000 -1.494381 
-0.119000 -1.483174 
-0.118000 -1.471838 
-0.117000 -1.460374 
-0.116000 -1.448782 
-0.115000 -1.437063 
-0.114000 -1.425219 
-0.113000 -1.413251 
-0.112000 -1.401159 
-0.111000 -1.388946 
-0.110000 -1.376613 
-0.109000 -1.364160 
-0.108000 -1.351589 
-0.107000 -1.338902 
-0.106000 -1.326099 
-0.105000 -1.313183 
-0.104000 -1.300155 
-0.103000 -1.287015 
-0.102000 -1.273766 
-0.101000 -1.260409 
-0.100000 -1.246946 
-0.099000 -1.233378 
-0.098000 -1.219707 
-0.097000 -1.205935 
-0.096000 -1.192062 
-0.095000 -1.178092 
-0.094000 -1.164024 
-0.093000 -1.149862 
-0.092000 -1.135607 
-0.091000 -1.121261 
-0.090000 -1.106825 
-0.089000 -1.092302 
-0.088000 -1.077691 
-0.087000 -1.062998 
-0.086000 -1.048222 
-0.085000 -1.033366 
-0.084000 -1.018432 
-0.083000 -1.003421 
-0.082000 -0.988336 
-0.081000 -0.973178 
-0.080000 -0.957949 
-0.079000 -0.942652 
-0.078000 -0.927288 
-0.077000 -0.911860 
-0.076000 -0.896369 
-0.075000 -0.880817 
-0.074000 -0.865206 
-0.073000 -0.849539 
-0.072000 -0.833818 
-0.071000 -0.818044 
-0.070000 -0.802219 
-0.069000 -0.786346 
-0.068000 -0.770427 
-0.067000 -0.754464 
-0.066000 -0.738458 
-0.065000 -0.722413 
-0.064000 -0.706329 
-0.063000 -0.690210 
-0.062000 -0.674056 
-0.061000 -0.657871 
-0.060000 -0.641657 
-0.059000 -0.625414 
-0.058000 -0.609147 
-0.057000 -0.592855 
-0.056000 -0.576543 
-0.055000 -0.560211 
-0.054000 -0.543861 
-0.053000 -0.527497 
-0.052000 -0.511119 
-0.051000 -0.494731 
-0.050000 -0.478333 
-0.049000 -0.461928 
-0.048000 -0.445517 
-0.047000 -0.429104 
-0.046000 -0.412690 
-0.045000 -0.396276 
-0.044000 -0.379865 
-0.043000 -0.363459 
-0.042000 -0.347060 
-0.041000 -0.330669 
-0.040000 -0.314289 
-0.039000 -0.297921 
-0.038000 -0.281567 
-0.037000 -0.265229 
-0.036000 -0.248909 
-0.035000 -0.232609 
-0.034000 -0.216331 
-0.033000 -0.200076 
-0.032000 -0.183846 
-0.031000 -0.167642 
-0.030000 -0.151468 
-0.029000 -0.135323 
-0.028000 -0.119210 
-0.027000 -0.103131 
-0.026000 -0.087088 
-0.025000 -0.071081 
-0.024000 -0.055112 
-0.023000 -0.039184 
-0.022000 -0.023297 
-0.021000 -0.007454 
-0.020000 0.008346 
-0.019000 0.024098 
-0.018000 0.039804 
-0.017000 0.055460 
-0.016000 0.071066 
-0.015000 0.086620 
-0.014000 0.102121 
-0.013000 0.117567 
-0.012000 0.132958 
-0.011000 0.148291 
-0.010000 0.163566 
-0.009000 0.178781 
-0.008000 0.193935 
-0.007000 0.209027 
-0.006000 0.224056 
-0.005000 0.239020 
-0.004000 0.253919 
-0.003000 0.268751 
-0.002000 0.283515 
-0.001000 0.298211 
-0.000000 0.312837 
0.001000 0.327391 
0.002000 0.341874 
0.003000 0.356285 
0.004000 0.370621 
0.005000 0.384883 
0.006000 0.399070 
0.007000 0.413180 
0.008000 0.427212 
0.009000 0.441167 
0.010000 0.455043 
0.011000 0.468840 
0.012000 0.482556 
0.013000 0.496191 
0.014000 0.509744 
0.015000 0.523215 
0.016000 0.536603 
0.017000 0.549907 
0.018000 0.563127 
0.019000 0.576262 
0.020000 0.589311 
0.021000 0.602275 
0.022000 0.615152 
0.023000 0.627942 
0.024000 0.640644 
0.025000 0.653258 
0.026000 0.665784 
0.027000 0.678221 
0.028000 0.690569 
0.029000 0.702828 
0.030000 0.714996 
0.031000 0.727074 
0.032000 0.739061 
0.033000 0.750957 
0.034000 0.762762 
0.035000 0.774476 
0.036000 0.786097 
0.037000 0.797627 
0.038000 0.809064 
0.039000 0.820409 
0.040000 0.831662 
0.041000 0.842821 
0.042000 0.853888 
0.043000 0.864861 
0.044000 0.875741 
0.045000 0.886528 
0.046000 0.897222 
0.047000 0.907822 
0.048000 0.918328 
0.049000 0.928741 
0.050000 0.939060 
0.051000 0.949285 
0.052000 0.959417 
0.053000 0.969455 
0.054000 0.979400 
0.055000 0.989251 
0.056000 0.999008 
0.057000 1.008672 
0.058000 1.018242 
0.059000 1.027719 
0.060000 1.037102 
0.061000 1.046393 
0.062000 1.055590 
0.063000 1.064694 
0.064000 1.073706 
0.065000 1.082624 
0.066000 1.091450 
0.067000 1.100184 
0.068000 1.108826 
0.069000 1.117375 
0.070000 1.125833 
0.071000 1.134199 
0.072000 1.142473 
0.073000 1.150656 
0.074000 1.158748 
0.075000 1.166750 
0.076000 1.174660 
0.077000 1.182481 
0.078000 1.190211 
0.079000 1.197852 
0.080000 1.205403 
0.081000 1.212864 
0.082000 1.220237 
0.083000 1.227521 
0.084000 1.234716 
0.085000 1.241823 
0.086000 1.248842 
0.087000 1.255774 
0.088000 1.262619 
0.089000 1.269376 
0.090000 1.276047 
0.091000 1.282631 
0.092000 1.289130 
0.093000 1.295543 
0.094000 1.301871 
0.095000 1.308113 
0.096000 1.314271 
0.097000 1.320345 
0.098000 1.326334 
0.099000 1.332240 
0.100000 1.338063 
0.101000 1.343803 
0.102000 1.349461 
0.103000 1.355036 
0.104000 1.360530 
0.105000 1.365942 
0.106000 1.371273 
0.107000 1.376523 
0.108000 1.381693 
0.109000 1.386783 
0.110000 1.391794 
0.111000 1.396725 
0.112000 1.401578 
0.113000 1.406352 
0.114000 1.411048 
0.115000 1.415667 
0.116000 1.420208 
0.117000 1.424673 
0.118000 1.429061 
0.119000 1.433373 
0.120000 1.437609 
0.121000 1.441770 
0.122000 1.445856 
0.123000 1.449868 
0.124000 1.453806 
0.125000 1.457669 
0.126000 1.461460 
0.127000 1.465178 
0.128000 1.468823 
0.129000 1.472396 
0.130000 1.475897 
0.131000 1.479327 
0.132000 1.482686 
0.133000 1.485974 
0.134000 1.489192 
0.135000 1.492341 
0.136000 1.495420 
0.137000 1.498430 
0.138000 1.501372 
0.139000 1.504245 
0.140000 1.507051 
0.141000 1.509789 
0.142000 1.512460 
0.143000 1.515065 
0.144000 1.517603 
0.145000 1.520076 
0.146000 1.522483 
0.147000 1.524824 
0.148000 1.527102 
0.149000 1.529315 
0.150000 1.531464 
0.151000 1.533549 
0.152000 1.535571 
0.153000 1.537531 
0.154000 1.539428 
0.155000 1.541263 
0.156000 1.543036 
0.157000 1.544748 
0.158000 1.546399 
0.159000 1.547990 
0.160000 1.549520 
0.161000 1.550990 
0.162000 1.552401 
0.163000 1.553753 
0.164000 1.555047 
0.165000 1.556281 
0.166000 1.557458 
0.167000 1.558578 
0.168000 1.559639 
0.169000 1.560644 
0.170000 1.561593 
0.171000 1.562485 
0.172000 1.563321 
0.173000 1.564102 
0.174000 1.564827 
0.175000 1.565498 
0.176000 1.566114 
0.177000 1.566676 
0.178000 1.567184 
0.179000 1.567639 
0.180000 1.568040 
0.181000 1.568389 
0.182000 1.568685 
0.183000 1.568929 
0.184000 1.569121 
0.185000 1.569262 
0.186000 1.569351 
0.187000 1.569389 
0.188000 1.569377 
0.189000 1.569315 
0.190000 1.569203 
0.191000 1.569041 
0.192000 1.568830 
0.193000 1.568570 
0.194000 1.568261 
0.195000 1.567904 
0.196000 1.567498 
0.197000 1.567045 
0.198000 1.566545 
0.199000 1.565997 
0.200000 1.565403 
0.201000 1.564762 
0.202000 1.564074 
0.203000 1.563341 
0.204000 1.562562 
0.205000 1.561737 
0.206000 1.560867 
0.207000 1.559953 
0.208000 1.558994 
0.209000 1.557990 
0.210000 1.556943 
0.211000 1.555852 
0.212000 1.554717 
0.213000 1.553539 
0.214000 1.552319 
0.215000 1.551055 
0.216000 1.549749 
0.217000 1.548401 
0.218000 1.547011 
0.219000 1.545580 
0.220000 1.544107 
0.221000 1.542593 
0.222000 1.541039 
0.223000 1.539443 
0.224000 1.537808 
0.225000 1.536132 
0.226000 1.534416 
0.227000 1.532661 
0.228000 1.530866 
0.229000 1.529033 
0.230000 1.527160 
0.231000 1.525249 
0.232000 1.523299 
0.233000 1.521311 
0.234000 1.519286 
0.235000 1.517222 
0.236000 1.515121 
0.237000 1.512983 
0.238000 1.510808 
0.239000 1.508596 
0.240000 1.506347 
0.241000 1.504062 
0.242000 1.501741 
0.243000 1.499384 
0.244000 1.496992 
0.245000 1.494564 
0.246000 1.492100 
0.247000 1.489601 
0.248000 1.487068 
0.249000 1.484500 
0.250000 1.481897 
0.251000 1.479261 
0.252000 1.476590 
0.253000 1.473885 
0.254000 1.471147 
0.255000 1.468375 
0.256000 1.465570 
0.257000 1.462732 
0.258000 1.459861 
0.259000 1.456957 
0.260000 1.454021 
0.261000 1.451053 
0.262000 1.448052 
0.263000 1.445020 
0.264000 1.441955 
0.265000 1.438860 
0.266000 1.435733 
0.267000 1.432574 
0.268000 1.429385 
0.269000 1.426164 
0.270000 1.422913 
0.271000 1.419632 
0.272000 1.416320 
0.273000 1.412978 
0.274000 1.409606 
0.275000 1.406204 
0.276000 1.402773 
0.277000 1.399312 
0.278000 1.395822 
0.279000 1.392302 
0.280000 1.388754 
0.281000 1.385177 
0.282000 1.381571 
0.283000 1.377936 
0.284000 1.374273 
0.285000 1.370582 
0.286000 1.366863 
0.287000 1.363115 
0.288000 1.359340 
0.289000 1.355538 
0.290000 1.351708 
0.291000 1.347850 
0.292000 1.343966 
0.293000 1.340054 
0.294000 1.336116 
0.295000 1.332150 
0.296000 1.328158 
0.297000 1.324140 
0.298000 1.320095 
0.299000 1.316024 
0.300000 1.311927 
0.301000 1.307804 
0.302000 1.303655 
0.303000 1.299481 
0.304000 1.295281 
0.305000 1.291056 
0.306000 1.286805 
0.307000 1.282529 
0.308000 1.278228 
0.309000 1.273902 
0.310000 1.269552 
0.311000 1.265177 
0.312000 1.260777 
0.313000 1.256353 
0.314000 1.251904 
0.315000 1.247432 
0.316000 1.242935 
0.317000 1.238415 
0.318000 1.233870 
0.319000 1.229302 
0.320000 1.224710 
0.321000 1.220095 
0.322000 1.215456 
0.323000 1.210795 
0.324000 1.206110 
0.325000 1.201402 
0.326000 1.196671 
0.327000 1.191917 
0.328000 1.187140 
0.329000 1.182341 
0.330000 1.177520 
0.331000 1.172676 
0.332000 1.167810 
0.333000 1.162921 
0.334000 1.158011 
0.335000 1.153078 
0.336000 1.148124 
0.337000 1.143147 
0.338000 1.138149 
0.339000 1.133130 
0.340000 1.128089 
0.341000 1.123027 
0.342000 1.117943 
0.343000 1.112838 
0.344000 1.107712 
0.345000 1.102565 
0.346000 1.097397 
0.347000 1.092208 
0.348000 1.086998 
0.349000 1.081768 
0.350000 1.076517 
0.351000 1.071245 
0.352000 1.065954 
0.353000 1.060642 
0.354000 1.055309 
0.355000 1.049957 
0.356000 1.044584 
0.357000 1.039191 
0.358000 1.033779 
0.359000 1.028347 
0.360000 1.022895 
0.361000 1.017423 
0.362000 1.011932 
0.363000 1.006421 
0.364000 1.000891 
0.365000 0.995341 
0.366000 0.989773 
0.367000 0.984185 
0.368000 0.978578 
0.369000 0.972952 
0.370000 0.967307 
0.371000 0.961643 
0.372000 0.955960 
0.373000 0.950259 
0.374000 0.944538 
0.375000 0.938800 
0.376000 0.933043 
0.377000 0.927267 
0.378000 0.921473 
0.379000 0.915660 
0.380000 0.909830 
0.381000 0.903981 
0.382000 0.898114 
0.383000 0.892229 
0.384000 0.886327 
0.385000 0.880406 
0.386000 0.874467 
0.387000 0.868511 
0.388000 0.862537 
0.389000 0.856545 
0.390000 0.850536 
0.391000 0.844509 
0.392000 0.838465 
0.393000 0.832404 
0.394000 0.826325 
0.395000 0.820229 
0.396000 0.814116 
0.397000 0.807985 
0.398000 0.801838 
0.399000 0.795673 
0.400000 0.789492 
0.401000 0.783293 
0.402000 0.777078 
0.403000 0.770846 
0.404000 0.764598 
0.405000 0.758333 
0.406000 0.752051 
0.407000 0.745752 
0.408000 0.739438 
0.409000 0.733106 
0.410000 0.726759 
0.411000 0.720395 
0.412000 0.714014 
0.413000 0.707618 
0.414000 0.701205 
0.415000 0.694777 
0.416000 0.688332 
0.417000 0.681871 
0.418000 0.675395 
0.419000 0.668903 
0.420000 0.662394 
0.421000 0.655871 
0.422000 0.649331 
0.423000 0.642776 
0.424000 0.636205 
0.425000 0.629618 
0.426000 0.623017 
0.427000 0.616399 
0.428000 0.609766 
0.429000 0.603118 
0.430000 0.596455 
0.431000 0.589777 
0.432000 0.583083 
0.433000 0.576374 
0.434000 0.569650 
0.435000 0.562911 
0.436000 0.556157 
0.437000 0.549388 
0.438000 0.542604 
0.439000 0.535806 
0.440000 0.528992 
0.441000 0.522164 
0.442000 0.515322 
0.443000 0.508464 
0.444000 0.501592 
0.445000 0.494706 
0.446000 0.487805 
0.447000 0.480889 
0.448000 0.473960 
0.449000 0.467015 
0.450000 0.460057 
0.451000 0.453084 
0.452000 0.446098 
0.453000 0.439097 
0.454000 0.432082 
0.455000 0.425053 
0.456000 0.418010 
0.457000 0.410953 
0.458000 0.403882 
0.459000 0.396797 
0.460000 0.389698 
0.461000 0.382586 
0.462000 0.375460 
0.463000 0.368321 
0.464000 0.361167 
0.465000 0.354001 
0.466000 0.346821 
0.467000 0.339627 
0.468000 0.332420 
0.469000 0.325199 
0.470000 0.317966 
0.471000 0.310719 
0.472000 0.303459 
0.473000 0.296185 
0.474000 0.288899 
0.475000 0.281599 
0.476000 0.274287 
0.477000 0.266962 
0.478000 0.259623 
0.479000 0.252272 
0.480000 0.244908 
0.481000 0.237531 
0.482000 0.230142 
0.483000 0.222740 
0.484000 0.215325 
0.485000 0.207898 
0.486000 0.200459 
0.487000 0.193007 
0.488000 0.185542 
0.489000 0.178065 
0.490000 0.170576 
0.491000 0.163075 
0.492000 0.155562 
0.493000 0.148036 
0.494000 0.140499 
0.495000 0.132949 
0.496000 0.125388 
0.497000 0.117814 
0.498000 0.110229 
0.499000 0.102632 
0.500000 0.095023 
0.501000 0.087403 
0.502000 0.079771 
0.503000 0.072127 
0.504000 0.064472 
0.505000 0.056806 
0.506000 0.049128 
0.507000 0.041439 
0.508000 0.033738 
0.509000 0.026027 
0.510000 0.018304 
0.511000 0.010570 
0.512000 0.002825 
0.513000 -0.004930 
0.514000 -0.012697 
0.515000 -0.020474 
0.516000 -0.028263 
0.517000 -0.036061 
0.518000 -0.043871 
0.519000 -0.051691 
0.520000 -0.059522 
0.521000 -0.067363 
0.522000 -0.075214 
0.523000 -0.083075 
0.524000 -0.090947 
0.525000 -0.098829 
0.526000 -0.106721 
0.527000 -0.114623 
0.528000 -0.122535 
0.529000 -0.130457 
0.530000 -0.138389 
0.531000 -0.146330 
0.532000 -0.154281 
0.533000 -0.162241 
0.534000 -0.170211 
0.535000 -0.178191 
0.536000 -0.186180 
0.537000 -0.194178 
0.538000 -0.202185 
0.539000 -0.210201 
0.540000 -0.218226 
0.541000 -0.226260 
0.542000 -0.234303 
0.543000 -0.242355 
0.544000 -0.250415 
0.545000 -0.258484 
0.546000 -0.266562 
0.547000 -0.274648 
0.548000 -0.282742 
0.549000 -0.290845 
0.550000 -0.298955 
0.551000 -0.307074 
0.552000 -0.315200 
0.553000 -0.323335 
0.554000 -0.331477 
0.555000 -0.339627 
0.556000 -0.347784 
0.557000 -0.355949 
0.558000 -0.364121 
0.559000 -0.372301 
0.560000 -0.380487 
0.561000 -0.388681 
0.562000 -0.396882 
0.563000 -0.405089 
0.564000 -0.413303 
0.565000 -0.421524 
0.566000 -0.429751 
0.567000 -0.437985 
0.568000 -0.446225 
0.569000 -0.454471 
0.570000 -0.462724 
0.571000 -0.470982 
0.572000 -0.479246 
0.573000 -0.487515 
0.574000 -0.495791 
0.575000 -0.504071 
0.576000 -0.512357 
0.577000 -0.520648 
0.578000 -0.528945 
0.579000 -0.537246 
0.580000 -0.545552 
0.581000 -0.553862 
0.582000 -0.562177 
0.583000 -0.570497 
0.584000 -0.578821 
0.585000 -0.587149 
0.586000 -0.595480 
0.587000 -0.603816 
0.588000 -0.612155 
0.589000 -0.620498 
0.590000 -0.628844 
0.591000 -0.637194 
0.592000 -0.645546 
0.593000 -0.653902 
0.594000 -0.662260 
0.595000 -0.670621 
0.596000 -0.678984 
0.597000 -0.687349 
0.598000 -0.695717 
0.599000 -0.704086 
0.600000 -0.712457 
0.601000 -0.720830 
0.602000 -0.729204 
0.603000 -0.737580 
0.604000 -0.745956 
0.605000 -0.754333 
0.606000 -0.762711 
0.607000 -0.771090 
0.608000 -0.779468 
0.609000 -0.787847 
0.610000 -0.796226 
0.611000 -0.804604 
0.612000 -0.812982 
0.613000 -0.821359 
0.614000 -0.829735 
0.615000 -0.838111 
0.616000 -0.846485 
0.617000 -0.854857 
0.618000 -0.863227 
0.619000 -0.871596 
0.620000 -0.879962 
0.621000 -0.888326 
0.622000 -0.896688 
0.623000 -0.905046 
0.624000 -0.913401 
0.625000 -0.921753 
0.626000 -0.930101 
0.627000 -0.938446 
0.628000 -0.946786 
0.629000 -0.955122 
0.630000 -0.963454 
0.631000 -0.971780 
0.632000 -0.980102 
0.633000 -0.988418 
0.634000 -0.996728 
0.635000 -1.005033 
0.636000 -1.013331 
0.637000 -1.021623 
0.638000 -1.029908 
0.639000 -1.038187 
0.640000 -1.046457 
0.641000 -1.054721 
0.642000 -1.062976 
0.643000 -1.071223 
0.644000 -1.079461 
0.645000 -1.087691 
0.646000 -1.095912 
0.647000 -1.104123 
0.648000 -1.112325 
0.649000 -1.120516 
0.650000 -1.128697 
0.651000 -1.136867 
0.652000 -1.145026 
0.653000 -1.153174 
0.654000 -1.161310 
0.655000 -1.169434 
0.656000 -1.177545 
0.657000 -1.185644 
0.658000 -1.193729 
0.659000 -1.201801 
0.660000 -1.209859 
0.661000 -1.217903 
0.662000 -1.225932 
0.663000 -1.233946 
0.664000 -1.241945 
0.665000 -1.249928 
0.666000 -1.257894 
0.667000 -1.265844 
0.668000 -1.273777 
0.669000 -1.281693 
0.670000 -1.289590 
0.671000 -1.297470 
0.672000 -1.305330 
0.673000 -1.313172 
0.674000 -1.320994 
0.675000 -1.328796 
0.676000 -1.336577 
0.677000 -1.344338 
0.678000 -1.352077 
0.679000 -1.359795 
0.680000 -1.367490 
0.681000 -1.375162 
0.682000 -1.382811 
0.683000 -1.390436 
0.684000 -1.398037 
0.685000 -1.405614 
0.686000 -1.413165 
0.687000 -1.420690 
0.688000 -1.428190 
0.689000 -1.435662 
0.690000 -1.443107 
0.691000 -1.450525 
0.692000 -1.457914 
0.693000 -1.465274 
0.694000 -1.472604 
0.695000 -1.479905 
0.696000 -1.487175 
0.697000 -1.494414 
0.698000 -1.501622 
0.699000 -1.508797 
0.700000 -1.515939 
0.701000 -1.523048 
0.702000 -1.530122 
0.703000 -1.537163 
0.704000 -1.544168 
0.705000 -1.551137 
0.706000 -1.558069 
0.707000 -1.564965 
0.708000 -1.571823 
0.709000 -1.578642 
0.710000 -1.585422 
0.711000 -1.592163 
0.712000 -1.598863 
0.713000 -1.605523 
0.714000 -1.612141 
0.715000 -1.618716 
0.716000 -1.625249 
0.717000 -1.631737 
0.718000 -1.638182 
0.719000 -1.644581 
0.720000 -1.650934 
0.721000 -1.657241 
0.722000 -1.663501 
0.723000 -1.669712 
0.724000 -1.675875 
0.725000 -1.681989 
0.726000 -1.688052 
0.727000 -1.694064 
0.728000 -1.700025 
0.729000 -1.705933 
0.730000 -1.711788 
0.731000 -1.717589 
0.732000 -1.723335 
0.733000 -1.729025 
0.734000 -1.734659 
0.735000 -1.740236 
0.736000 -1.745755 
0.737000 -1.751215 
0.738000 -1.756615 
0.739000 -1.761955 
0.740000 -1.767233 
0.741000 -1.772450 
0.742000 -1.777603 
0.743000 -1.782692 
0.744000 -1.787717 
0.745000 -1.792676 
0.746000 -1.797569 
0.747000 -1.802395 
0.748000 -1.807152 
0.749000 -1.811840 
0.750000 -1.816458 
0.751000 -1.821006 
0.752000 -1.825481 
0.753000 -1.829884 
0.754000 -1.834214 
0.755000 -1.838469 
0.756000 -1.842648 
0.757000 -1.846752 
0.758000 -1.850778 
0.759000 -1.854725 
0.760000 -1.858594 
0.761000 -1.862383 
0.762000 -1.866090 
0.763000 -1.869716 
0.764000 -1.873259 
0.765000 -1.876718 
0.766000 -1.880092 
0.767000 -1.883381 
0.768000 -1.886582 
0.769000 -1.889697 
0.770000 -1.892722 
0.771000 -1.895658 
0.772000 -1.898503 
0.773000 -1.901257 
0.774000 -1.903918 
0.775000 -1.906486 
0.776000 -1.908959 
0.777000 -1.911337 
0.778000 -1.913618 
0.779000 -1.915802 
0.780000 -1.917888 
0.781000 -1.919874 
0.782000 -1.921760 
0.783000 -1.923545 
0.784000 -1.925227 
0.785000 -1.926806 
0.786000 -1.928281 
0.787000 -1.929651 
0.788000 -1.930915 
0.789000 -1.932071 
0.790000 -1.933120 
0.791000 -1.934059 
0.792000 -1.934888 
0.793000 -1.935607 
0.794000 -1.936213 
0.795000 -1.936707 
0.796000 -1.937087 
0.797000 -1.937352 
0.798000 -1.937502 
0.799000 -1.937535 
0.800000 -1.937451 
0.801000 -1.937248 
0.802000 -1.936926 
0.803000 -1.936484 
0.804000 -1.935921 
0.805000 -1.935236 
0.806000 -1.934428 
0.807000 -1.933496 
0.808000 -1.932440 
0.809000 -1.931259 
0.810000 -1.929952 
0.811000 -1.928517 
0.812000 -1.926955 
0.813000 -1.925264 
0.814000 -1.923444 
0.815000 -1.921494 
0.816000 -1.919413 
0.817000 -1.917200 
0.818000 -1.914855 
0.819000 -1.912377 
0.820000 -1.909765 
0.821000 -1.907019 
0.822000 -1.904137 
0.823000 -1.901120 
0.824000 -1.897967 
0.825000 -1.894676 
0.826000 -1.891248 
0.827000 -1.887682 
0.828000 -1.883977 
0.829000 -1.880132 
0.830000 -1.876148 
0.831000 -1.872024 
0.832000 -1.867759 
0.833000 -1.863352 
0.834000 -1.858804 
0.835000 -1.854114 
0.836000 -1.849282 
0.837000 -1.844306 
0.838000 -1.839188 
0.839000 -1.833925 
0.840000 -1.828520 
0.841000 -1.822970 
0.842000 -1.817275 
0.843000 -1.811436 
0.844000 -1.805453 
0.845000 -1.799324 
0.846000 -1.793050 
0.847000 -1.786632 
0.848000 -1.780068 
0.849000 -1.773358 
0.850000 -1.766504 
0.851000 -1.759503 
0.852000 -1.752358 
0.853000 -1.745067 
0.854000 -1.737632 
0.855000 -1.730051 
0.856000 -1.722325 
0.857000 -1.714455 
0.858000 -1.706440 
0.859000 -1.698280 
0.860000 -1.689977 
0.861000 -1.681530 
0.862000 -1.672940 
0.863000 -1.664207 
0.864000 -1.655331 
0.865000 -1.646313 
0.866000 -1.637153 
0.867000 -1.627852 
0.868000 -1.618410 
0.869000 -1.608829 
0.870000 -1.599108 
0.871000 -1.589248 
0.872000 -1.579250 
0.873000 -1.569114 
0.874000 -1.558842 
0.875000 -1.548433 
0.876000 -1.537890 
0.877000 -1.527212 
0.878000 -1.516400 
0.879000 -1.505456 
0.880000 -1.494381 
0.881000 -1.483174 
0.882000 -1.471838 
0.883000 -1.460374 
0.884000 -1.448782 
0.885000 -1.437063 
0.886000 -1.425219 
0.887000 -1.413251 
0.888000 -1.401159 
0.889000 -1.388946 
0.890000 -1.376613 
0.891000 -1.364160 
0.892000 -1.351589 
0.893000 -1.338902 
0.894000 -1.326099 
0.895000 -1.313183 
0.896000 -1.300155 
0.897000 -1.287015 
0.898000 -1.273766 
0.899000 -1.260409 
0.900000 -1.246946 
0.901000 -1.233378 
0.902000 -1.219707 
0.903000 -1.205935 
0.904000 -1.192062 
0.905000 -1.178092 
0.906000 -1.164024 
0.907000 -1.149862 
0.908000 -1.135607 
0.909000 -1.121261 
0.910000 -1.106825 
0.911000 -1.092302 
0.912000 -1.077691 
0.913000 -1.062998 
0.914000 -1.048222 
0.915000 -1.033366 
0.916000 -1.018432 
0.917000 -1.003421 
0.918000 -0.988336 
0.919000 -0.973178 
0.920000 -0.957949 
0.921000 -0.942652 
0.922000 -0.927288 
0.923000 -0.911860 
0.924000 -0.896369 
0.925000 -0.880817 
0.926000 -0.865206 
0.927000 -0.849539 
0.928000 -0.833818 
0.929000 -0.818044 
0.930000 -0.802219 
0.931000 -0.786346 
0.932000 -0.770427 
0.933000 -0.754464 
0.934000 -0.738458 
0.935000 -0.722413 
0.936000 -0.706329 
0.937000 -0.690210 
0.938000 -0.674056 
0.939000 -0.657871 
0.940000 -0.641657 
0.941000 -0.625414 
0.942000 -0.609147 
0.943000 -0.592855 
0.944000 -0.576543 
0.945000 -0.560211 
0.946000 -0.543861 
0.947000 -0.527497 
0.948000 -0.511119 
0.949000 -0.494731 
0.950000 -0.478333 
0.951000 -0.461928 
0.952000 -0.445517 
0.953000 -0.429104 
0.954000 -0.412690 
0.955000 -0.396276 
0.956000 -0.379865 
0.957000 -0.363459 
0.958000 -0.347060 
0.959000 -0.330669 
0.960000 -0.314289 
0.961000 -0.297921 
0.962000 -0.281567 
0.963000 -0.265229 
0.964000 -0.248909 
0.965000 -0.232609 
0.966000 -0.216331 
0.967000 -0.200076 
0.968000 -0.183846 
0.969000 -0.167642 
0.970000 -0.151468 
0.971000 -0.135323 
0.972000 -0.119210 
0.973000 -0.103131 
0.974000 -0.087088 
0.975000 -0.071081 
0.976000 -0.055112 
0.977000 -0.039184 
0.978000 -0.023297 
0.979000 -0.007454 
0.980000 0.008346 
0.981000 0.024098 
0.982000 0.039804 
0.983000 0.055460 
0.984000 0.071066 
0.985000 0.086620 
0.986000 0.102121 
0.987000 0.117567 
0.988000 0.132958 
0.989000 0.148291 
0.990000 0.163566 
0.991000 0.178781 
0.992000 0.193935 
0.993000 0.209027 
0.994000 0.224056 
0.995000 0.239020 
0.996000 0.253919 
0.997000 0.268751 
0.998000 0.283515 
0.999000 0.298211 
1.000000 0.312837 
1.001000 0.327391 
1.002000 0.341874 
1.003000 0.356285 
1.004000 0.370621 
1.005000 0.384883 
1.006000 0.399070 
1.007000 0.413180 
1.008000 0.427212 
1.009000 0.441167 
1.010000 0.455043 
1.011000 0.468840 
1.012000 0.482556 
1.013000 0.496191 
1.014000 0.509744 
1.015000 0.523215 
1.016000 0.536603 
1.017000 0.549907 
1.018000 0.563127 
1.019000 0.576262 
1.020000 0.589311 
1.021000 0.602275 
1.022000 0.615152 
1.023000 0.627942 
1.024000 0.640644 
1.025000 0.653258 
1.026000 0.665784 
1.027000 0.678221 
1.028000 0.690569 
1.029000 0.702828 
1.030000 0.714996 
1.031000 0.727074 
1.032000 0.739061 
1.033000 0.750957 
1.034000 0.762762 
1.035000 0.774476 
1.036000 0.786097 
1.037000 0.797627 
1.038000 0.809064 
1.039000 0.820409 
1.040000 0.831662 
1.041000 0.842821 
1.042000 0.853888 
1.043000 0.864861 
1.044000 0.875741 
1.045000 0.886528 
1.046000 0.897222 
1.047000 0.907822 
1.048000 0.918328 
1.049000 0.928741 
1.050000 0.939060 
1.051000 0.949285 
1.052000 0.959417 
1.053000 0.969455 
1.054000 0.979400 
1.055000 0.989251 
1.056000 0.999008 
1.057000 1.008672 
1.058000 1.018242 
1.059000 1.027719 
1.060000 1.037102 
1.061000 1.046393 
1.062000 1.055590 
1.063000 1.064694 
1.064000 1.073706 
1.065000 1.082624 
1.066000 1.091450 
1.067000 1.100184 
1.068000 1.108826 
1.069000 1.117375 
1.070000 1.125833 
1.071000 1.134199 
1.072000 1.142473 
1.073000 1.150656 
1.074000 1.158748 
1.075000 1.166750 
1.076000 1.174660 
1.077000 1.182481 
1.078000 1.190211 
1.079000 1.197852 
1.080000 1.205403 
1.081000 1.212864 
1.082000 1.220237 
1.083000 1.227521 
1.084000 1.234716 
1.085000 1.241823 
1.086000 1.248842 
1.087000 1.255774 
1.088000 1.262619 
1.089000 1.269376 
1.090000 1.276047 
1.091000 1.282631 
1.092000 1.289130 
1.093000 1.295543 
1.094000 1.301871 
1.095000 1.308113 
1.096000 1.314271 
1.097000 1.320345 
1.098000 1.326334 
1.099000 1.332240 
1.100000 1.338063 
1.101000 1.343803 
1.102000 1.349461 
1.103000 1.355036 
1.104000 1.360530 
1.105000 1.365942 
1.106000 1.371273 
1.107000 1.376523 
1.108000 1.381693 
1.109000 1.386783 
1.110000 1.391794 
1.111000 1.396725 
1.112000 1.401578 
1.113000 1.406352 
1.114000 1.411048 
1.115000 1.415667 
1.116000 1.420208 
1.117000 1.424673 
1.118000 1.429061 
1.119000 1.433373 
1.120000 1.437609 
1.121000 1.441770 
1.122000 1.445856 
1.123000 1.449868 
1.124000 1.453806 
1.125000 1.457669 
1.126000 1.461460 
1.127000 1.465178 
1.128000 1.468823 
1.129000 1.472396 
1.130000 1.475897 
1.131000 1.479327 
1.132000 1.482686 
1.133000 1.485974 
1.134000 1.489192 
1.135000 1.492341 
1.136000 1.495420 
1.137000 1.498430 
1.138000 1.501372 
1.139000 1.504245 
1.140000 1.507051 
1.141000 1.509789 
1.142000 1.512460 
1.143000 1.515065 
1.144000 1.517603 
1.145000 1.520076 
1.146000 1.522483 
1.147000 1.524824 
1.148000 1.527102 
1.149000 1.529315 
1.150000 1.531464 
1.151000 1.533549 
1.152000 1.535571 
1.153000 1.537531 
1.154000 1.539428 
1.155000 1.541263 
1.156000 1.543036 
1.157000 1.544748 
1.158000 1.546399 
1.159000 1.547990 
1.160000 1.549520 
1.161000 1.550990 
1.162000 1.552401 
1.163000 1.553753 
1.164000 1.555047 
1.165000 1.556281 
1.166000 1.557458 
1.167000 1.558578 
1.168000 1.559639 
1.169000 1.560644 
1.170000 1.561593 
1.171000 1.562485 
1.172000 1.563321 
1.173000 1.564102 
1.174000 1.564827 
1.175000 1.565498 
1.176000 1.566114 
1.177000 1.566676 
1.178000 1.567184 
1.179000 1.567639 
1.180000 1.568040 
1.181000 1.568389 
1.182000 1.568685 
1.183000 1.568929 
1.184000 1.569121 
1.185000 1.569262 
1.186000 1.569351 
1.187000 1.569389 
1.188000 1.569377 
1.189000 1.569315 
1.190000 1.569203 
1.191000 1.569041 
1.192000 1.568830 
1.193000 1.568570 
1.194000 1.568261 
1.195000 1.567904 
1.196000 1.567498 
1.197000 1.567045 
1.198000 1.566545 
1.199000 1.565997 
1.200000 1.565403 
1.201000 1.564762 
1.202000 1.564074 
1.203000 1.563341 
1.204000 1.562562 
1.205000 1.561737 
1.206000 1.560867 
1.207000 1.559953 
1.208000 1.558994 
1.209000 1.557990 
1.210000 1.556943 
1.211000 1.555852 
1.212000 1.554717 
1.213000 1.553539 
1.214000 1.552319 
1.215000 1.551055 
1.216000 1.549749 
1.217000 1.548401 
1.218000 1.547011 
1.219000 1.545580 
1.220000 1.544107 
1.221000 1.542593 
1.222000 1.541039 
1.223000 1.539443 
1.224000 1.537808 
1.225000 1.536132 
1.226000 1.534416 
1.227000 1.532661 
1.228000 1.530866 
1.229000 1.529033 
1.230000 1.527160 
1.231000 1.525249 
1.232000 1.523299 
1.233000 1.521311 
1.234000 1.519286 
1.235000 1.517222 
1.236000 1.515121 
1.237000 1.512983 
1.238000 1.510808 
1.239000 1.508596 
1.240000 1.506347 
1.241000 1.504062 
1.242000 1.501741 
1.243000 1.499384 
1.244000 1.496992 
1.245000 1.494564 
1.246000 1.492100 
1.247000 1.489601 
1.248000 1.487068 
1.249000 1.484500 
1.250000 1.481897 
1.251000 1.479261 
1.252000 1.476590 
1.253000 1.473885 
1.254000 1.471147 
1.255000 1.468375 
1.256000 1.465570 
1.257000 1.462732 
1.258000 1.459861 
1.259000 1.456957 
1.260000 1.454021 
1.261000 1.451053 
1.262000 1.448052 
1.263000 1.445020 
1.264000 1.441955 
1.265000 1.438860 
1.266000 1.435733 
1.267000 1.432574 
1.268000 1.429385 
1.269000 1.426164 
1.270000 1.422913 
1.271000 1.419632 
1.272000 1.416320 
1.273000 1.412978 
1.274000 1.409606 
1.275000 1.406204 
1.276000 1.402773 
1.277000 1.399312 
1.278000 1.395822 
1.279000 1.392302 
1.280000 1.388754 
1.281000 1.385177 
1.282000 1.381571 
1.283000 1.377936 
1.284000 1.374273 
1.285000 1.370582 
1.286000 1.366863 
1.287000 1.363115 
1.288000 1.359340 
1.289000 1.355538 
1.290000 1.351708 
1.291000 1.347850 
1.292000 1.343966 
1.293000 1.340054 
1.294000 1.336116 
1.295000 1.332150 
1.296000 1.328158 
1.297000 1.324140 
1.298000 1.320095 
1.299000 1.316024 
1.300000 1.311927 
1.301000 1.307804 
1.302000 1.303655 
1.303000 1.299481 
1.304000 1.295281 
1.305000 1.291056 
1.306000 1.286805 
1.307000 1.282529 
1.308000 1.278228 
1.309000 1.273902 
1.310000 1.269552 
1.311000 1.265177 
1.312000 1.260777 
1.313000 1.256353 
1.314000 1.251904 
1.315000 1.247432 
1.316000 1.242935 
1.317000 1.238415 
1.318000 1.233870 
1.319000 1.229302 
1.320000 1.224710 
1.321000 1.220095 
1.322000 1.215456 
1.323000 1.210795 
1.324000 1.206110 
1.325000 1.201402 
1.326000 1.196671 
1.327000 1.191917 
1.328000 1.187140 
1.329000 1.182341 
1.330000 1.177520 
1.331000 1.172676 
1.332000 1.167810 
1.333000 1.162921 
1.334000 1.158011 
1.335000 1.153078 
1.336000 1.148124 
1.337000 1.143147 
1.338000 1.138149 
1.339000 1.133130 
1.340000 1.128089 
1.341000 1.123027 
1.342000 1.117943 
1.343000 1.112838 
1.344000 1.107712 
1.345000 1.102565 
1.346000 1.097397 
1.347000 1.092208 
1.348000 1.086998 
1.349000 1.081768 
1.350000 1.076517 
1.351000 1.071245 
1.352000 1.065954 
1.353000 1.060642 
1.354000 1.055309 
1.355000 1.049957 
1.356000 1.044584 
1.357000 1.039191 
1.358000 1.033779 
1.359000 1.028347 
1.360000 1.022895 
1.361000 1.017423 
1.362000 1.011932 
1.363000 1.006421 
1.364000 1.000891 
1.365000 0.995341 
1.366000 0.989773 
1.367000 0.984185 
1.368000 0.978578 
1.369000 0.972952 
1.370000 0.967307 
1.371000 0.961643 
1.372000 0.955960 
1.373000 0.950259 
1.374000 0.944538 
1.375000 0.938800 
1.376000 0.933043 
1.377000 0.927267 
1.378000 0.921473 
1.379000 0.915660 
1.380000 0.909830 
1.381000 0.903981 
1.382000 0.898114 
1.383000 0.892229 
1.384000 0.886327 
1.385000 0.880406 
1.386000 0.874467 
1.387000 0.868511 
1.388000 0.862537 
1.389000 0.856545 
1.390000 0.850536 
1.391000 0.844509 
1.392000 0.838465 
1.393000 0.832404 
1.394000 0.826325 
1.395000 0.820229 
1.396000 0.814116 
1.397000 0.807985 
1.398000 0.801838 
1.399000 0.795673 
1.400000 0.789492 
1.401000 0.783293 
1.402000 0.777078 
1.403000 0.770846 
1.404000 0.764598 
1.405000 0.758333 
1.406000 0.752051 
1.407000 0.745752 
1.408000 0.739438 
1.409000 0.733106 
1.410000 0.726759 
1.411000 0.720395 
1.412000 0.714014 
1.413000 0.707618 
1.414000 0.701205 
1.415000 0.694777 
1.416000 0.688332 
1.417000 0.681871 
1.418000 0.675395 
1.419000 0.668903 
1.420000 0.662394 
1.421000 0.655871 
1.422000 0.649331 
1.423000 0.642776 
1.424000 0.636205 
1.425000 0.629618 
1.426000 0.623017 
1.427000 0.616399 
1.428000 0.609766 
1.429000 0.603118 
1.430000 0.596455 
1.431000 0.589777 
1.432000 0.583083 
1.433000 0.576374 
1.434000 0.569650 
1.435000 0.562911 
1.436000 0.556157 
1.437000 0.549388 
1.438000 0.542604 
1.439000 0.535806 
1.440000 0.528992 
1.441000 0.522164 
1.442000 0.515322 
1.443000 0.508464 
1.444000 0.501592 
1.445000 0.494706 
1.446000 0.487805 
1.447000 0.480889 
1.448000 0.473960 
1.449000 0.467015 
1.450000 0.460057 
1.451000 0.453084 
1.452000 0.446098 
1.453000 0.439097 
1.454000 0.432082 
1.455000 0.425053 
1.456000 0.418010 
1.457000 0.410953 
1.458000 0.403882 
1.459000 0.396797 
1.460000 0.389698 
1.461000 0.382586 
1.462000 0.375460 
1.463000 0.368321 
1.464000 0.361167 
1.465000 0.354001 
1.466000 0.346821 
1.467000 0.339627 
1.468000 0.332420 
1.469000 0.325199 
1.470000 0.317966 
1.471000 0.310719 
1.472000 0.303459 
1.473000 0.296185 
1.474000 0.288899 
1.475000 0.281599 
1.476000 0.274287 
1.477000 0.266962 
1.478000 0.259623 
1.479000 0.252272 
1.480000 0.244908 
1.481000 0.237531 
1.482000 0.230142 
1.483000 0.222740 
1.484000 0.215325 
1.485000 0.207898 
1.486000 0.200459 
1.487000 0.193007 
1.488000 0.185542 
1.489000 0.178065 
1.490000 0.170576 
1.491000 0.163075 
1.492000 0.155562 
1.493000 0.148036 
1.494000 0.140499 
1.495000 0.132949 
1.496000 0.125388 
1.497000 0.117814 
1.498000 0.110229 
1.499000 0.102632 
