# time Tc_folded Tref_folded value value_err offset model full_model val_compare val_compare_err residuals residuals_err jitter jitter_flag offset_flag subset_flag 
59334.700184 0.000000 0.000000 12.513036 0.102000 9.853626 0.079861 10.246324 2.346574 0.102000 2.266712 0.102000 1.695863  -1   2  -1 
59334.703954 0.000000 0.000000 12.338036 0.102000 9.853626 0.080613 10.248011 2.170637 0.102000 2.090025 0.102000 1.695863  -1   2  -1 
59334.711459 0.000000 0.000000 11.786036 0.102000 9.853626 0.082116 10.251377 1.616775 0.102000 1.534659 0.102000 1.695863  -1   2  -1 
59334.934601 0.000000 0.000000 12.027445 0.113000 10.058575 0.129956 10.559011 1.598390 0.113000 1.468434 0.113000 1.695863  -1   3  -1 
59334.935678 0.000000 0.000000 9.957445 0.113000 10.058575 0.130194 10.559511 -0.471872 0.113000 -0.602066 0.113000 1.695863  -1   3  -1 
59334.936754 0.000000 0.000000 9.409445 0.113000 10.058575 0.130432 10.560011 -1.020134 0.113000 -1.150566 0.113000 1.695863  -1   3  -1 
59336.069824 0.000000 0.000000 9.820445 0.117000 10.058575 0.242918 10.933423 -0.870060 0.117000 -1.112978 0.117000 1.695863  -1   3  -1 
59336.071983 0.000000 0.000000 12.385445 0.117000 10.058575 0.242724 10.933696 1.694473 0.117000 1.451749 0.117000 1.695863  -1   3  -1 
59336.073065 0.000000 0.000000 11.459445 0.117000 10.058575 0.242626 10.933832 0.768239 0.117000 0.525613 0.117000 1.695863  -1   3  -1 
59336.087932 0.000000 0.000000 12.299016 0.109000 8.655030 0.241236 9.532112 3.008140 0.109000 2.766904 0.109000 1.695863  -1   0  -1 
59336.113567 0.000000 0.000000 11.451016 0.109000 8.655030 0.238657 9.535062 2.154610 0.109000 1.915954 0.109000 1.695863  -1   0  -1 
59336.116529 0.000000 0.000000 10.632016 0.109000 8.655030 0.238344 9.535387 1.334973 0.109000 1.096629 0.109000 1.695863  -1   0  -1 
59337.794690 0.000000 0.000000 11.758036 0.103000 9.853626 -0.108981 10.710827 0.938228 0.103000 1.047209 0.103000 1.695863  -1   2  -1 
59337.802213 0.000000 0.000000 11.947036 0.103000 9.853626 -0.109676 10.711414 1.125945 0.103000 1.235622 0.103000 1.695863  -1   2  -1 
59337.805964 0.000000 0.000000 11.783036 0.103000 9.853626 -0.110016 10.711714 0.961307 0.103000 1.071322 0.103000 1.695863  -1   2  -1 
59338.101617 0.000000 0.000000 12.022016 0.109000 8.655030 -0.120854 9.551439 2.349723 0.109000 2.470577 0.109000 1.695863  -1   0  -1 
59338.106766 0.000000 0.000000 11.620016 0.110000 8.655030 -0.120758 9.552370 1.946888 0.110000 2.067646 0.110000 1.695863  -1   0  -1 
59338.111894 0.000000 0.000000 11.480016 0.110000 8.655030 -0.120653 9.553306 1.806057 0.110000 1.926710 0.110000 1.695863  -1   0  -1 
59340.098120 0.000000 0.000000 7.644445 0.116000 10.058575 0.301262 11.648196 -3.702488 0.116000 -4.003751 0.116000 1.695863  -1   3  -1 
59340.099194 0.000000 0.000000 10.253445 0.117000 10.058575 0.301424 11.648475 -1.093606 0.117000 -1.395030 0.117000 1.695863  -1   3  -1 
59340.101354 0.000000 0.000000 9.977445 0.116000 10.058575 0.301748 11.649037 -1.369844 0.116000 -1.671592 0.116000 1.695863  -1   3  -1 
59340.125153 0.000000 0.000000 10.201016 0.104000 8.655030 0.305226 10.251580 0.254661 0.104000 -0.050564 0.104000 1.695863  -1   0  -1 
59340.134329 0.000000 0.000000 10.066016 0.104000 8.655030 0.306521 10.253878 0.118659 0.104000 -0.187862 0.104000 1.695863  -1   0  -1 
59340.148161 0.000000 0.000000 9.340016 0.104000 8.655030 0.308425 10.257290 -0.608849 0.104000 -0.917274 0.104000 1.695863  -1   0  -1 
59341.954385 0.000000 0.000000 12.591445 0.119000 10.058575 0.133678 11.644007 1.081115 0.119000 0.947438 0.119000 1.695863  -1   3  -1 
59341.957620 0.000000 0.000000 11.846445 0.119000 10.058575 0.133088 11.643635 0.335899 0.119000 0.202810 0.119000 1.695863  -1   3  -1 
59341.958695 0.000000 0.000000 11.125445 0.119000 10.058575 0.132893 11.643511 -0.385173 0.119000 -0.518066 0.119000 1.695863  -1   3  -1 
59341.996746 0.000000 0.000000 9.912016 0.107000 8.655030 0.126070 10.235676 -0.197590 0.107000 -0.323660 0.107000 1.695863  -1   0  -1 
59342.000684 0.000000 0.000000 11.168016 0.107000 8.655030 0.125376 10.235242 1.058150 0.107000 0.932774 0.107000 1.695863  -1   0  -1 
59343.674792 0.000000 0.000000 12.265036 0.104000 9.853626 0.171583 11.562276 0.874343 0.104000 0.702760 0.104000 1.695863  -1   2  -1 
59343.682301 0.000000 0.000000 11.495036 0.104000 9.853626 0.173224 11.564164 0.104095 0.104000 -0.069128 0.104000 1.695863  -1   2  -1 
59343.689815 0.000000 0.000000 11.638036 0.104000 9.853626 0.174870 11.566058 0.246848 0.104000 0.071978 0.104000 1.695863  -1   2  -1 
59344.038460 0.000000 0.000000 9.612016 0.106000 8.655030 0.254589 10.457532 -0.590927 0.106000 -0.845516 0.106000 1.695863  -1   0  -1 
59344.047124 0.000000 0.000000 9.678016 0.105000 8.655030 0.256577 10.459750 -0.525157 0.105000 -0.781734 0.105000 1.695863  -1   0  -1 
59344.054785 0.000000 0.000000 9.704016 0.105000 8.655030 0.258332 10.461707 -0.499359 0.105000 -0.757691 0.105000 1.695863  -1   0  -1 
59344.090520 0.000000 0.000000 10.762445 0.117000 10.058575 0.266480 11.874330 -0.845404 0.117000 -1.111885 0.117000 1.695863  -1   3  -1 
59344.093753 0.000000 0.000000 10.331445 0.117000 10.058575 0.267214 11.875146 -1.276487 0.117000 -1.543701 0.117000 1.695863  -1   3  -1 
59344.094826 0.000000 0.000000 12.097445 0.117000 10.058575 0.267457 11.875417 0.489485 0.117000 0.222028 0.117000 1.695863  -1   3  -1 
59345.052239 0.000000 0.000000 9.690016 0.106000 8.655030 0.404018 10.625283 -0.531249 0.106000 -0.935267 0.106000 1.695863  -1   0  -1 
59345.054836 0.000000 0.000000 9.351016 0.106000 8.655030 0.404059 10.625350 -0.870274 0.106000 -1.274334 0.106000 1.695863  -1   0  -1 
59345.062635 0.000000 0.000000 9.182016 0.105000 8.655030 0.404170 10.625536 -1.039350 0.105000 -1.443520 0.105000 1.695863  -1   0  -1 
59348.691508 0.000000 0.000000 9.657036 0.102000 9.853626 0.002858 11.366958 -1.707064 0.102000 -1.709922 0.102000 1.695863  -1   2  -1 
59348.699020 0.000000 0.000000 11.244036 0.102000 9.853626 0.004313 11.368131 -0.119782 0.102000 -0.124095 0.102000 1.695863  -1   2  -1 
59348.702790 0.000000 0.000000 11.974036 0.103000 9.853626 0.005045 11.368721 0.610359 0.103000 0.605315 0.103000 1.695863  -1   2  -1 
59349.021951 0.000000 0.000000 7.957016 0.108000 8.655030 0.070647 10.223206 -2.195543 0.108000 -2.266190 0.108000 1.695863  -1   0  -1 
59349.026999 0.000000 0.000000 5.714016 0.108000 8.655030 0.071711 10.224064 -4.438337 0.108000 -4.510048 0.108000 1.695863  -1   0  -1 
59349.032064 0.000000 0.000000 9.298016 0.109000 8.655030 0.072780 10.224925 -0.854129 0.109000 -0.926909 0.109000 1.695863  -1   0  -1 
59350.089948 0.000000 0.000000 11.005016 0.104000 8.655030 0.236290 10.339506 0.901800 0.104000 0.665510 0.104000 1.695863  -1   0  -1 
59350.092419 0.000000 0.000000 11.321016 0.104000 8.655030 0.236433 10.339523 1.217926 0.104000 0.981493 0.104000 1.695863  -1   0  -1 
59350.106715 0.000000 0.000000 11.969016 0.104000 8.655030 0.237233 10.339588 1.866661 0.104000 1.629428 0.104000 1.695863  -1   0  -1 
59350.920251 0.000000 0.000000 10.284016 0.105000 8.655030 0.210959 10.268457 0.226518 0.105000 0.015559 0.105000 1.695863  -1   0  -1 
59351.708087 0.000000 0.000000 10.082036 0.102000 9.853626 0.106754 11.314011 -1.125221 0.102000 -1.231975 0.102000 1.695863  -1   2  -1 
59351.715613 0.000000 0.000000 8.813036 0.102000 9.853626 0.105751 11.312518 -2.393731 0.102000 -2.499482 0.102000 1.695863  -1   2  -1 
59351.726880 0.000000 0.000000 9.479036 0.102000 9.853626 0.104257 11.310288 -1.726995 0.102000 -1.831252 0.102000 1.695863  -1   2  -1 
59352.098517 0.000000 0.000000 10.912016 0.107000 8.655030 0.061016 10.043627 0.929406 0.107000 0.868389 0.107000 1.695863  -1   0  -1 
59352.108322 0.000000 0.000000 10.396016 0.107000 8.655030 0.060075 10.042016 0.414075 0.107000 0.354000 0.107000 1.695863  -1   0  -1 
59352.122068 0.000000 0.000000 11.479016 0.107000 8.655030 0.058775 10.039777 1.498015 0.107000 1.439239 0.107000 1.695863  -1   0  -1 
59353.715347 0.000000 0.000000 12.882036 0.106000 9.853626 0.061222 11.122529 1.820729 0.106000 1.759507 0.106000 1.695863  -1   2  -1 
59353.719104 0.000000 0.000000 13.429036 0.106000 9.853626 0.061405 11.122413 2.368029 0.106000 2.306623 0.106000 1.695863  -1   2  -1 
59353.722869 0.000000 0.000000 15.656036 0.106000 9.853626 0.061589 11.122296 4.595329 0.106000 4.533740 0.106000 1.695863  -1   2  -1 
59354.076145 0.000000 0.000000 10.993016 0.113000 8.655030 0.075029 9.908515 1.159530 0.113000 1.084501 0.113000 1.695863  -1   0  -1 
59354.101312 0.000000 0.000000 10.347016 0.115000 8.655030 0.075592 9.907007 0.515601 0.115000 0.440009 0.115000 1.695863  -1   0  -1 
59354.104255 0.000000 0.000000 10.555016 0.115000 8.655030 0.075653 9.906826 0.723843 0.115000 0.648190 0.115000 1.695863  -1   0  -1 
59356.710684 0.000000 0.000000 8.178036 0.107000 9.853626 -0.159606 10.634831 -2.616401 0.107000 -2.456795 0.107000 1.695863  -1   2  -1 
59356.721985 0.000000 0.000000 8.616036 0.107000 9.853626 -0.159972 10.633360 -2.177296 0.107000 -2.017324 0.107000 1.695863  -1   2  -1 
59356.725745 0.000000 0.000000 7.224036 0.107000 9.853626 -0.160088 10.632876 -3.568928 0.107000 -3.408840 0.107000 1.695863  -1   2  -1 
59357.087914 0.000000 0.000000 11.478445 0.116000 10.058575 -0.157562 10.804578 0.516304 0.116000 0.673867 0.116000 1.695863  -1   3  -1 
59357.090082 0.000000 0.000000 9.046445 0.116000 10.058575 -0.157464 10.804460 -1.915480 0.116000 -1.758015 0.116000 1.695863  -1   3  -1 
59357.092248 0.000000 0.000000 11.123445 0.116000 10.058575 -0.157365 10.804344 0.161736 0.116000 0.319101 0.116000 1.695863  -1   3  -1 
59358.923301 0.000000 0.000000 9.632016 0.111000 8.655030 0.129165 9.496217 0.264964 0.111000 0.135799 0.111000 1.695863  -1   0  -1 
59358.931249 0.000000 0.000000 9.002016 0.111000 8.655030 0.130323 9.496510 -0.364171 0.111000 -0.494494 0.111000 1.695863  -1   0  -1 
59358.937426 0.000000 0.000000 9.394016 0.111000 8.655030 0.131217 9.496731 0.028502 0.111000 -0.102715 0.111000 1.695863  -1   0  -1 
59358.952972 0.000000 0.000000 11.744445 0.116000 10.058575 0.133440 10.900806 0.977079 0.116000 0.843639 0.116000 1.695863  -1   3  -1 
59358.954053 0.000000 0.000000 9.716445 0.116000 10.058575 0.133593 10.900841 -1.050803 0.116000 -1.184396 0.116000 1.695863  -1   3  -1 
59358.956208 0.000000 0.000000 9.905445 0.116000 10.058575 0.133898 10.900911 -0.861568 0.116000 -0.995466 0.116000 1.695863  -1   3  -1 
59361.683491 0.000000 0.000000 11.014036 0.106000 9.853626 0.003413 10.251749 0.765700 0.106000 0.762287 0.106000 1.695863  -1   2  -1 
59361.687248 0.000000 0.000000 10.757036 0.106000 9.853626 0.003099 10.250981 0.509154 0.106000 0.506055 0.106000 1.695863  -1   2  -1 
59361.691012 0.000000 0.000000 10.074036 0.106000 9.853626 0.002785 10.250213 -0.173392 0.106000 -0.176177 0.106000 1.695863  -1   2  -1 
59361.944566 0.000000 0.000000 10.255016 0.107000 8.655030 -0.015484 9.002589 1.236943 0.107000 1.252427 0.107000 1.695863  -1   0  -1 
59361.947357 0.000000 0.000000 8.539016 0.107000 8.655030 -0.015654 9.002079 -0.478717 0.107000 -0.463063 0.107000 1.695863  -1   0  -1 
59361.957166 0.000000 0.000000 9.884016 0.108000 8.655030 -0.016247 9.000291 0.867478 0.108000 0.883725 0.108000 1.695863  -1   0  -1 
59362.136140 0.000000 0.000000 11.463445 0.116000 10.058575 -0.025694 10.372516 1.065235 0.116000 1.090929 0.116000 1.695863  -1   3  -1 
59362.137220 0.000000 0.000000 11.289445 0.116000 10.058575 -0.025743 10.372334 0.891367 0.116000 0.917111 0.116000 1.695863  -1   3  -1 
59362.138308 0.000000 0.000000 11.254445 0.116000 10.058575 -0.025793 10.372151 0.856501 0.116000 0.882294 0.116000 1.695863  -1   3  -1 
59364.917885 0.000000 0.000000 10.797445 0.117000 10.058575 -0.185123 9.858049 0.754273 0.117000 0.939396 0.117000 1.695863  -1   3  -1 
59364.918966 0.000000 0.000000 13.743445 0.118000 10.058575 -0.185164 9.857865 3.700416 0.118000 3.885580 0.118000 1.695863  -1   3  -1 
59364.921142 0.000000 0.000000 12.322445 0.117000 10.058575 -0.185245 9.857496 2.279704 0.117000 2.464949 0.117000 1.695863  -1   3  -1 
59365.067320 0.000000 0.000000 12.372016 0.109000 8.655030 -0.188559 8.431255 3.752202 0.109000 3.940761 0.109000 1.695863  -1   0  -1 
59365.069993 0.000000 0.000000 12.389016 0.109000 8.655030 -0.188577 8.430882 3.769557 0.109000 3.958134 0.109000 1.695863  -1   0  -1 
59365.075398 0.000000 0.000000 13.155016 0.109000 8.655030 -0.188608 8.430133 4.536275 0.109000 4.724883 0.109000 1.695863  -1   0  -1 
59365.648355 0.000000 0.000000 10.628036 0.104000 9.853626 -0.145714 9.595014 0.887308 0.104000 1.033022 0.104000 1.695863  -1   2  -1 
59365.652118 0.000000 0.000000 11.484036 0.104000 9.853626 -0.145084 9.595137 1.743814 0.104000 1.888899 0.104000 1.695863  -1   2  -1 
59365.659667 0.000000 0.000000 10.294036 0.105000 9.853626 -0.143806 9.595400 0.554830 0.105000 0.698636 0.105000 1.695863  -1   2  -1 
59365.941188 0.000000 0.000000 10.541016 0.109000 8.655030 -0.081505 8.421105 2.038407 0.109000 2.119911 0.109000 1.695863  -1   0  -1 
59365.959824 0.000000 0.000000 9.199016 0.108000 8.655030 -0.076366 8.423719 0.698930 0.108000 0.775297 0.108000 1.695863  -1   0  -1 
59369.761210 0.000000 0.000000 8.228036 0.106000 9.853626 -0.326742 8.841306 -0.940011 0.106000 -0.613270 0.106000 1.695863  -1   2  -1 
59369.768738 0.000000 0.000000 6.325036 0.106000 9.853626 -0.336356 8.830619 -2.841939 0.106000 -2.505583 0.106000 1.695863  -1   2  -1 
59369.776263 0.000000 0.000000 7.991036 0.106000 9.853626 -0.345990 8.819913 -1.174867 0.106000 -0.828877 0.106000 1.695863  -1   2  -1 
59369.910940 0.000000 0.000000 7.933445 0.117000 10.058575 -0.521854 8.829814 -1.418223 0.117000 -0.896369 0.117000 1.695863  -1   3  -1 
59369.912028 0.000000 0.000000 8.050445 0.117000 10.058575 -0.523298 8.828215 -1.301068 0.117000 -0.777770 0.117000 1.695863  -1   3  -1 
59369.913108 0.000000 0.000000 8.183445 0.117000 10.058575 -0.524731 8.826628 -1.167914 0.117000 -0.643183 0.117000 1.695863  -1   3  -1 
59370.023276 0.000000 0.000000 6.073016 0.109000 8.655030 -0.672343 7.259771 -1.859098 0.109000 -1.186755 0.109000 1.695863  -1   0  -1 
59370.025654 0.000000 0.000000 7.180016 0.109000 8.655030 -0.675554 7.256221 -0.751759 0.109000 -0.076205 0.109000 1.695863  -1   0  -1 
59370.030553 0.000000 0.000000 6.341016 0.110000 8.655030 -0.682172 7.248905 -1.590061 0.110000 -0.907889 0.110000 1.695863  -1   0  -1 
59374.802541 0.000000 0.000000 5.596036 0.107000 9.853626 0.005170 8.471414 -2.870209 0.107000 -2.875378 0.107000 1.695863  -1   2  -1 
59374.806302 0.000000 0.000000 5.522036 0.107000 9.853626 0.006669 8.472425 -2.943721 0.107000 -2.950389 0.107000 1.695863  -1   2  -1 
59374.810063 0.000000 0.000000 7.333036 0.107000 9.853626 0.008156 8.473424 -1.132233 0.107000 -1.140388 0.107000 1.695863  -1   2  -1 
59376.787767 0.000000 0.000000 6.897036 0.106000 9.853626 -0.374477 7.851363 -1.328803 0.106000 -0.954327 0.106000 1.695863  -1   2  -1 
59376.791518 0.000000 0.000000 6.839036 0.106000 9.853626 -0.376000 7.849425 -1.386389 0.106000 -1.010389 0.106000 1.695863  -1   2  -1 
59376.799035 0.000000 0.000000 4.539036 0.106000 9.853626 -0.379045 7.845550 -3.685559 0.106000 -3.306514 0.106000 1.695863  -1   2  -1 
59376.948922 0.000000 0.000000 7.490445 0.118000 10.058575 -0.437253 7.975891 -0.922699 0.118000 -0.485446 0.118000 1.695863  -1   3  -1 
59376.951075 0.000000 0.000000 9.995445 0.118000 10.058575 -0.438051 7.974860 1.582534 0.118000 2.020585 0.118000 1.695863  -1   3  -1 
59376.952157 0.000000 0.000000 7.071445 0.118000 10.058575 -0.438451 7.974342 -1.341348 0.118000 -0.902897 0.118000 1.695863  -1   3  -1 
59377.106321 0.000000 0.000000 4.323016 0.105000 8.655030 -0.492200 6.500499 -2.669683 0.105000 -2.177483 0.105000 1.695863  -1   0  -1 
59377.108935 0.000000 0.000000 6.659016 0.106000 8.655030 -0.493051 6.499370 -0.333405 0.106000 0.159646 0.106000 1.695863  -1   0  -1 
59377.116326 0.000000 0.000000 6.710016 0.106000 8.655030 -0.495446 6.496190 -0.281620 0.106000 0.213826 0.106000 1.695863  -1   0  -1 
59377.628949 0.000000 0.000000 6.412036 0.103000 9.853626 -0.615464 7.522259 -1.725687 0.103000 -1.110223 0.103000 1.695863  -1   2  -1 
59377.636479 0.000000 0.000000 8.793036 0.104000 9.853626 -0.616508 7.520474 0.656055 0.104000 1.272562 0.104000 1.695863  -1   2  -1 
59377.640253 0.000000 0.000000 8.817036 0.104000 9.853626 -0.617023 7.519587 0.680426 0.104000 1.297449 0.104000 1.695863  -1   2  -1 
59378.026109 0.000000 0.000000 7.354016 0.112000 8.655030 -0.642535 6.258742 0.452739 0.112000 1.095274 0.112000 1.695863  -1   0  -1 
59378.031599 0.000000 0.000000 6.618016 0.112000 8.655030 -0.642531 6.258242 -0.282757 0.112000 0.359774 0.112000 1.695863  -1   0  -1 
59378.035635 0.000000 0.000000 4.879016 0.113000 8.655030 -0.642521 6.257881 -2.021386 0.113000 -1.378865 0.113000 1.695863  -1   0  -1 
59379.024886 0.000000 0.000000 7.645016 0.112000 8.655030 -0.534804 6.284006 0.826206 0.112000 1.361010 0.112000 1.695863  -1   0  -1 
59379.027585 0.000000 0.000000 6.054016 0.112000 8.655030 -0.534375 6.284240 -0.764599 0.112000 -0.230224 0.112000 1.695863  -1   0  -1 
59379.734125 0.000000 0.000000 7.982036 0.106000 9.853626 -0.441474 7.530268 0.010294 0.106000 0.451768 0.106000 1.695863  -1   2  -1 
59379.737891 0.000000 0.000000 7.372036 0.106000 9.853626 -0.441152 7.530380 -0.599496 0.106000 -0.158344 0.106000 1.695863  -1   2  -1 
59379.749170 0.000000 0.000000 5.973036 0.107000 9.853626 -0.440202 7.530702 -1.997868 0.107000 -1.557666 0.107000 1.695863  -1   2  -1 
59379.927944 0.000000 0.000000 6.373016 0.111000 8.655030 -0.428043 6.334742 -0.389769 0.111000 0.038274 0.111000 1.695863  -1   0  -1 
59379.940910 0.000000 0.000000 6.288016 0.111000 8.655030 -0.427377 6.334748 -0.474110 0.111000 -0.046732 0.111000 1.695863  -1   0  -1 
59379.943737 0.000000 0.000000 7.458016 0.111000 8.655030 -0.427236 6.334747 0.696033 0.111000 1.123269 0.111000 1.695863  -1   0  -1 
59380.041449 0.000000 0.000000 9.142445 0.118000 10.058575 -0.423221 7.737490 0.981734 0.118000 1.404955 0.118000 1.695863  -1   3  -1 
59380.044695 0.000000 0.000000 7.565445 0.118000 10.058575 -0.423117 7.737439 -0.595110 0.118000 -0.171994 0.118000 1.695863  -1   3  -1 
59380.045775 0.000000 0.000000 9.611445 0.118000 10.058575 -0.423082 7.737421 1.450941 0.118000 1.874024 0.118000 1.695863  -1   3  -1 
59381.742082 0.000000 0.000000 8.717036 0.105000 9.853626 -0.514975 7.401334 0.800727 0.105000 1.315702 0.105000 1.695863  -1   2  -1 
59381.745840 0.000000 0.000000 8.304036 0.105000 9.853626 -0.515190 7.401133 0.387712 0.105000 0.902903 0.105000 1.695863  -1   2  -1 
59381.749613 0.000000 0.000000 6.563036 0.106000 9.853626 -0.515406 7.400933 -1.353303 0.106000 -0.837897 0.106000 1.695863  -1   2  -1 
59381.964035 0.000000 0.000000 6.574016 0.108000 8.655030 -0.525623 6.193812 -0.145419 0.108000 0.380204 0.108000 1.695863  -1   0  -1 
59381.966642 0.000000 0.000000 8.862016 0.108000 8.655030 -0.525722 6.193744 2.142550 0.108000 2.668272 0.108000 1.695863  -1   0  -1 
59381.969218 0.000000 0.000000 7.504016 0.108000 8.655030 -0.525819 6.193677 0.784520 0.108000 1.310339 0.108000 1.695863  -1   0  -1 
59382.115350 0.000000 0.000000 9.156445 0.114000 10.058575 -0.530328 7.594823 1.031293 0.114000 1.561622 0.114000 1.695863  -1   3  -1 
59382.116432 0.000000 0.000000 8.099445 0.114000 10.058575 -0.530355 7.594816 -0.025725 0.114000 0.504629 0.114000 1.695863  -1   3  -1 
59382.117507 0.000000 0.000000 7.782445 0.114000 10.058575 -0.530381 7.594808 -0.342744 0.114000 0.187637 0.114000 1.695863  -1   3  -1 
59383.644277 0.000000 0.000000 7.106036 0.103000 9.853626 -0.537012 7.453700 -0.884676 0.103000 -0.347664 0.103000 1.695863  -1   2  -1 
59383.648053 0.000000 0.000000 6.152036 0.103000 9.853626 -0.537217 7.453784 -1.838965 0.103000 -1.301748 0.103000 1.695863  -1   2  -1 
59383.655584 0.000000 0.000000 4.102036 0.103000 9.853626 -0.537633 7.453947 -3.889543 0.103000 -3.351911 0.103000 1.695863  -1   2  -1 
59383.978595 0.000000 0.000000 8.054445 0.119000 10.058575 -0.564679 7.658846 -0.169079 0.119000 0.395599 0.119000 1.695863  -1   3  -1 
59383.979676 0.000000 0.000000 10.057445 0.119000 10.058575 -0.564801 7.658821 1.833823 0.119000 2.398624 0.119000 1.695863  -1   3  -1 
59383.981846 0.000000 0.000000 10.101445 0.119000 10.058575 -0.565048 7.658770 1.877627 0.119000 2.442675 0.119000 1.695863  -1   3  -1 
59383.992473 0.000000 0.000000 5.816016 0.106000 8.655030 -0.566270 6.254966 -1.005220 0.106000 -0.438950 0.106000 1.695863  -1   0  -1 
59384.002278 0.000000 0.000000 5.494016 0.107000 8.655030 -0.567416 6.254713 -1.328113 0.107000 -0.760697 0.107000 1.695863  -1   0  -1 
59384.007238 0.000000 0.000000 6.542016 0.106000 8.655030 -0.568003 6.254579 -0.280566 0.106000 0.287437 0.106000 1.695863  -1   0  -1 
59384.628010 0.000000 0.000000 7.086036 0.099000 9.853626 -0.677798 7.408234 -0.999996 0.099000 -0.322198 0.099000 1.695863  -1   2  -1 
59384.631782 0.000000 0.000000 7.844036 0.100000 9.853626 -0.678666 7.407810 -0.242440 0.100000 0.436226 0.100000 1.695863  -1   2  -1 
59384.635541 0.000000 0.000000 5.998036 0.100000 9.853626 -0.679532 7.407386 -2.088883 0.100000 -1.409350 0.100000 1.695863  -1   2  -1 
59385.055212 0.000000 0.000000 5.790016 0.108000 8.655030 -0.785986 6.155496 -1.151466 0.108000 -0.365480 0.108000 1.695863  -1   0  -1 
59385.061472 0.000000 0.000000 5.595016 0.108000 8.655030 -0.787670 6.154661 -1.347315 0.108000 -0.559645 0.108000 1.695863  -1   0  -1 
59385.063906 0.000000 0.000000 5.283016 0.108000 8.655030 -0.788325 6.154336 -1.659645 0.108000 -0.871320 0.108000 1.695863  -1   0  -1 
59387.920967 0.000000 0.000000 6.280016 0.107000 8.655030 -0.715977 6.773522 -1.209483 0.107000 -0.493506 0.107000 1.695863  -1   0  -1 
59387.926477 0.000000 0.000000 8.525016 0.107000 8.655030 -0.713974 6.776849 1.034194 0.107000 1.748167 0.107000 1.695863  -1   0  -1 
59387.929412 0.000000 0.000000 6.352016 0.107000 8.655030 -0.712907 6.778621 -1.139511 0.107000 -0.426605 0.107000 1.695863  -1   0  -1 
59388.644350 0.000000 0.000000 8.653036 0.103000 9.853626 -0.479149 8.389261 -0.215374 0.103000 0.263775 0.103000 1.695863  -1   2  -1 
59388.659397 0.000000 0.000000 7.371036 0.104000 9.853626 -0.475342 8.396947 -1.501253 0.104000 -1.025911 0.104000 1.695863  -1   2  -1 
59388.663148 0.000000 0.000000 8.175036 0.104000 9.853626 -0.474403 8.398854 -0.698221 0.104000 -0.223818 0.104000 1.695863  -1   2  -1 
59388.965674 0.000000 0.000000 6.242016 0.109000 8.655030 -0.413568 7.340061 -1.511614 0.109000 -1.098045 0.109000 1.695863  -1   0  -1 
59388.967365 0.000000 0.000000 6.920445 0.117000 10.058575 -0.413317 8.744304 -2.237176 0.117000 -1.823859 0.117000 1.695863  -1   3  -1 
59388.968252 0.000000 0.000000 4.378016 0.109000 8.655030 -0.413186 7.341124 -3.376294 0.109000 -2.963108 0.109000 1.695863  -1   0  -1 
59388.968449 0.000000 0.000000 6.153445 0.117000 10.058575 -0.413156 8.744750 -3.004462 0.117000 -2.591305 0.117000 1.695863  -1   3  -1 
59388.969524 0.000000 0.000000 7.251445 0.117000 10.058575 -0.412998 8.745193 -1.906745 0.117000 -1.493748 0.117000 1.695863  -1   3  -1 
59388.970854 0.000000 0.000000 4.576016 0.109000 8.655030 -0.412802 7.342195 -3.178981 0.109000 -2.766179 0.109000 1.695863  -1   0  -1 
59389.809335 0.000000 0.000000 9.271036 0.098000 9.853626 -0.420507 8.759643 0.090886 0.098000 0.511393 0.098000 1.695863  -1   2  -1 
59389.828264 0.000000 0.000000 8.909036 0.097000 9.853626 -0.423479 8.761882 -0.276326 0.097000 0.147154 0.097000 1.695863  -1   2  -1 
59389.832028 0.000000 0.000000 9.154036 0.096000 9.853626 -0.424083 8.762316 -0.032363 0.096000 0.391720 0.096000 1.695863  -1   2  -1 
59389.926150 0.000000 0.000000 10.903445 0.118000 10.058575 -0.440396 8.976916 1.486133 0.118000 1.926529 0.118000 1.695863  -1   3  -1 
59389.928313 0.000000 0.000000 8.793445 0.118000 10.058575 -0.440798 8.977112 -0.624465 0.118000 -0.183667 0.118000 1.695863  -1   3  -1 
59389.929388 0.000000 0.000000 8.906445 0.118000 10.058575 -0.440998 8.977209 -0.511762 0.118000 -0.070764 0.118000 1.695863  -1   3  -1 
59389.952568 0.000000 0.000000 6.474016 0.108000 8.655030 -0.445377 7.575691 -1.547052 0.108000 -1.101675 0.108000 1.695863  -1   0  -1 
59389.957794 0.000000 0.000000 5.317016 0.108000 8.655030 -0.446382 7.576131 -2.705497 0.108000 -2.259115 0.108000 1.695863  -1   0  -1 
59389.966851 0.000000 0.000000 6.199016 0.107000 8.655030 -0.448138 7.576879 -1.826002 0.107000 -1.377863 0.107000 1.695863  -1   0  -1 
59392.835547 0.000000 0.000000 10.331036 0.103000 9.853626 -0.234129 9.776140 0.320767 0.103000 0.554896 0.103000 1.695863  -1   2  -1 
59392.843066 0.000000 0.000000 10.441036 0.103000 9.853626 -0.229299 9.782924 0.428813 0.103000 0.658112 0.103000 1.695863  -1   2  -1 
59392.846825 0.000000 0.000000 9.767036 0.103000 9.853626 -0.226880 9.786320 -0.246164 0.103000 -0.019284 0.103000 1.695863  -1   2  -1 
59393.111566 0.000000 0.000000 12.567016 0.109000 8.655030 -0.049893 8.832859 3.684264 0.109000 3.734157 0.109000 1.695863  -1   0  -1 
59393.114447 0.000000 0.000000 11.103016 0.109000 8.655030 -0.047916 8.835570 2.219530 0.109000 2.267446 0.109000 1.695863  -1   0  -1 
59393.123097 0.000000 0.000000 9.965016 0.109000 8.655030 -0.041978 8.843713 1.079325 0.109000 1.121303 0.109000 1.695863  -1   0  -1 
59397.703574 0.000000 0.000000 12.270036 0.104000 9.853626 -0.257525 10.741916 1.270595 0.104000 1.528120 0.104000 1.695863  -1   2  -1 
59397.714844 0.000000 0.000000 11.475036 0.104000 9.853626 -0.259297 10.741714 0.474025 0.104000 0.733322 0.104000 1.695863  -1   2  -1 
59397.718600 0.000000 0.000000 11.622036 0.104000 9.853626 -0.259877 10.741656 0.620503 0.104000 0.880380 0.104000 1.695863  -1   2  -1 
59397.891478 0.000000 0.000000 10.351016 0.106000 8.655030 -0.281013 9.545567 0.524436 0.106000 0.805449 0.106000 1.695863  -1   0  -1 
59397.896665 0.000000 0.000000 10.505016 0.106000 8.655030 -0.281483 9.545795 0.677738 0.106000 0.959221 0.106000 1.695863  -1   0  -1 
59397.899199 0.000000 0.000000 10.793016 0.106000 8.655030 -0.281709 9.545909 0.965398 0.106000 1.247107 0.106000 1.695863  -1   0  -1 
59398.093478 0.000000 0.000000 9.225445 0.118000 10.058575 -0.292615 10.964144 -2.031314 0.118000 -1.738699 0.118000 1.695863  -1   3  -1 
59398.094558 0.000000 0.000000 12.796445 0.117000 10.058575 -0.292642 10.964257 1.539546 0.117000 1.832188 0.117000 1.695863  -1   3  -1 
59398.096718 0.000000 0.000000 10.478445 0.117000 10.058575 -0.292694 10.964483 -0.778733 0.117000 -0.486038 0.117000 1.695863  -1   3  -1 
59401.792180 0.000000 0.000000 10.003036 0.105000 9.853626 -0.276936 11.089153 -1.363053 0.105000 -1.086117 0.105000 1.695863  -1   2  -1 
59401.795940 0.000000 0.000000 9.622036 0.106000 9.853626 -0.277319 11.088939 -1.744221 0.106000 -1.466903 0.106000 1.695863  -1   2  -1 
59401.799701 0.000000 0.000000 10.338036 0.105000 9.853626 -0.277700 11.088726 -1.028390 0.105000 -0.750690 0.105000 1.695863  -1   2  -1 
59401.885991 0.000000 0.000000 9.301016 0.108000 8.655030 -0.286096 9.885525 -0.870604 0.108000 -0.584509 0.108000 1.695863  -1   0  -1 
59401.888644 0.000000 0.000000 10.478016 0.107000 8.655030 -0.286342 9.885392 0.306281 0.107000 0.592624 0.107000 1.695863  -1   0  -1 
59401.892602 0.000000 0.000000 10.397016 0.107000 8.655030 -0.286709 9.885196 0.225111 0.107000 0.511820 0.107000 1.695863  -1   0  -1 
59401.927059 0.000000 0.000000 10.789000 0.120000 11.049915 -0.289835 12.278424 -1.779259 0.120000 -1.489424 0.120000 1.695863  -1   1  -1 
59401.927765 0.000000 0.000000 11.705000 0.120000 11.049915 -0.289897 12.278391 -0.863288 0.120000 -0.573391 0.120000 1.695863  -1   1  -1 
59401.929177 0.000000 0.000000 11.050000 0.120000 11.049915 -0.290023 12.278325 -1.518348 0.120000 -1.228325 0.120000 1.695863  -1   1  -1 
59401.992049 0.000000 0.000000 12.236445 0.121000 10.058575 -0.295386 11.284242 0.656816 0.121000 0.952203 0.121000 1.695863  -1   3  -1 
59401.994207 0.000000 0.000000 12.383445 0.122000 10.058575 -0.295563 11.284154 0.803728 0.122000 1.099291 0.122000 1.695863  -1   3  -1 
59401.995280 0.000000 0.000000 11.654445 0.122000 10.058575 -0.295650 11.284111 0.074684 0.122000 0.370334 0.122000 1.695863  -1   3  -1 
59402.794210 0.000000 0.000000 10.546036 0.105000 9.853626 -0.320375 11.081329 -0.855668 0.105000 -0.535293 0.105000 1.695863  -1   2  -1 
59402.797974 0.000000 0.000000 9.392036 0.105000 9.853626 -0.320299 11.081505 -2.009768 0.105000 -1.689469 0.105000 1.695863  -1   2  -1 
59402.801729 0.000000 0.000000 10.372036 0.105000 9.853626 -0.320221 11.081682 -1.029867 0.105000 -0.709646 0.105000 1.695863  -1   2  -1 
59402.966503 0.000000 0.000000 11.189000 0.117000 11.049915 -0.315255 12.287047 -1.413302 0.117000 -1.098047 0.117000 1.695863  -1   1  -1 
59402.968621 0.000000 0.000000 14.018000 0.117000 11.049915 -0.315173 12.287179 1.415648 0.117000 1.730821 0.117000 1.695863  -1   1  -1 
59402.969327 0.000000 0.000000 13.132000 0.117000 11.049915 -0.315145 12.287223 0.529632 0.117000 0.844777 0.117000 1.695863  -1   1  -1 
59402.970612 0.000000 0.000000 11.095445 0.117000 10.058575 -0.315095 11.295964 -0.515614 0.117000 -0.200519 0.117000 1.695863  -1   3  -1 
59402.971692 0.000000 0.000000 13.128445 0.117000 10.058575 -0.315052 11.296032 1.517361 0.117000 1.832413 0.117000 1.695863  -1   3  -1 
59402.972765 0.000000 0.000000 12.770445 0.117000 10.058575 -0.315010 11.296099 1.159336 0.117000 1.474346 0.117000 1.695863  -1   3  -1 
59403.889282 0.000000 0.000000 10.672000 0.121000 11.049915 -0.254939 12.362011 -1.944951 0.121000 -1.690011 0.121000 1.695863  -1   1  -1 
59403.890693 0.000000 0.000000 11.039000 0.121000 11.049915 -0.254840 12.362123 -1.577962 0.121000 -1.323123 0.121000 1.695863  -1   1  -1 
59403.891398 0.000000 0.000000 10.586000 0.121000 11.049915 -0.254790 12.362179 -2.030968 0.121000 -1.776179 0.121000 1.695863  -1   1  -1 
59403.992215 0.000000 0.000000 8.990016 0.107000 8.655030 -0.247861 9.974994 -1.232840 0.107000 -0.984978 0.107000 1.695863  -1   0  -1 
59404.001960 0.000000 0.000000 9.910016 0.108000 8.655030 -0.247215 9.975707 -0.312906 0.108000 -0.065691 0.108000 1.695863  -1   0  -1 
59404.004362 0.000000 0.000000 9.362016 0.108000 8.655030 -0.247057 9.975881 -0.860922 0.108000 -0.613865 0.108000 1.695863  -1   0  -1 
59404.084675 0.000000 0.000000 10.388445 0.117000 10.058575 -0.241933 11.385039 -1.238526 0.117000 -0.996594 0.117000 1.695863  -1   3  -1 
59404.085749 0.000000 0.000000 12.446445 0.117000 10.058575 -0.241866 11.385111 0.819468 0.117000 1.061334 0.117000 1.695863  -1   3  -1 
59404.086835 0.000000 0.000000 11.398445 0.117000 10.058575 -0.241800 11.385183 -0.228538 0.117000 0.013262 0.117000 1.695863  -1   3  -1 
59405.737353 0.000000 0.000000 13.281036 0.105000 9.853626 -0.267489 11.143969 1.869577 0.105000 2.137067 0.105000 1.695863  -1   2  -1 
59405.748644 0.000000 0.000000 13.121036 0.104000 9.853626 -0.268584 11.142675 1.709777 0.104000 1.978361 0.104000 1.695863  -1   2  -1 
59405.756176 0.000000 0.000000 12.271036 0.105000 9.853626 -0.269320 11.141805 0.859910 0.105000 1.129231 0.105000 1.695863  -1   2  -1 
59405.855588 0.000000 0.000000 13.100000 0.119000 11.049915 -0.279460 12.326121 0.494419 0.119000 0.773879 0.119000 1.695863  -1   1  -1 
59405.857000 0.000000 0.000000 13.186000 0.119000 11.049915 -0.279610 12.325945 0.580445 0.119000 0.860055 0.119000 1.695863  -1   1  -1 
59405.857706 0.000000 0.000000 13.044000 0.120000 11.049915 -0.279685 12.325856 0.438459 0.120000 0.718144 0.120000 1.695863  -1   1  -1 
59406.106963 0.000000 0.000000 13.801445 0.114000 10.058575 -0.308389 11.300666 2.192390 0.114000 2.500779 0.114000 1.695863  -1   3  -1 
59406.108044 0.000000 0.000000 12.581445 0.114000 10.058575 -0.308523 11.300508 0.972414 0.114000 1.280937 0.114000 1.695863  -1   3  -1 
59406.109128 0.000000 0.000000 12.133445 0.114000 10.058575 -0.308657 11.300350 0.524438 0.114000 0.833095 0.114000 1.695863  -1   3  -1 
59407.864238 0.000000 0.000000 14.678000 0.122000 11.049915 -0.622354 11.921252 2.134394 0.122000 2.756748 0.122000 1.695863  -1   1  -1 
59407.866356 0.000000 0.000000 12.817000 0.122000 11.049915 -0.622846 11.920671 0.273483 0.122000 0.896329 0.122000 1.695863  -1   1  -1 
59407.867063 0.000000 0.000000 12.694000 0.122000 11.049915 -0.623010 11.920477 0.150513 0.122000 0.773523 0.122000 1.695863  -1   1  -1 
59408.161045 0.000000 0.000000 10.715016 0.108000 8.655030 -0.692876 9.442980 0.579160 0.108000 1.272036 0.108000 1.695863  -1   0  -1 
59408.163430 0.000000 0.000000 10.337016 0.108000 8.655030 -0.693451 9.442298 0.201267 0.108000 0.894718 0.108000 1.695863  -1   0  -1 
59408.165807 0.000000 0.000000 9.894016 0.108000 8.655030 -0.694024 9.441618 -0.241626 0.108000 0.452398 0.108000 1.695863  -1   0  -1 
59411.082909 0.000000 0.000000 10.267445 0.119000 10.058575 -0.135599 11.234318 -1.102472 0.119000 -0.966873 0.119000 1.695863  -1   3  -1 
59411.083984 0.000000 0.000000 12.253445 0.119000 10.058575 -0.134467 11.235375 0.883603 0.119000 1.018070 0.119000 1.695863  -1   3  -1 
59411.085060 0.000000 0.000000 9.185445 0.119000 10.058575 -0.133334 11.236433 -2.184322 0.119000 -2.050988 0.119000 1.695863  -1   3  -1 
59411.109436 0.000000 0.000000 10.787016 0.107000 8.655030 -0.107450 9.857062 0.822504 0.107000 0.929954 0.107000 1.695863  -1   0  -1 
59411.114634 0.000000 0.000000 8.018016 0.107000 8.655030 -0.101880 9.862267 -1.946131 0.107000 -1.844251 0.107000 1.695863  -1   0  -1 
59411.121738 0.000000 0.000000 8.342016 0.108000 8.655030 -0.094240 9.869408 -1.621632 0.108000 -1.527392 0.108000 1.695863  -1   0  -1 
59418.956092 0.000000 0.000000 5.977016 0.107000 8.655030 -0.251571 8.972065 -3.246620 0.107000 -2.995049 0.107000 1.695863  -1   0  -1 
59418.958787 0.000000 0.000000 6.395016 0.107000 8.655030 -0.251596 8.971732 -2.828312 0.107000 -2.576716 0.107000 1.695863  -1   0  -1 
59418.965560 0.000000 0.000000 6.673016 0.107000 8.655030 -0.251661 8.970890 -2.549535 0.107000 -2.297874 0.107000 1.695863  -1   0  -1 
59418.981323 0.000000 0.000000 7.893445 0.107000 10.058575 -0.251831 10.372457 -2.730843 0.107000 -2.479012 0.107000 1.695863  -1   3  -1 
59418.982407 0.000000 0.000000 8.979445 0.107000 10.058575 -0.251843 10.372320 -1.644719 0.107000 -1.392875 0.107000 1.695863  -1   3  -1 
59418.983485 0.000000 0.000000 8.108445 0.107000 10.058575 -0.251856 10.372184 -2.515595 0.107000 -2.263739 0.107000 1.695863  -1   3  -1 
59419.756507 0.000000 0.000000 11.061036 0.103000 9.853626 -0.296050 10.033067 0.731920 0.103000 1.027969 0.103000 1.695863  -1   2  -1 
59419.775306 0.000000 0.000000 12.721036 0.103000 9.853626 -0.297880 10.029017 2.394139 0.103000 2.692019 0.103000 1.695863  -1   2  -1 
59419.779068 0.000000 0.000000 13.350036 0.103000 9.853626 -0.298249 10.028204 3.023583 0.103000 3.321832 0.103000 1.695863  -1   2  -1 
59419.947893 0.000000 0.000000 7.333016 0.111000 8.655030 -0.315493 8.792364 -1.774841 0.111000 -1.459348 0.111000 1.695863  -1   0  -1 
59419.986504 0.000000 0.000000 5.470016 0.111000 8.655030 -0.319557 8.783710 -3.633251 0.111000 -3.313694 0.111000 1.695863  -1   0  -1 
59419.990052 0.000000 0.000000 5.020016 0.111000 8.655030 -0.319931 8.782914 -4.082828 0.111000 -3.762898 0.111000 1.695863  -1   0  -1 
59420.037408 0.000000 0.000000 6.331445 0.104000 10.058575 -0.324932 10.175818 -4.169305 0.104000 -3.844373 0.104000 1.695863  -1   3  -1 
59420.038492 0.000000 0.000000 6.759445 0.104000 10.058575 -0.325047 10.175574 -3.741176 0.104000 -3.416129 0.104000 1.695863  -1   3  -1 
59420.040662 0.000000 0.000000 9.441445 0.104000 10.058575 -0.325276 10.175086 -1.058917 0.104000 -0.733641 0.104000 1.695863  -1   3  -1 
59420.700637 0.000000 0.000000 11.222036 0.104000 9.853626 -0.380941 9.834929 1.006166 0.104000 1.387107 0.104000 1.695863  -1   2  -1 
59420.708153 0.000000 0.000000 12.511036 0.104000 9.853626 -0.381275 9.833679 2.296082 0.104000 2.677357 0.104000 1.695863  -1   2  -1 
59420.715676 0.000000 0.000000 9.715036 0.104000 9.853626 -0.381600 9.832437 -0.499001 0.104000 -0.117401 0.104000 1.695863  -1   2  -1 
59420.873617 0.000000 0.000000 11.323000 0.133000 11.049915 -0.386123 11.004901 -0.068024 0.133000 0.318099 0.133000 1.695863  -1   1  -1 
59420.874323 0.000000 0.000000 10.582000 0.133000 11.049915 -0.386133 11.004805 -0.808938 0.133000 -0.422805 0.133000 1.695863  -1   1  -1 
59420.875735 0.000000 0.000000 13.235000 0.133000 11.049915 -0.386153 11.004612 1.844235 0.133000 2.230388 0.133000 1.695863  -1   1  -1 
59420.988150 0.000000 0.000000 11.459445 0.109000 10.058575 -0.386491 9.999136 1.073818 0.109000 1.460309 0.109000 1.695863  -1   3  -1 
59420.990293 0.000000 0.000000 8.740445 0.109000 10.058575 -0.386474 9.998890 -1.644919 0.109000 -1.258445 0.109000 1.695863  -1   3  -1 
59420.991383 0.000000 0.000000 9.562445 0.109000 10.058575 -0.386465 9.998765 -0.822785 0.109000 -0.436320 0.109000 1.695863  -1   3  -1 
59421.112099 0.000000 0.000000 4.962016 0.109000 8.655030 -0.383994 8.582819 -4.004797 0.109000 -3.620803 0.109000 1.695863  -1   0  -1 
59421.130285 0.000000 0.000000 6.401016 0.109000 8.655030 -0.383372 8.581196 -2.563551 0.109000 -2.180180 0.109000 1.695863  -1   0  -1 
59421.136709 0.000000 0.000000 5.004016 0.109000 8.655030 -0.383136 8.580638 -3.959758 0.109000 -3.576622 0.109000 1.695863  -1   0  -1 
59422.687448 0.000000 0.000000 11.492036 0.105000 9.853626 -0.222788 9.743586 1.525662 0.105000 1.748450 0.105000 1.695863  -1   2  -1 
59422.694983 0.000000 0.000000 12.344036 0.105000 9.853626 -0.222560 9.742841 2.378635 0.105000 2.601195 0.105000 1.695863  -1   2  -1 
59422.702516 0.000000 0.000000 10.777036 0.105000 9.853626 -0.222349 9.742079 0.812608 0.105000 1.034957 0.105000 1.695863  -1   2  -1 
59422.871553 0.000000 0.000000 10.382000 0.132000 11.049915 -0.222421 10.916409 -0.756829 0.132000 -0.534409 0.132000 1.695863  -1   1  -1 
59422.873670 0.000000 0.000000 9.373000 0.132000 11.049915 -0.222483 10.916071 -1.765555 0.132000 -1.543071 0.132000 1.695863  -1   1  -1 
59422.874376 0.000000 0.000000 10.685000 0.132000 11.049915 -0.222504 10.915959 -0.453463 0.132000 -0.230959 0.132000 1.695863  -1   1  -1 
59423.678423 0.000000 0.000000 12.215036 0.105000 9.853626 -0.375469 9.461294 2.378273 0.105000 2.753742 0.105000 1.695863  -1   2  -1 
59423.685999 0.000000 0.000000 12.980036 0.105000 9.853626 -0.378142 9.457618 3.144276 0.105000 3.522418 0.105000 1.695863  -1   2  -1 
59423.689751 0.000000 0.000000 12.776036 0.105000 9.853626 -0.379473 9.455790 2.940773 0.105000 3.320246 0.105000 1.695863  -1   2  -1 
