# time Tc_folded Tref_folded value value_err offset model full_model val_compare val_compare_err residuals residuals_err jitter jitter_flag offset_flag subset_flag 
59334.700184 27.275255 0.000000 12.513036 0.102000 9.853626 0.312837 10.246324 2.579549 0.102000 2.266712 0.102000 1.695863  -1   2  -1 
59334.703954 27.279025 0.000064 12.338036 0.102000 9.853626 0.313773 10.248011 2.403798 0.102000 2.090025 0.102000 1.695863  -1   2  -1 
59334.711459 27.286530 0.000192 11.786036 0.102000 9.853626 0.315635 10.251377 1.850294 0.102000 1.534659 0.102000 1.695863  -1   2  -1 
59334.934601 27.509672 0.003990 12.027445 0.113000 10.058575 0.370480 10.559011 1.838914 0.113000 1.468434 0.113000 1.695863  -1   3  -1 
59334.935678 27.510749 0.004008 9.957445 0.113000 10.058575 0.370742 10.559511 -0.231324 0.113000 -0.602066 0.113000 1.695863  -1   3  -1 
59334.936754 27.511825 0.004027 9.409445 0.113000 10.058575 0.371004 10.560011 -0.779562 0.113000 -1.150566 0.113000 1.695863  -1   3  -1 
59336.069824 28.644895 0.023313 9.820445 0.117000 10.058575 0.631930 10.933423 -0.481048 0.117000 -1.112978 0.117000 1.695863  -1   3  -1 
59336.071983 28.647054 0.023350 12.385445 0.117000 10.058575 0.632397 10.933696 2.084146 0.117000 1.451749 0.117000 1.695863  -1   3  -1 
59336.073065 28.648136 0.023368 11.459445 0.117000 10.058575 0.632631 10.933832 1.158244 0.117000 0.525613 0.117000 1.695863  -1   3  -1 
59336.087932 28.663003 0.023621 12.299016 0.109000 8.655030 0.635846 9.532112 3.402750 0.109000 2.766904 0.109000 1.695863  -1   0  -1 
59336.113567 28.688638 0.024058 11.451016 0.109000 8.655030 0.641375 9.535062 2.557329 0.109000 1.915954 0.109000 1.695863  -1   0  -1 
59336.116529 28.691600 0.024108 10.632016 0.109000 8.655030 0.642013 9.535387 1.738642 0.109000 1.096629 0.109000 1.695863  -1   0  -1 
59337.794690 -28.379750 0.052673 11.758036 0.103000 9.853626 0.966182 10.710827 2.013391 0.103000 1.047209 0.103000 1.695863  -1   2  -1 
59337.802213 -28.372227 0.052801 11.947036 0.103000 9.853626 0.967465 10.711414 2.203086 0.103000 1.235622 0.103000 1.695863  -1   2  -1 
59337.805964 -28.368476 0.052865 11.783036 0.103000 9.853626 0.968104 10.711714 2.039426 0.103000 1.071322 0.103000 1.695863  -1   2  -1 
59338.101617 -28.072823 0.057897 12.022016 0.109000 8.655030 1.017263 9.551439 3.487840 0.109000 2.470577 0.109000 1.695863  -1   0  -1 
59338.106766 -28.067674 0.057985 11.620016 0.110000 8.655030 1.018098 9.552370 3.085744 0.110000 2.067646 0.110000 1.695863  -1   0  -1 
59338.111894 -28.062546 0.058072 11.480016 0.110000 8.655030 1.018929 9.553306 2.945639 0.110000 1.926710 0.110000 1.695863  -1   0  -1 
59340.098120 -26.076320 0.091881 7.644445 0.116000 10.058575 1.288358 11.648196 -2.715393 0.116000 -4.003751 0.116000 1.695863  -1   3  -1 
59340.099194 -26.075246 0.091899 10.253445 0.117000 10.058575 1.288476 11.648475 -0.106554 0.117000 -1.395030 0.117000 1.695863  -1   3  -1 
59340.101354 -26.073086 0.091936 9.977445 0.116000 10.058575 1.288714 11.649037 -0.382878 0.116000 -1.671592 0.116000 1.695863  -1   3  -1 
59340.125153 -26.049287 0.092341 10.201016 0.104000 8.655030 1.291324 10.251580 1.240760 0.104000 -0.050564 0.104000 1.695863  -1   0  -1 
59340.134329 -26.040111 0.092497 10.066016 0.104000 8.655030 1.292327 10.253878 1.104465 0.104000 -0.187862 0.104000 1.695863  -1   0  -1 
59340.148161 -26.026279 0.092732 9.340016 0.104000 8.655030 1.293835 10.257290 0.376560 0.104000 -0.917274 0.104000 1.695863  -1   0  -1 
59341.954385 -24.220055 0.123477 12.591445 0.119000 10.058575 1.451755 11.644007 2.399192 0.119000 0.947438 0.119000 1.695863  -1   3  -1 
59341.957620 -24.216820 0.123532 11.846445 0.119000 10.058575 1.451971 11.643635 1.654782 0.119000 0.202810 0.119000 1.695863  -1   3  -1 
59341.958695 -24.215745 0.123550 11.125445 0.119000 10.058575 1.452043 11.643511 0.933977 0.119000 -0.518066 0.119000 1.695863  -1   3  -1 
59341.996746 -24.177694 0.124198 9.912016 0.107000 8.655030 1.454576 10.235676 1.130915 0.107000 -0.323660 0.107000 1.695863  -1   0  -1 
59342.000684 -24.173756 0.124265 11.168016 0.107000 8.655030 1.454836 10.235242 2.387610 0.107000 0.932774 0.107000 1.695863  -1   0  -1 
59343.674792 -22.499648 0.152761 12.265036 0.104000 9.853626 1.537067 11.562276 2.239827 0.104000 0.702760 0.104000 1.695863  -1   2  -1 
59343.682301 -22.492139 0.152888 11.495036 0.104000 9.853626 1.537315 11.564164 1.468187 0.104000 -0.069128 0.104000 1.695863  -1   2  -1 
59343.689815 -22.484625 0.153016 11.638036 0.104000 9.853626 1.537562 11.566058 1.609540 0.104000 0.071978 0.104000 1.695863  -1   2  -1 
59344.038460 -22.135980 0.158951 9.612016 0.106000 8.655030 1.547913 10.457532 0.702397 0.106000 -0.845516 0.106000 1.695863  -1   0  -1 
59344.047124 -22.127316 0.159098 9.678016 0.105000 8.655030 1.548142 10.459750 0.766409 0.105000 -0.781734 0.105000 1.695863  -1   0  -1 
59344.054785 -22.119655 0.159229 9.704016 0.105000 8.655030 1.548345 10.461707 0.790653 0.105000 -0.757691 0.105000 1.695863  -1   0  -1 
59344.090520 -22.083920 0.159837 10.762445 0.117000 10.058575 1.549274 11.874330 0.437390 0.117000 -1.111885 0.117000 1.695863  -1   3  -1 
59344.093753 -22.080687 0.159892 10.331445 0.117000 10.058575 1.549357 11.875146 0.005656 0.117000 -1.543701 0.117000 1.695863  -1   3  -1 
59344.094826 -22.079614 0.159910 12.097445 0.117000 10.058575 1.549385 11.875417 1.771413 0.117000 0.222028 0.117000 1.695863  -1   3  -1 
59345.052239 -21.122201 0.176207 9.690016 0.106000 8.655030 1.566235 10.625283 0.630968 0.106000 -0.935267 0.106000 1.695863  -1   0  -1 
59345.054836 -21.119604 0.176251 9.351016 0.106000 8.655030 1.566260 10.625350 0.291927 0.106000 -1.274334 0.106000 1.695863  -1   0  -1 
59345.062635 -21.111805 0.176384 9.182016 0.105000 8.655030 1.566336 10.625536 0.122816 0.105000 -1.443520 0.105000 1.695863  -1   0  -1 
59348.691508 -17.482932 0.238152 9.657036 0.102000 9.853626 1.510474 11.366958 -0.199448 0.102000 -1.709922 0.102000 1.695863  -1   2  -1 
59348.699020 -17.475420 0.238280 11.244036 0.102000 9.853626 1.510192 11.368131 1.386097 0.102000 -0.124095 0.102000 1.695863  -1   2  -1 
59348.702790 -17.471650 0.238344 11.974036 0.103000 9.853626 1.510051 11.368721 2.115365 0.103000 0.605315 0.103000 1.695863  -1   2  -1 
59349.021951 -17.152489 0.243777 7.957016 0.108000 8.655030 1.497529 10.223206 -0.768661 0.108000 -2.266190 0.108000 1.695863  -1   0  -1 
59349.026999 -17.147441 0.243863 5.714016 0.108000 8.655030 1.497322 10.224064 -3.012726 0.108000 -4.510048 0.108000 1.695863  -1   0  -1 
59349.032064 -17.142376 0.243949 9.298016 0.109000 8.655030 1.497115 10.224925 0.570206 0.109000 -0.926909 0.109000 1.695863  -1   0  -1 
59350.089948 -16.084492 0.261956 11.005016 0.104000 8.655030 1.448186 10.339506 2.113696 0.104000 0.665510 0.104000 1.695863  -1   0  -1 
59350.092419 -16.082021 0.261998 11.321016 0.104000 8.655030 1.448059 10.339523 2.429553 0.104000 0.981493 0.104000 1.695863  -1   0  -1 
59350.106715 -16.067725 0.262241 11.969016 0.104000 8.655030 1.447324 10.339588 3.076752 0.104000 1.629428 0.104000 1.695863  -1   0  -1 
59350.920251 -15.254189 0.276089 10.284016 0.105000 8.655030 1.402468 10.268457 1.418027 0.105000 0.015559 0.105000 1.695863  -1   0  -1 
59351.708087 -14.466353 0.289499 10.082036 0.102000 9.853626 1.353631 11.314011 0.121656 0.102000 -1.231975 0.102000 1.695863  -1   2  -1 
59351.715613 -14.458827 0.289627 8.813036 0.102000 9.853626 1.353141 11.312518 -1.146341 0.102000 -2.499482 0.102000 1.695863  -1   2  -1 
59351.726880 -14.447560 0.289819 9.479036 0.102000 9.853626 1.352405 11.310288 -0.478847 0.102000 -1.831252 0.102000 1.695863  -1   2  -1 
59352.098517 -14.075923 0.296144 10.912016 0.107000 8.655030 1.327580 10.043627 2.195969 0.107000 0.868389 0.107000 1.695863  -1   0  -1 
59352.108322 -14.066118 0.296311 10.396016 0.107000 8.655030 1.326911 10.042016 1.680911 0.107000 0.354000 0.107000 1.695863  -1   0  -1 
59352.122068 -14.052372 0.296545 11.479016 0.107000 8.655030 1.325971 10.039777 2.765210 0.107000 1.439239 0.107000 1.695863  -1   0  -1 
59353.715347 -12.459093 0.323665 12.882036 0.106000 9.853626 1.207681 11.122529 2.967188 0.106000 1.759507 0.106000 1.695863  -1   2  -1 
59353.719104 -12.455336 0.323729 13.429036 0.106000 9.853626 1.207382 11.122413 3.514005 0.106000 2.306623 0.106000 1.695863  -1   2  -1 
59353.722869 -12.451571 0.323793 15.656036 0.106000 9.853626 1.207081 11.122296 5.740821 0.106000 4.533740 0.106000 1.695863  -1   2  -1 
59354.076145 -12.098295 0.329806 10.993016 0.113000 8.655030 1.178455 9.908515 2.262957 0.113000 1.084501 0.113000 1.695863  -1   0  -1 
59354.101312 -12.073128 0.330235 10.347016 0.115000 8.655030 1.176385 9.907007 1.616394 0.115000 0.440009 0.115000 1.695863  -1   0  -1 
59354.104255 -12.070185 0.330285 10.555016 0.115000 8.655030 1.176143 9.906826 1.824332 0.115000 0.648190 0.115000 1.695863  -1   0  -1 
59356.710684 -9.463756 0.374650 8.178036 0.107000 9.853626 0.940811 10.634831 -1.515984 0.107000 -2.456795 0.107000 1.695863  -1   2  -1 
59356.721985 -9.452455 0.374842 8.616036 0.107000 9.853626 0.939706 10.633360 -1.077618 0.107000 -2.017324 0.107000 1.695863  -1   2  -1 
59356.725745 -9.448695 0.374906 7.224036 0.107000 9.853626 0.939338 10.632876 -2.469502 0.107000 -3.408840 0.107000 1.695863  -1   2  -1 
59357.087914 -9.086526 0.381071 11.478445 0.116000 10.058575 0.903566 10.804578 1.577432 0.116000 0.673867 0.116000 1.695863  -1   3  -1 
59357.090082 -9.084358 0.381108 9.046445 0.116000 10.058575 0.903349 10.804460 -0.854666 0.116000 -1.758015 0.116000 1.695863  -1   3  -1 
59357.092248 -9.082192 0.381145 11.123445 0.116000 10.058575 0.903133 10.804344 1.222235 0.116000 0.319101 0.116000 1.695863  -1   3  -1 
59358.923301 -7.251139 0.412312 9.632016 0.111000 8.655030 0.712021 9.496217 0.847821 0.111000 0.135799 0.111000 1.695863  -1   0  -1 
59358.931249 -7.243191 0.412447 9.002016 0.111000 8.655030 0.711156 9.496510 0.216663 0.111000 -0.494494 0.111000 1.695863  -1   0  -1 
59358.937426 -7.237014 0.412552 9.394016 0.111000 8.655030 0.710484 9.496731 0.607769 0.111000 -0.102715 0.111000 1.695863  -1   0  -1 
59358.952972 -7.221468 0.412817 11.744445 0.116000 10.058575 0.708790 10.900806 1.552430 0.116000 0.843639 0.116000 1.695863  -1   3  -1 
59358.954053 -7.220387 0.412835 9.716445 0.116000 10.058575 0.708673 10.900841 -0.475723 0.116000 -1.184396 0.116000 1.695863  -1   3  -1 
59358.956208 -7.218232 0.412872 9.905445 0.116000 10.058575 0.708438 10.900911 -0.287028 0.116000 -0.995466 0.116000 1.695863  -1   3  -1 
59361.683491 -4.490949 0.459294 11.014036 0.106000 9.853626 0.394710 10.251749 1.156997 0.106000 0.762287 0.106000 1.695863  -1   2  -1 
59361.687248 -4.487192 0.459358 10.757036 0.106000 9.853626 0.394257 10.250981 0.900311 0.106000 0.506055 0.106000 1.695863  -1   2  -1 
59361.691012 -4.483428 0.459422 10.074036 0.106000 9.853626 0.393802 10.250213 0.217625 0.106000 -0.176177 0.106000 1.695863  -1   2  -1 
59361.944566 -4.229874 0.463738 10.255016 0.107000 8.655030 0.363043 9.002589 1.615470 0.107000 1.252427 0.107000 1.695863  -1   0  -1 
59361.947357 -4.227083 0.463786 8.539016 0.107000 8.655030 0.362703 9.002079 -0.100360 0.107000 -0.463063 0.107000 1.695863  -1   0  -1 
59361.957166 -4.217274 0.463952 9.884016 0.108000 8.655030 0.361508 9.000291 1.245232 0.108000 0.883725 0.108000 1.695863  -1   0  -1 
59362.136140 -4.038300 0.466999 11.463445 0.116000 10.058575 0.339635 10.372516 1.430564 0.116000 1.090929 0.116000 1.695863  -1   3  -1 
59362.137220 -4.037220 0.467017 11.289445 0.116000 10.058575 0.339503 10.372334 1.256613 0.116000 0.917111 0.116000 1.695863  -1   3  -1 
59362.138308 -4.036132 0.467036 11.254445 0.116000 10.058575 0.339369 10.372151 1.221663 0.116000 0.882294 0.116000 1.695863  -1   3  -1 
59364.917885 -1.256555 0.514348 10.797445 0.117000 10.058575 -0.015403 9.858049 0.923993 0.117000 0.939396 0.117000 1.695863  -1   3  -1 
59364.918966 -1.255474 0.514367 13.743445 0.118000 10.058575 -0.015546 9.857865 3.870034 0.118000 3.885580 0.118000 1.695863  -1   3  -1 
59364.921142 -1.253298 0.514404 12.322445 0.117000 10.058575 -0.015834 9.857496 2.449115 0.117000 2.464949 0.117000 1.695863  -1   3  -1 
59365.067320 -1.107120 0.516892 12.372016 0.109000 8.655030 -0.035216 8.431255 3.905544 0.109000 3.940761 0.109000 1.695863  -1   0  -1 
59365.069993 -1.104447 0.516937 12.389016 0.109000 8.655030 -0.035572 8.430882 3.922562 0.109000 3.958134 0.109000 1.695863  -1   0  -1 
59365.075398 -1.099042 0.517029 13.155016 0.109000 8.655030 -0.036290 8.430133 4.688594 0.109000 4.724883 0.109000 1.695863  -1   0  -1 
59365.648355 -0.526085 0.526782 10.628036 0.104000 9.853626 -0.112898 9.595014 0.920124 0.104000 1.033022 0.104000 1.695863  -1   2  -1 
59365.652118 -0.522322 0.526846 11.484036 0.104000 9.853626 -0.113404 9.595137 1.775495 0.104000 1.888899 0.104000 1.695863  -1   2  -1 
59365.659667 -0.514773 0.526974 10.294036 0.105000 9.853626 -0.114420 9.595400 0.584216 0.105000 0.698636 0.105000 1.695863  -1   2  -1 
59365.941188 -0.233252 0.531766 10.541016 0.109000 8.655030 -0.152421 8.421105 1.967490 0.109000 2.119911 0.109000 1.695863  -1   0  -1 
59365.959824 -0.214616 0.532083 9.199016 0.108000 8.655030 -0.154944 8.423719 0.620352 0.108000 0.775297 0.108000 1.695863  -1   0  -1 
59369.761210 3.586770 0.596788 8.228036 0.106000 9.853626 -0.685579 8.841306 -1.298848 0.106000 -0.613270 0.106000 1.695863  -1   2  -1 
59369.768738 3.594298 0.596917 6.325036 0.106000 9.853626 -0.686651 8.830619 -3.192233 0.106000 -2.505583 0.106000 1.695863  -1   2  -1 
59369.776263 3.601823 0.597045 7.991036 0.106000 9.853626 -0.687722 8.819913 -1.516599 0.106000 -0.828877 0.106000 1.695863  -1   2  -1 
59369.910940 3.736500 0.599337 7.933445 0.117000 10.058575 -0.706907 8.829814 -1.603276 0.117000 -0.896369 0.117000 1.695863  -1   3  -1 
59369.912028 3.737588 0.599356 8.050445 0.117000 10.058575 -0.707062 8.828215 -1.484832 0.117000 -0.777770 0.117000 1.695863  -1   3  -1 
59369.913108 3.738668 0.599374 8.183445 0.117000 10.058575 -0.707216 8.826628 -1.350399 0.117000 -0.643183 0.117000 1.695863  -1   3  -1 
59370.023276 3.848836 0.601249 6.073016 0.109000 8.655030 -0.722916 7.259771 -1.909671 0.109000 -1.186755 0.109000 1.695863  -1   0  -1 
59370.025654 3.851214 0.601290 7.180016 0.109000 8.655030 -0.723255 7.256221 -0.799460 0.109000 -0.076205 0.109000 1.695863  -1   0  -1 
59370.030553 3.856113 0.601373 6.341016 0.110000 8.655030 -0.723953 7.248905 -1.631842 0.110000 -0.907889 0.110000 1.695863  -1   0  -1 
59374.802541 8.628101 0.682599 5.596036 0.107000 9.853626 -1.387381 8.471414 -4.262760 0.107000 -2.875378 0.107000 1.695863  -1   2  -1 
59374.806302 8.631862 0.682663 5.522036 0.107000 9.853626 -1.387869 8.472425 -4.338259 0.107000 -2.950389 0.107000 1.695863  -1   2  -1 
59374.810063 8.635623 0.682727 7.333036 0.107000 9.853626 -1.388357 8.473424 -2.528746 0.107000 -1.140388 0.107000 1.695863  -1   2  -1 
59376.787767 10.613327 0.716390 6.897036 0.106000 9.853626 -1.627787 7.851363 -2.582113 0.106000 -0.954327 0.106000 1.695863  -1   2  -1 
59376.791518 10.617078 0.716454 6.839036 0.106000 9.853626 -1.628201 7.849425 -2.638590 0.106000 -1.010389 0.106000 1.695863  -1   2  -1 
59376.799035 10.624595 0.716582 4.539036 0.106000 9.853626 -1.629031 7.845550 -4.935545 0.106000 -3.306514 0.106000 1.695863  -1   2  -1 
59376.948922 10.774482 0.719133 7.490445 0.118000 10.058575 -1.645431 7.975891 -2.130877 0.118000 -0.485446 0.118000 1.695863  -1   3  -1 
59376.951075 10.776635 0.719170 9.995445 0.118000 10.058575 -1.645665 7.974860 0.374921 0.118000 2.020585 0.118000 1.695863  -1   3  -1 
59376.952157 10.777717 0.719189 7.071445 0.118000 10.058575 -1.645782 7.974342 -2.548679 0.118000 -0.902897 0.118000 1.695863  -1   3  -1 
59377.106321 10.931881 0.721813 4.323016 0.105000 8.655030 -1.662331 6.500499 -3.839815 0.105000 -2.177483 0.105000 1.695863  -1   0  -1 
59377.108935 10.934495 0.721857 6.659016 0.106000 8.655030 -1.662609 6.499370 -1.502963 0.106000 0.159646 0.106000 1.695863  -1   0  -1 
59377.116326 10.941886 0.721983 6.710016 0.106000 8.655030 -1.663394 6.496190 -1.449568 0.106000 0.213826 0.106000 1.695863  -1   0  -1 
59377.628949 11.454509 0.730708 6.412036 0.103000 9.853626 -1.715903 7.522259 -2.826126 0.103000 -1.110223 0.103000 1.695863  -1   2  -1 
59377.636479 11.462039 0.730837 8.793036 0.104000 9.853626 -1.716645 7.520474 -0.444082 0.104000 1.272562 0.104000 1.695863  -1   2  -1 
59377.640253 11.465813 0.730901 8.817036 0.104000 9.853626 -1.717016 7.519587 -0.419567 0.104000 1.297449 0.104000 1.695863  -1   2  -1 
59378.026109 11.851669 0.737469 7.354016 0.112000 8.655030 -1.753753 6.258742 -0.658479 0.112000 1.095274 0.112000 1.695863  -1   0  -1 
59378.031599 11.857159 0.737562 6.618016 0.112000 8.655030 -1.754258 6.258242 -1.394484 0.112000 0.359774 0.112000 1.695863  -1   0  -1 
59378.035635 11.861195 0.737631 4.879016 0.113000 8.655030 -1.754628 6.257881 -3.133493 0.113000 -1.378865 0.113000 1.695863  -1   0  -1 
59379.024886 12.850446 0.754469 7.645016 0.112000 8.655030 -1.836220 6.284006 -0.475210 0.112000 1.361010 0.112000 1.695863  -1   0  -1 
59379.027585 12.853145 0.754515 6.054016 0.112000 8.655030 -1.836415 6.284240 -2.066639 0.112000 -0.230224 0.112000 1.695863  -1   0  -1 
59379.734125 13.559685 0.766542 7.982036 0.106000 9.853626 -1.881884 7.530268 -1.430116 0.106000 0.451768 0.106000 1.695863  -1   2  -1 
59379.737891 13.563451 0.766606 7.372036 0.106000 9.853626 -1.882094 7.530380 -2.040438 0.106000 -0.158344 0.106000 1.695863  -1   2  -1 
59379.749170 13.574730 0.766798 5.973036 0.107000 9.853626 -1.882722 7.530702 -3.440388 0.107000 -1.557666 0.107000 1.695863  -1   2  -1 
59379.927944 13.753504 0.769841 6.373016 0.111000 8.655030 -1.892246 6.334742 -1.853971 0.111000 0.038274 0.111000 1.695863  -1   0  -1 
59379.940910 13.766470 0.770061 6.288016 0.111000 8.655030 -1.892905 6.334748 -1.939637 0.111000 -0.046732 0.111000 1.695863  -1   0  -1 
59379.943737 13.769297 0.770109 7.458016 0.111000 8.655030 -1.893048 6.334747 -0.769778 0.111000 1.123269 0.111000 1.695863  -1   0  -1 
59380.041449 13.867009 0.771773 9.142445 0.118000 10.058575 -1.897864 7.737490 -0.492909 0.118000 1.404955 0.118000 1.695863  -1   3  -1 
59380.044695 13.870255 0.771828 7.565445 0.118000 10.058575 -1.898020 7.737439 -2.070014 0.118000 -0.171994 0.118000 1.695863  -1   3  -1 
59380.045775 13.871335 0.771846 9.611445 0.118000 10.058575 -1.898072 7.737421 -0.024048 0.118000 1.874024 0.118000 1.695863  -1   3  -1 
59381.742082 15.567642 0.800720 8.717036 0.105000 9.853626 -1.937317 7.401334 -0.621615 0.105000 1.315702 0.105000 1.695863  -1   2  -1 
59381.745840 15.571400 0.800784 8.304036 0.105000 9.853626 -1.937302 7.401133 -1.034399 0.105000 0.902903 0.105000 1.695863  -1   2  -1 
59381.749613 15.575173 0.800848 6.563036 0.106000 9.853626 -1.937287 7.400933 -2.775184 0.106000 -0.837897 0.106000 1.695863  -1   2  -1 
59381.964035 15.789595 0.804498 6.574016 0.108000 8.655030 -1.935595 6.193812 -1.555391 0.108000 0.380204 0.108000 1.695863  -1   0  -1 
59381.966642 15.792202 0.804542 8.862016 0.108000 8.655030 -1.935565 6.193744 0.732708 0.108000 2.668272 0.108000 1.695863  -1   0  -1 
59381.969218 15.794778 0.804586 7.504016 0.108000 8.655030 -1.935534 6.193677 -0.625195 0.108000 1.310339 0.108000 1.695863  -1   0  -1 
59382.115350 15.940910 0.807073 9.156445 0.114000 10.058575 -1.933423 7.594823 -0.371802 0.114000 1.561622 0.114000 1.695863  -1   3  -1 
59382.116432 15.941992 0.807092 8.099445 0.114000 10.058575 -1.933405 7.594816 -1.428775 0.114000 0.504629 0.114000 1.695863  -1   3  -1 
59382.117507 15.943067 0.807110 7.782445 0.114000 10.058575 -1.933386 7.594808 -1.745750 0.114000 0.187637 0.114000 1.695863  -1   3  -1 
59383.644277 17.469837 0.833098 7.106036 0.103000 9.853626 -1.862914 7.453700 -2.210577 0.103000 -0.347664 0.103000 1.695863  -1   2  -1 
59383.648053 17.473613 0.833162 6.152036 0.103000 9.853626 -1.862625 7.453784 -3.164373 0.103000 -1.301748 0.103000 1.695863  -1   2  -1 
59383.655584 17.481144 0.833290 4.102036 0.103000 9.853626 -1.862047 7.453947 -5.213957 0.103000 -3.351911 0.103000 1.695863  -1   2  -1 
59383.978595 17.804155 0.838788 8.054445 0.119000 10.058575 -1.835051 7.658846 -1.439451 0.119000 0.395599 0.119000 1.695863  -1   3  -1 
59383.979676 17.805236 0.838807 10.057445 0.119000 10.058575 -1.834953 7.658821 0.563671 0.119000 2.398624 0.119000 1.695863  -1   3  -1 
59383.981846 17.807406 0.838844 10.101445 0.119000 10.058575 -1.834757 7.658770 0.607918 0.119000 2.442675 0.119000 1.695863  -1   3  -1 
59383.992473 17.818033 0.839025 5.816016 0.106000 8.655030 -1.833794 6.254966 -2.272744 0.106000 -0.438950 0.106000 1.695863  -1   0  -1 
59384.002278 17.827838 0.839192 5.494016 0.107000 8.655030 -1.832901 6.254713 -2.593598 0.107000 -0.760697 0.107000 1.695863  -1   0  -1 
59384.007238 17.832798 0.839276 6.542016 0.106000 8.655030 -1.832448 6.254579 -1.545011 0.106000 0.287437 0.106000 1.695863  -1   0  -1 
59384.628010 18.453570 0.849842 7.086036 0.099000 9.853626 -1.767593 7.408234 -2.089792 0.099000 -0.322198 0.099000 1.695863  -1   2  -1 
59384.631782 18.457342 0.849907 7.844036 0.100000 9.853626 -1.767150 7.407810 -1.330924 0.100000 0.436226 0.100000 1.695863  -1   2  -1 
59384.635541 18.461101 0.849971 5.998036 0.100000 9.853626 -1.766707 7.407386 -3.176057 0.100000 -1.409350 0.100000 1.695863  -1   2  -1 
59385.055212 18.880772 0.857114 5.790016 0.108000 8.655030 -1.713548 6.155496 -2.079028 0.108000 -0.365480 0.108000 1.695863  -1   0  -1 
59385.061472 18.887032 0.857221 5.595016 0.108000 8.655030 -1.712699 6.154661 -2.272344 0.108000 -0.559645 0.108000 1.695863  -1   0  -1 
59385.063906 18.889466 0.857262 5.283016 0.108000 8.655030 -1.712369 6.154336 -2.583689 0.108000 -0.871320 0.108000 1.695863  -1   0  -1 
59387.920967 21.746527 0.905893 6.280016 0.107000 8.655030 -1.165531 6.773522 -1.659038 0.107000 -0.493506 0.107000 1.695863  -1   0  -1 
59387.926477 21.752037 0.905987 8.525016 0.107000 8.655030 -1.164208 6.776849 0.583959 0.107000 1.748167 0.107000 1.695863  -1   0  -1 
59387.929412 21.754972 0.906037 6.352016 0.107000 8.655030 -1.163503 6.778621 -1.590108 0.107000 -0.426605 0.107000 1.695863  -1   0  -1 
59388.644350 22.469910 0.918206 8.653036 0.103000 9.853626 -0.985216 8.389261 -0.721441 0.103000 0.263775 0.103000 1.695863  -1   2  -1 
59388.659397 22.484957 0.918462 7.371036 0.104000 9.853626 -0.981337 8.396947 -2.007248 0.104000 -1.025911 0.104000 1.695863  -1   2  -1 
59388.663148 22.488708 0.918526 8.175036 0.104000 9.853626 -0.980369 8.398854 -1.204187 0.104000 -0.223818 0.104000 1.695863  -1   2  -1 
59388.965674 22.791234 0.923676 6.242016 0.109000 8.655030 -0.901401 7.340061 -1.999446 0.109000 -1.098045 0.109000 1.695863  -1   0  -1 
59388.967365 22.792925 0.923704 6.920445 0.117000 10.058575 -0.900955 8.744304 -2.724813 0.117000 -1.823859 0.117000 1.695863  -1   3  -1 
59388.968252 22.793812 0.923719 4.378016 0.109000 8.655030 -0.900720 7.341124 -3.863829 0.109000 -2.963108 0.109000 1.695863  -1   0  -1 
59388.968449 22.794009 0.923723 6.153445 0.117000 10.058575 -0.900668 8.744750 -3.491974 0.117000 -2.591305 0.117000 1.695863  -1   3  -1 
59388.969524 22.795084 0.923741 7.251445 0.117000 10.058575 -0.900385 8.745193 -2.394133 0.117000 -1.493748 0.117000 1.695863  -1   3  -1 
59388.970854 22.796414 0.923764 4.576016 0.109000 8.655030 -0.900034 7.342195 -3.666213 0.109000 -2.766179 0.109000 1.695863  -1   0  -1 
59389.809335 23.634895 0.938036 9.271036 0.098000 9.853626 -0.673476 8.759643 -0.162083 0.098000 0.511393 0.098000 1.695863  -1   2  -1 
59389.828264 23.653824 0.938358 8.909036 0.097000 9.853626 -0.668264 8.761882 -0.521110 0.097000 0.147154 0.097000 1.695863  -1   2  -1 
59389.832028 23.657588 0.938422 9.154036 0.096000 9.853626 -0.667227 8.762316 -0.275507 0.096000 0.391720 0.096000 1.695863  -1   2  -1 
59389.926150 23.751710 0.940024 10.903445 0.118000 10.058575 -0.641263 8.976916 1.285266 0.118000 1.926529 0.118000 1.695863  -1   3  -1 
59389.928313 23.753873 0.940061 8.793445 0.118000 10.058575 -0.640665 8.977112 -0.824332 0.118000 -0.183667 0.118000 1.695863  -1   3  -1 
59389.929388 23.754948 0.940079 8.906445 0.118000 10.058575 -0.640368 8.977209 -0.711132 0.118000 -0.070764 0.118000 1.695863  -1   3  -1 
59389.952568 23.778128 0.940474 6.474016 0.108000 8.655030 -0.633962 7.575691 -1.735637 0.108000 -1.101675 0.108000 1.695863  -1   0  -1 
59389.957794 23.783354 0.940563 5.317016 0.108000 8.655030 -0.632517 7.576131 -2.891632 0.108000 -2.259115 0.108000 1.695863  -1   0  -1 
59389.966851 23.792411 0.940717 6.199016 0.107000 8.655030 -0.630013 7.576879 -2.007876 0.107000 -1.377863 0.107000 1.695863  -1   0  -1 
59392.835547 26.661107 0.989546 10.331036 0.103000 9.853626 0.156643 9.776140 0.711539 0.103000 0.554896 0.103000 1.695863  -1   2  -1 
59392.843066 26.668626 0.989674 10.441036 0.103000 9.853626 0.158597 9.782924 0.816709 0.103000 0.658112 0.103000 1.695863  -1   2  -1 
59392.846825 26.672385 0.989738 9.767036 0.103000 9.853626 0.159574 9.786320 0.140290 0.103000 -0.019284 0.103000 1.695863  -1   2  -1 
59393.111566 26.937126 0.994245 12.567016 0.109000 8.655030 0.227721 8.832859 3.961878 0.109000 3.734157 0.109000 1.695863  -1   0  -1 
59393.114447 26.940007 0.994294 11.103016 0.109000 8.655030 0.228456 8.835570 2.495902 0.109000 2.267446 0.109000 1.695863  -1   0  -1 
59393.123097 26.948657 0.994441 9.965016 0.109000 8.655030 0.230661 8.843713 1.351964 0.109000 1.121303 0.109000 1.695863  -1   0  -1 
59397.703574 -27.220377 0.072407 12.270036 0.104000 9.853626 1.145815 10.741916 2.673935 0.104000 1.528120 0.104000 1.695863  -1   2  -1 
59397.714844 -27.209107 0.072599 11.475036 0.104000 9.853626 1.147385 10.741714 1.880707 0.104000 0.733322 0.104000 1.695863  -1   2  -1 
59397.718600 -27.205351 0.072663 11.622036 0.104000 9.853626 1.147907 10.741656 2.028287 0.104000 0.880380 0.104000 1.695863  -1   2  -1 
59397.891478 -27.032473 0.075605 10.351016 0.106000 8.655030 1.171550 9.545567 1.976999 0.106000 0.805449 0.106000 1.695863  -1   0  -1 
59397.896665 -27.027286 0.075694 10.505016 0.106000 8.655030 1.172247 9.545795 2.131468 0.106000 0.959221 0.106000 1.695863  -1   0  -1 
59397.899199 -27.024752 0.075737 10.793016 0.106000 8.655030 1.172588 9.545909 2.419694 0.106000 1.247107 0.106000 1.695863  -1   0  -1 
59398.093478 -26.830473 0.079044 9.225445 0.118000 10.058575 1.198184 10.964144 -0.540515 0.118000 -1.738699 0.118000 1.695863  -1   3  -1 
59398.094558 -26.829393 0.079062 12.796445 0.117000 10.058575 1.198324 10.964257 3.030512 0.117000 1.832188 0.117000 1.695863  -1   3  -1 
59398.096718 -26.827233 0.079099 10.478445 0.117000 10.058575 1.198603 10.964483 0.712564 0.117000 -0.486038 0.117000 1.695863  -1   3  -1 
59401.792180 -23.131771 0.142001 10.003036 0.105000 9.853626 1.512463 11.089153 0.426346 0.105000 -1.086117 0.105000 1.695863  -1   2  -1 
59401.795940 -23.128011 0.142065 9.622036 0.106000 9.853626 1.512631 11.088939 0.045729 0.106000 -1.466903 0.106000 1.695863  -1   2  -1 
59401.799701 -23.124250 0.142129 10.338036 0.105000 9.853626 1.512800 11.088726 0.762110 0.105000 -0.750690 0.105000 1.695863  -1   2  -1 
59401.885991 -23.037960 0.143598 9.301016 0.108000 8.655030 1.516590 9.885525 0.932081 0.108000 -0.584509 0.108000 1.695863  -1   0  -1 
59401.888644 -23.035307 0.143643 10.478016 0.107000 8.655030 1.516704 9.885392 2.109328 0.107000 0.592624 0.107000 1.695863  -1   0  -1 
59401.892602 -23.031349 0.143710 10.397016 0.107000 8.655030 1.516874 9.885196 2.028695 0.107000 0.511820 0.107000 1.695863  -1   0  -1 
59401.927059 -22.996892 0.144297 10.789000 0.120000 11.049915 1.518344 12.278424 0.028920 0.120000 -1.489424 0.120000 1.695863  -1   1  -1 
59401.927765 -22.996186 0.144309 11.705000 0.120000 11.049915 1.518374 12.278391 0.944983 0.120000 -0.573391 0.120000 1.695863  -1   1  -1 
59401.929177 -22.994774 0.144333 11.050000 0.120000 11.049915 1.518433 12.278325 0.290108 0.120000 -1.228325 0.120000 1.695863  -1   1  -1 
59401.992049 -22.931902 0.145403 12.236445 0.121000 10.058575 1.521053 11.284242 2.473256 0.121000 0.952203 0.121000 1.695863  -1   3  -1 
59401.994207 -22.929744 0.145440 12.383445 0.122000 10.058575 1.521142 11.284154 2.620433 0.122000 1.099291 0.122000 1.695863  -1   3  -1 
59401.995280 -22.928671 0.145458 11.654445 0.122000 10.058575 1.521186 11.284111 1.891520 0.122000 0.370334 0.122000 1.695863  -1   3  -1 
59402.794210 -22.129741 0.159057 10.546036 0.105000 9.853626 1.548078 11.081329 1.012785 0.105000 -0.535293 0.105000 1.695863  -1   2  -1 
59402.797974 -22.125977 0.159121 9.392036 0.105000 9.853626 1.548178 11.081505 -0.141291 0.105000 -1.689469 0.105000 1.695863  -1   2  -1 
59402.801729 -22.122222 0.159185 10.372036 0.105000 9.853626 1.548277 11.081682 0.838631 0.105000 -0.709646 0.105000 1.695863  -1   2  -1 
59402.966503 -21.957448 0.161990 11.189000 0.117000 11.049915 1.552387 12.287047 0.454340 0.117000 -1.098047 0.117000 1.695863  -1   1  -1 
59402.968621 -21.955330 0.162026 14.018000 0.117000 11.049915 1.552437 12.287179 3.283258 0.117000 1.730821 0.117000 1.695863  -1   1  -1 
59402.969327 -21.954624 0.162038 13.132000 0.117000 11.049915 1.552453 12.287223 2.397230 0.117000 0.844777 0.117000 1.695863  -1   1  -1 
59402.970612 -21.953339 0.162060 11.095445 0.117000 10.058575 1.552484 11.295964 1.351965 0.117000 -0.200519 0.117000 1.695863  -1   3  -1 
59402.971692 -21.952259 0.162078 13.128445 0.117000 10.058575 1.552509 11.296032 3.384922 0.117000 1.832413 0.117000 1.695863  -1   3  -1 
59402.972765 -21.951186 0.162096 12.770445 0.117000 10.058575 1.552534 11.296099 3.026880 0.117000 1.474346 0.117000 1.695863  -1   3  -1 
59403.889282 -21.034669 0.177697 10.672000 0.121000 11.049915 1.567036 12.362011 -0.122975 0.121000 -1.690011 0.121000 1.695863  -1   1  -1 
59403.890693 -21.033258 0.177721 11.039000 0.121000 11.049915 1.567048 12.362123 0.243925 0.121000 -1.323123 0.121000 1.695863  -1   1  -1 
59403.891398 -21.032553 0.177733 10.586000 0.121000 11.049915 1.567054 12.362179 -0.209125 0.121000 -1.776179 0.121000 1.695863  -1   1  -1 
59403.992215 -20.931736 0.179449 8.990016 0.107000 8.655030 1.567825 9.974994 0.582847 0.107000 -0.984978 0.107000 1.695863  -1   0  -1 
59404.001960 -20.921991 0.179615 9.910016 0.108000 8.655030 1.567892 9.975707 1.502201 0.108000 -0.065691 0.108000 1.695863  -1   0  -1 
59404.004362 -20.919589 0.179655 9.362016 0.108000 8.655030 1.567908 9.975881 0.954043 0.108000 -0.613865 0.108000 1.695863  -1   0  -1 
59404.084675 -20.839276 0.181022 10.388445 0.117000 10.058575 1.568396 11.385039 0.571802 0.117000 -0.996594 0.117000 1.695863  -1   3  -1 
59404.085749 -20.838202 0.181041 12.446445 0.117000 10.058575 1.568402 11.385111 2.629736 0.117000 1.061334 0.117000 1.695863  -1   3  -1 
59404.086835 -20.837116 0.181059 11.398445 0.117000 10.058575 1.568408 11.385183 1.581670 0.117000 0.013262 0.117000 1.695863  -1   3  -1 
59405.737353 -19.186598 0.209153 13.281036 0.105000 9.853626 1.557833 11.143969 3.694899 0.105000 2.137067 0.105000 1.695863  -1   2  -1 
59405.748644 -19.175307 0.209346 13.121036 0.104000 9.853626 1.557633 11.142675 3.535994 0.104000 1.978361 0.104000 1.695863  -1   2  -1 
59405.756176 -19.167775 0.209474 12.271036 0.105000 9.853626 1.557500 11.141805 2.686730 0.105000 1.129231 0.105000 1.695863  -1   2  -1 
59405.855588 -19.068363 0.211166 13.100000 0.119000 11.049915 1.555667 12.326121 2.329545 0.119000 0.773879 0.119000 1.695863  -1   1  -1 
59405.857000 -19.066951 0.211190 13.186000 0.119000 11.049915 1.555640 12.325945 2.415695 0.119000 0.860055 0.119000 1.695863  -1   1  -1 
59405.857706 -19.066245 0.211202 13.044000 0.120000 11.049915 1.555626 12.325856 2.273770 0.120000 0.718144 0.120000 1.695863  -1   1  -1 
59406.106963 -18.816988 0.215445 13.801445 0.114000 10.058575 1.550480 11.300666 4.051259 0.114000 2.500779 0.114000 1.695863  -1   3  -1 
59406.108044 -18.815907 0.215463 12.581445 0.114000 10.058575 1.550456 11.300508 2.831392 0.114000 1.280937 0.114000 1.695863  -1   3  -1 
59406.109128 -18.814823 0.215481 12.133445 0.114000 10.058575 1.550432 11.300350 2.383527 0.114000 0.833095 0.114000 1.695863  -1   3  -1 
59407.864238 -17.059713 0.245356 14.678000 0.122000 11.049915 1.493691 11.921252 4.250439 0.122000 2.756748 0.122000 1.695863  -1   1  -1 
59407.866356 -17.057595 0.245392 12.817000 0.122000 11.049915 1.493602 11.920671 2.389931 0.122000 0.896329 0.122000 1.695863  -1   1  -1 
59407.867063 -17.056888 0.245404 12.694000 0.122000 11.049915 1.493572 11.920477 2.267095 0.122000 0.773523 0.122000 1.695863  -1   1  -1 
59408.161045 -16.762906 0.250408 10.715016 0.108000 8.655030 1.480826 9.442980 2.752862 0.108000 1.272036 0.108000 1.695863  -1   0  -1 
59408.163430 -16.760521 0.250449 10.337016 0.108000 8.655030 1.480719 9.442298 2.375437 0.108000 0.894718 0.108000 1.695863  -1   0  -1 
59408.165807 -16.758144 0.250489 9.894016 0.108000 8.655030 1.480612 9.441618 1.933010 0.108000 0.452398 0.108000 1.695863  -1   0  -1 
59411.082909 -13.841042 0.300142 10.267445 0.119000 10.058575 1.311342 11.234318 0.344469 0.119000 -0.966873 0.119000 1.695863  -1   3  -1 
59411.083984 -13.839967 0.300161 12.253445 0.119000 10.058575 1.311267 11.235375 2.329337 0.119000 1.018070 0.119000 1.695863  -1   3  -1 
59411.085060 -13.838891 0.300179 9.185445 0.119000 10.058575 1.311191 11.236433 -0.739797 0.119000 -2.050988 0.119000 1.695863  -1   3  -1 
59411.109436 -13.814515 0.300594 10.787016 0.107000 8.655030 1.309482 9.857062 2.239436 0.107000 0.929954 0.107000 1.695863  -1   0  -1 
59411.114634 -13.809317 0.300682 8.018016 0.107000 8.655030 1.309117 9.862267 -0.535134 0.107000 -1.844251 0.107000 1.695863  -1   0  -1 
59411.121738 -13.802213 0.300803 8.342016 0.108000 8.655030 1.308618 9.869408 -0.218775 0.108000 -1.527392 0.108000 1.695863  -1   0  -1 
59418.956092 -5.967859 0.434155 5.977016 0.107000 8.655030 0.568606 8.972065 -2.426443 0.107000 -2.995049 0.107000 1.695863  -1   0  -1 
59418.958787 -5.965164 0.434201 6.395016 0.107000 8.655030 0.568297 8.971732 -2.008419 0.107000 -2.576716 0.107000 1.695863  -1   0  -1 
59418.965560 -5.958391 0.434316 6.673016 0.107000 8.655030 0.567521 8.970890 -1.730354 0.107000 -2.297874 0.107000 1.695863  -1   0  -1 
59418.981323 -5.942628 0.434585 7.893445 0.107000 10.058575 0.565713 10.372457 -1.913300 0.107000 -2.479012 0.107000 1.695863  -1   3  -1 
59418.982407 -5.941544 0.434603 8.979445 0.107000 10.058575 0.565588 10.372320 -0.827287 0.107000 -1.392875 0.107000 1.695863  -1   3  -1 
59418.983485 -5.940466 0.434621 8.108445 0.107000 10.058575 0.565465 10.372184 -1.698274 0.107000 -2.263739 0.107000 1.695863  -1   3  -1 
59419.756507 -5.167444 0.447779 11.061036 0.103000 9.853626 0.475491 10.033067 1.503460 0.103000 1.027969 0.103000 1.695863  -1   2  -1 
59419.775306 -5.148645 0.448099 12.721036 0.103000 9.853626 0.473271 10.029017 3.165290 0.103000 2.692019 0.103000 1.695863  -1   2  -1 
59419.779068 -5.144883 0.448163 13.350036 0.103000 9.853626 0.472827 10.028204 3.794659 0.103000 3.321832 0.103000 1.695863  -1   2  -1 
59419.947893 -4.976058 0.451037 7.333016 0.111000 8.655030 0.452827 8.792364 -1.006522 0.111000 -1.459348 0.111000 1.695863  -1   0  -1 
59419.986504 -4.937447 0.451694 5.470016 0.111000 8.655030 0.448236 8.783710 -2.865458 0.111000 -3.313694 0.111000 1.695863  -1   0  -1 
59419.990052 -4.933899 0.451755 5.020016 0.111000 8.655030 0.447814 8.782914 -3.315083 0.111000 -3.762898 0.111000 1.695863  -1   0  -1 
59420.037408 -4.886543 0.452561 6.331445 0.104000 10.058575 0.442175 10.175818 -3.402198 0.104000 -3.844373 0.104000 1.695863  -1   3  -1 
59420.038492 -4.885459 0.452579 6.759445 0.104000 10.058575 0.442046 10.175574 -2.974083 0.104000 -3.416129 0.104000 1.695863  -1   3  -1 
59420.040662 -4.883289 0.452616 9.441445 0.104000 10.058575 0.441787 10.175086 -0.291854 0.104000 -0.733641 0.104000 1.695863  -1   3  -1 
59420.700637 -4.223314 0.463850 11.222036 0.104000 9.853626 0.362244 9.834929 1.749351 0.104000 1.387107 0.104000 1.695863  -1   2  -1 
59420.708153 -4.215798 0.463978 12.511036 0.104000 9.853626 0.361328 9.833679 3.038685 0.104000 2.677357 0.104000 1.695863  -1   2  -1 
59420.715676 -4.208275 0.464106 9.715036 0.104000 9.853626 0.360411 9.832437 0.243010 0.104000 -0.117401 0.104000 1.695863  -1   2  -1 
59420.873617 -4.050334 0.466794 11.323000 0.133000 11.049915 0.341110 11.004901 0.659208 0.133000 0.318099 0.133000 1.695863  -1   1  -1 
59420.874323 -4.049628 0.466806 10.582000 0.133000 11.049915 0.341023 11.004805 -0.081782 0.133000 -0.422805 0.133000 1.695863  -1   1  -1 
59420.875735 -4.048216 0.466830 13.235000 0.133000 11.049915 0.340850 11.004612 2.571238 0.133000 2.230388 0.133000 1.695863  -1   1  -1 
59420.988150 -3.935801 0.468744 11.459445 0.109000 10.058575 0.327052 9.999136 1.787361 0.109000 1.460309 0.109000 1.695863  -1   3  -1 
59420.990293 -3.933658 0.468780 8.740445 0.109000 10.058575 0.326789 9.998890 -0.931656 0.109000 -1.258445 0.109000 1.695863  -1   3  -1 
59420.991383 -3.932568 0.468799 9.562445 0.109000 10.058575 0.326655 9.998765 -0.109666 0.109000 -0.436320 0.109000 1.695863  -1   3  -1 
59421.112099 -3.811852 0.470853 4.962016 0.109000 8.655030 0.311782 8.582819 -3.309021 0.109000 -3.620803 0.109000 1.695863  -1   0  -1 
59421.130285 -3.793666 0.471163 6.401016 0.109000 8.655030 0.309537 8.581196 -1.870643 0.109000 -2.180180 0.109000 1.695863  -1   0  -1 
59421.136709 -3.787242 0.471272 5.004016 0.109000 8.655030 0.308744 8.580638 -3.267878 0.109000 -3.576622 0.109000 1.695863  -1   0  -1 
59422.687448 -2.236503 0.497668 11.492036 0.105000 9.853626 0.112748 9.743586 1.861198 0.105000 1.748450 0.105000 1.695863  -1   2  -1 
59422.694983 -2.228968 0.497796 12.344036 0.105000 9.853626 0.111775 9.742841 2.712970 0.105000 2.601195 0.105000 1.695863  -1   2  -1 
59422.702516 -2.221435 0.497924 10.777036 0.105000 9.853626 0.110802 9.742079 1.145759 0.105000 1.034957 0.105000 1.695863  -1   2  -1 
59422.871553 -2.052398 0.500802 10.382000 0.132000 11.049915 0.088915 10.916409 -0.445494 0.132000 -0.534409 0.132000 1.695863  -1   1  -1 
59422.873670 -2.050281 0.500838 9.373000 0.132000 11.049915 0.088640 10.916071 -1.454432 0.132000 -1.543071 0.132000 1.695863  -1   1  -1 
59422.874376 -2.049575 0.500850 10.685000 0.132000 11.049915 0.088548 10.915959 -0.142410 0.132000 -0.230959 0.132000 1.695863  -1   1  -1 
59423.678423 -1.245528 0.514536 12.215036 0.105000 9.853626 -0.016863 9.461294 2.736879 0.105000 2.753742 0.105000 1.695863  -1   2  -1 
59423.685999 -1.237952 0.514665 12.980036 0.105000 9.853626 -0.017866 9.457618 3.504552 0.105000 3.522418 0.105000 1.695863  -1   2  -1 
59423.689751 -1.234200 0.514729 12.776036 0.105000 9.853626 -0.018363 9.455790 3.301883 0.105000 3.320246 0.105000 1.695863  -1   2  -1 
