# time model 
59325.801227 0.105281 
59325.833009 0.104891 
59325.864791 0.104413 
59325.896573 0.103844 
59325.928355 0.103185 
59325.960137 0.102434 
59325.991919 0.101590 
59326.023701 0.100651 
59326.055483 0.099616 
59326.087265 0.098486 
59326.119047 0.097257 
59326.150829 0.095930 
59326.182611 0.094503 
59326.214393 0.092976 
59326.246175 0.091349 
59326.277957 0.089619 
59326.309739 0.087786 
59326.341521 0.085851 
59326.373303 0.083811 
59326.405085 0.081667 
59326.436867 0.079418 
59326.468649 0.077064 
59326.500431 0.074604 
59326.532213 0.072038 
59326.563995 0.069365 
59326.595777 0.066586 
59326.627559 0.063700 
59326.659341 0.060706 
59326.691123 0.057606 
59326.722905 0.054398 
59326.754687 0.051082 
59326.786469 0.047660 
59326.818251 0.044130 
59326.850033 0.040493 
59326.881815 0.036750 
59326.913597 0.032899 
59326.945379 0.028942 
59326.977161 0.024880 
59327.008943 0.020711 
59327.040725 0.016437 
59327.072507 0.012058 
59327.104289 0.007575 
59327.136071 0.002988 
59327.167853 -0.001702 
59327.199635 -0.006495 
59327.231417 -0.011389 
59327.263199 -0.016385 
59327.294981 -0.021482 
59327.326763 -0.026678 
59327.358545 -0.031973 
59327.390327 -0.037366 
59327.422109 -0.042855 
59327.453891 -0.048441 
59327.485673 -0.054123 
59327.517455 -0.059898 
59327.549237 -0.065766 
59327.581019 -0.071726 
59327.612801 -0.077777 
59327.644583 -0.083918 
59327.676365 -0.090147 
59327.708147 -0.096463 
59327.739929 -0.102866 
59327.771711 -0.109353 
59327.803493 -0.115923 
59327.835275 -0.122575 
59327.867057 -0.129308 
59327.898839 -0.136121 
59327.930621 -0.143011 
59327.962402 -0.149978 
59327.994184 -0.157019 
59328.025966 -0.164135 
59328.057748 -0.171322 
59328.089530 -0.178579 
59328.121312 -0.185905 
59328.153094 -0.193299 
59328.184876 -0.200758 
59328.216658 -0.208282 
59328.248440 -0.215868 
59328.280222 -0.223515 
59328.312004 -0.231221 
59328.343786 -0.238984 
59328.375568 -0.246804 
59328.407350 -0.254677 
59328.439132 -0.262603 
59328.470914 -0.270580 
59328.502696 -0.278606 
59328.534478 -0.286680 
59328.566260 -0.294799 
59328.598042 -0.302962 
59328.629824 -0.311167 
59328.661606 -0.319412 
59328.693388 -0.327696 
59328.725170 -0.336017 
59328.756952 -0.344373 
59328.788734 -0.352763 
59328.820516 -0.361184 
59328.852298 -0.369635 
59328.884080 -0.378115 
59328.915862 -0.386620 
59328.947644 -0.395151 
59328.979426 -0.403704 
59329.011208 -0.412279 
59329.042990 -0.420873 
59329.074772 -0.429485 
59329.106554 -0.438113 
59329.138336 -0.446755 
59329.170118 -0.455410 
59329.201900 -0.464076 
59329.233682 -0.472751 
59329.265464 -0.481434 
59329.297246 -0.490122 
59329.329028 -0.498816 
59329.360810 -0.507511 
59329.392592 -0.516208 
59329.424374 -0.524904 
59329.456156 -0.533599 
59329.487938 -0.542289 
59329.519720 -0.550974 
59329.551502 -0.559653 
59329.583284 -0.568323 
59329.615066 -0.576983 
59329.646848 -0.585632 
59329.678630 -0.594267 
59329.710412 -0.602889 
59329.742194 -0.611495 
59329.773976 -0.620083 
59329.805758 -0.628653 
59329.837540 -0.637203 
59329.869322 -0.645732 
59329.901104 -0.654238 
59329.932886 -0.662720 
59329.964668 -0.671176 
59329.996450 -0.679606 
59330.028232 -0.688007 
59330.060014 -0.696380 
59330.091796 -0.704722 
59330.123578 -0.713032 
59330.155360 -0.721309 
59330.187142 -0.729553 
59330.218924 -0.737761 
59330.250706 -0.745932 
59330.282488 -0.754067 
59330.314270 -0.762162 
59330.346052 -0.770218 
59330.377834 -0.778234 
59330.409616 -0.786207 
59330.441398 -0.794138 
59330.473180 -0.802025 
59330.504962 -0.809867 
59330.536744 -0.817664 
59330.568526 -0.825414 
59330.600308 -0.833117 
59330.632090 -0.840771 
59330.663871 -0.848375 
59330.695653 -0.855930 
59330.727435 -0.863434 
59330.759217 -0.870885 
59330.790999 -0.878285 
59330.822781 -0.885630 
59330.854563 -0.892922 
59330.886345 -0.900159 
59330.918127 -0.907340 
59330.949909 -0.914465 
59330.981691 -0.921533 
59331.013473 -0.928543 
59331.045255 -0.935494 
59331.077037 -0.942387 
59331.108819 -0.949220 
59331.140601 -0.955993 
59331.172383 -0.962705 
59331.204165 -0.969355 
59331.235947 -0.975944 
59331.267729 -0.982470 
59331.299511 -0.988932 
59331.331293 -0.995332 
59331.363075 -1.001667 
59331.394857 -1.007937 
59331.426639 -1.014142 
59331.458421 -1.020282 
59331.490203 -1.026356 
59331.521985 -1.032363 
59331.553767 -1.038303 
59331.585549 -1.044176 
59331.617331 -1.049981 
59331.649113 -1.055718 
59331.680895 -1.061386 
59331.712677 -1.066985 
59331.744459 -1.072515 
59331.776241 -1.077975 
59331.808023 -1.083364 
59331.839805 -1.088684 
59331.871587 -1.093932 
59331.903369 -1.099109 
59331.935151 -1.104215 
59331.966933 -1.109249 
59331.998715 -1.114210 
59332.030497 -1.119099 
59332.062279 -1.123916 
59332.094061 -1.128659 
59332.125843 -1.133328 
59332.157625 -1.137924 
59332.189407 -1.142446 
59332.221189 -1.146893 
59332.252971 -1.151266 
59332.284753 -1.155564 
59332.316535 -1.159786 
59332.348317 -1.163934 
59332.380099 -1.168005 
59332.411881 -1.172000 
59332.443663 -1.175919 
59332.475445 -1.179762 
59332.507227 -1.183527 
59332.539009 -1.187216 
59332.570791 -1.190827 
59332.602573 -1.194360 
59332.634355 -1.197816 
59332.666137 -1.201193 
59332.697919 -1.204492 
59332.729701 -1.207712 
59332.761483 -1.210853 
59332.793265 -1.213916 
59332.825047 -1.216898 
59332.856829 -1.219801 
59332.888611 -1.222624 
59332.920393 -1.225367 
59332.952175 -1.228030 
59332.983957 -1.230612 
59333.015739 -1.233113 
59333.047521 -1.235532 
59333.079303 -1.237871 
59333.111085 -1.240127 
59333.142867 -1.242302 
59333.174649 -1.244395 
59333.206431 -1.246405 
59333.238213 -1.248333 
59333.269995 -1.250178 
59333.301777 -1.251940 
59333.333559 -1.253618 
59333.365340 -1.255213 
59333.397122 -1.256725 
59333.428904 -1.258152 
59333.460686 -1.259496 
59333.492468 -1.260755 
59333.524250 -1.261929 
59333.556032 -1.263019 
59333.587814 -1.264024 
59333.619596 -1.264943 
59333.651378 -1.265777 
59333.683160 -1.266526 
59333.714942 -1.267189 
59333.746724 -1.267767 
59333.778506 -1.268258 
59333.810288 -1.268663 
59333.842070 -1.268982 
59333.873852 -1.269214 
59333.905634 -1.269360 
59333.937416 -1.269419 
59333.969198 -1.269392 
59334.000980 -1.269277 
59334.032762 -1.269075 
59334.064544 -1.268787 
59334.096326 -1.268411 
59334.128108 -1.267948 
59334.159890 -1.267397 
59334.191672 -1.266760 
59334.223454 -1.266035 
59334.255236 -1.265222 
59334.287018 -1.264323 
59334.318800 -1.263336 
59334.350582 -1.262261 
59334.382364 -1.261100 
59334.414146 -1.259851 
59334.445928 -1.258515 
59334.477710 -1.257092 
59334.509492 -1.255582 
59334.541274 -1.253985 
59334.573056 -1.252302 
59334.604838 -1.250532 
59334.636620 -1.248675 
59334.668402 -1.246733 
59334.700184 -1.244704 
59334.731966 -1.242590 
59334.763748 -1.240390 
59334.795530 -1.238105 
59334.827312 -1.235736 
59334.859094 -1.233281 
59334.890876 -1.230743 
59334.922658 -1.228120 
59334.954440 -1.225414 
59334.986222 -1.222625 
59335.018004 -1.219753 
59335.049786 -1.216799 
59335.081568 -1.213764 
59335.113350 -1.210647 
59335.145132 -1.207449 
59335.176914 -1.204171 
59335.208696 -1.200813 
59335.240478 -1.197377 
59335.272260 -1.193862 
59335.304042 -1.190269 
59335.335824 -1.186599 
59335.367606 -1.182853 
59335.399388 -1.179031 
59335.431170 -1.175134 
59335.462952 -1.171163 
59335.494734 -1.167119 
59335.526516 -1.163003 
59335.558298 -1.158814 
59335.590080 -1.154555 
59335.621862 -1.150227 
59335.653644 -1.145829 
59335.685426 -1.141363 
59335.717208 -1.136831 
59335.748990 -1.132233 
59335.780772 -1.127569 
59335.812554 -1.122842 
59335.844336 -1.118053 
59335.876118 -1.113202 
59335.907900 -1.108291 
59335.939682 -1.103320 
59335.971464 -1.098292 
59336.003246 -1.093207 
59336.035028 -1.088066 
59336.066809 -1.082872 
59336.098591 -1.077625 
59336.130373 -1.072326 
59336.162155 -1.066977 
59336.193937 -1.061580 
59336.225719 -1.056135 
59336.257501 -1.050645 
59336.289283 -1.045110 
59336.321065 -1.039533 
59336.352847 -1.033914 
59336.384629 -1.028256 
59336.416411 -1.022559 
59336.448193 -1.016826 
59336.479975 -1.011058 
59336.511757 -1.005257 
59336.543539 -0.999424 
59336.575321 -0.993561 
59336.607103 -0.987670 
59336.638885 -0.981752 
59336.670667 -0.975810 
59336.702449 -0.969845 
59336.734231 -0.963858 
59336.766013 -0.957852 
59336.797795 -0.951828 
59336.829577 -0.945788 
59336.861359 -0.939735 
59336.893141 -0.933669 
59336.924923 -0.927593 
59336.956705 -0.921509 
59336.988487 -0.915418 
59337.020269 -0.909322 
59337.052051 -0.903224 
59337.083833 -0.897125 
59337.115615 -0.891028 
59337.147397 -0.884933 
59337.179179 -0.878844 
59337.210961 -0.872761 
59337.242743 -0.866688 
59337.274525 -0.860625 
59337.306307 -0.854575 
59337.338089 -0.848541 
59337.369871 -0.842523 
59337.401653 -0.836524 
59337.433435 -0.830545 
59337.465217 -0.824590 
59337.496999 -0.818659 
59337.528781 -0.812755 
59337.560563 -0.806879 
59337.592345 -0.801034 
59337.624127 -0.795222 
59337.655909 -0.789444 
59337.687691 -0.783703 
59337.719473 -0.778000 
59337.751255 -0.772337 
59337.783037 -0.766716 
59337.814819 -0.761140 
59337.846601 -0.755609 
59337.878383 -0.750126 
59337.910165 -0.744693 
59337.941947 -0.739312 
59337.973729 -0.733983 
59338.005511 -0.728710 
59338.037293 -0.723494 
59338.069075 -0.718336 
59338.100857 -0.713239 
59338.132639 -0.708204 
59338.164421 -0.703233 
59338.196203 -0.698327 
59338.227985 -0.693488 
59338.259767 -0.688718 
59338.291549 -0.684018 
59338.323331 -0.679390 
59338.355113 -0.674836 
59338.386895 -0.670356 
59338.418677 -0.665953 
59338.450459 -0.661628 
59338.482241 -0.657382 
59338.514023 -0.653217 
59338.545805 -0.649133 
59338.577587 -0.645133 
59338.609369 -0.641217 
59338.641151 -0.637388 
59338.672933 -0.633645 
59338.704715 -0.629990 
59338.736497 -0.626425 
59338.768278 -0.622950 
59338.800060 -0.619566 
59338.831842 -0.616275 
59338.863624 -0.613077 
59338.895406 -0.609974 
59338.927188 -0.606965 
59338.958970 -0.604053 
59338.990752 -0.601237 
59339.022534 -0.598519 
59339.054316 -0.595900 
59339.086098 -0.593379 
59339.117880 -0.590958 
59339.149662 -0.588636 
59339.181444 -0.586416 
59339.213226 -0.584296 
59339.245008 -0.582278 
59339.276790 -0.580362 
59339.308572 -0.578548 
59339.340354 -0.576836 
59339.372136 -0.575228 
59339.403918 -0.573722 
59339.435700 -0.572319 
59339.467482 -0.571019 
59339.499264 -0.569823 
59339.531046 -0.568730 
59339.562828 -0.567740 
59339.594610 -0.566852 
59339.626392 -0.566068 
59339.658174 -0.565386 
59339.689956 -0.564807 
59339.721738 -0.564330 
59339.753520 -0.563954 
59339.785302 -0.563680 
59339.817084 -0.563507 
59339.848866 -0.563434 
59339.880648 -0.563461 
59339.912430 -0.563587 
59339.944212 -0.563812 
59339.975994 -0.564135 
59340.007776 -0.564555 
59340.039558 -0.565071 
59340.071340 -0.565683 
59340.103122 -0.566390 
59340.134904 -0.567191 
59340.166686 -0.568084 
59340.198468 -0.569069 
59340.230250 -0.570145 
59340.262032 -0.571311 
59340.293814 -0.572565 
59340.325596 -0.573907 
59340.357378 -0.575335 
59340.389160 -0.576848 
59340.420942 -0.578445 
59340.452724 -0.580124 
59340.484506 -0.581884 
59340.516288 -0.583723 
59340.548070 -0.585641 
59340.579852 -0.587635 
59340.611634 -0.589705 
59340.643416 -0.591848 
59340.675198 -0.594063 
59340.706980 -0.596348 
59340.738762 -0.598703 
59340.770544 -0.601125 
59340.802326 -0.603612 
59340.834108 -0.606163 
59340.865890 -0.608775 
59340.897672 -0.611449 
59340.929454 -0.614180 
59340.961236 -0.616969 
59340.993018 -0.619812 
59341.024800 -0.622708 
59341.056582 -0.625655 
59341.088364 -0.628652 
59341.120146 -0.631695 
59341.151928 -0.634785 
59341.183710 -0.637917 
59341.215492 -0.641091 
59341.247274 -0.644305 
59341.279056 -0.647557 
59341.310838 -0.650844 
59341.342620 -0.654164 
59341.374402 -0.657516 
59341.406184 -0.660898 
59341.437965 -0.664308 
59341.469747 -0.667743 
59341.501529 -0.671202 
59341.533311 -0.674682 
59341.565093 -0.678182 
59341.596875 -0.681700 
59341.628657 -0.685233 
59341.660439 -0.688780 
59341.692221 -0.692339 
59341.724003 -0.695907 
59341.755785 -0.699483 
59341.787567 -0.703065 
59341.819349 -0.706650 
59341.851131 -0.710238 
59341.882913 -0.713825 
59341.914695 -0.717410 
59341.946477 -0.720992 
59341.978259 -0.724568 
59342.010041 -0.728136 
59342.041823 -0.731695 
59342.073605 -0.735243 
59342.105387 -0.738778 
59342.137169 -0.742298 
59342.168951 -0.745802 
59342.200733 -0.749287 
59342.232515 -0.752753 
59342.264297 -0.756197 
59342.296079 -0.759618 
59342.327861 -0.763015 
59342.359643 -0.766385 
59342.391425 -0.769727 
59342.423207 -0.773040 
59342.454989 -0.776323 
59342.486771 -0.779573 
59342.518553 -0.782789 
59342.550335 -0.785971 
59342.582117 -0.789117 
59342.613899 -0.792225 
59342.645681 -0.795294 
59342.677463 -0.798324 
59342.709245 -0.801312 
59342.741027 -0.804259 
59342.772809 -0.807162 
59342.804591 -0.810021 
59342.836373 -0.812835 
59342.868155 -0.815603 
59342.899937 -0.818323 
59342.931719 -0.820996 
59342.963501 -0.823621 
59342.995283 -0.826196 
59343.027065 -0.828721 
59343.058847 -0.831195 
59343.090629 -0.833618 
59343.122411 -0.835990 
59343.154193 -0.838309 
59343.185975 -0.840575 
59343.217757 -0.842788 
59343.249539 -0.844948 
59343.281321 -0.847054 
59343.313103 -0.849106 
59343.344885 -0.851103 
59343.376667 -0.853047 
59343.408449 -0.854935 
59343.440231 -0.856770 
59343.472013 -0.858550 
59343.503795 -0.860275 
59343.535577 -0.861947 
59343.567359 -0.863564 
59343.599141 -0.865127 
59343.630923 -0.866637 
59343.662705 -0.868093 
59343.694487 -0.869496 
59343.726269 -0.870847 
59343.758051 -0.872146 
59343.789833 -0.873393 
59343.821615 -0.874589 
59343.853397 -0.875734 
59343.885179 -0.876830 
59343.916961 -0.877877 
59343.948743 -0.878876 
59343.980525 -0.879827 
59344.012307 -0.880731 
59344.044089 -0.881590 
59344.075871 -0.882404 
59344.107653 -0.883174 
59344.139434 -0.883901 
59344.171216 -0.884586 
59344.202998 -0.885230 
59344.234780 -0.885835 
59344.266562 -0.886402 
59344.298344 -0.886931 
59344.330126 -0.887424 
59344.361908 -0.887883 
59344.393690 -0.888308 
59344.425472 -0.888702 
59344.457254 -0.889065 
59344.489036 -0.889398 
59344.520818 -0.889704 
59344.552600 -0.889984 
59344.584382 -0.890239 
59344.616164 -0.890471 
59344.647946 -0.890681 
59344.679728 -0.890871 
59344.711510 -0.891042 
59344.743292 -0.891197 
59344.775074 -0.891337 
59344.806856 -0.891464 
59344.838638 -0.891578 
59344.870420 -0.891683 
59344.902202 -0.891779 
59344.933984 -0.891869 
59344.965766 -0.891954 
59344.997548 -0.892036 
59345.029330 -0.892116 
59345.061112 -0.892198 
59345.092894 -0.892281 
59345.124676 -0.892369 
59345.156458 -0.892463 
59345.188240 -0.892565 
59345.220022 -0.892676 
59345.251804 -0.892799 
59345.283586 -0.892935 
59345.315368 -0.893086 
59345.347150 -0.893254 
59345.378932 -0.893441 
59345.410714 -0.893649 
59345.442496 -0.893879 
59345.474278 -0.894133 
59345.506060 -0.894413 
59345.537842 -0.894720 
59345.569624 -0.895058 
59345.601406 -0.895426 
59345.633188 -0.895827 
59345.664970 -0.896264 
59345.696752 -0.896736 
59345.728534 -0.897247 
59345.760316 -0.897797 
59345.792098 -0.898389 
59345.823880 -0.899023 
59345.855662 -0.899703 
59345.887444 -0.900428 
59345.919226 -0.901201 
59345.951008 -0.902023 
59345.982790 -0.902896 
59346.014572 -0.903821 
59346.046354 -0.904800 
59346.078136 -0.905833 
59346.109918 -0.906923 
59346.141700 -0.908070 
59346.173482 -0.909276 
59346.205264 -0.910542 
59346.237046 -0.911869 
59346.268828 -0.913259 
59346.300610 -0.914712 
59346.332392 -0.916230 
59346.364174 -0.917814 
59346.395956 -0.919464 
59346.427738 -0.921182 
59346.459520 -0.922968 
59346.491302 -0.924824 
59346.523084 -0.926750 
59346.554866 -0.928747 
59346.586648 -0.930816 
59346.618430 -0.932957 
59346.650212 -0.935170 
59346.681994 -0.937458 
59346.713776 -0.939819 
59346.745558 -0.942255 
59346.777340 -0.944766 
59346.809122 -0.947352 
59346.840903 -0.950014 
59346.872685 -0.952752 
59346.904467 -0.955565 
59346.936249 -0.958455 
59346.968031 -0.961421 
59346.999813 -0.964464 
59347.031595 -0.967583 
59347.063377 -0.970778 
59347.095159 -0.974049 
59347.126941 -0.977396 
59347.158723 -0.980819 
59347.190505 -0.984318 
59347.222287 -0.987892 
59347.254069 -0.991540 
59347.285851 -0.995263 
59347.317633 -0.999059 
59347.349415 -1.002929 
59347.381197 -1.006871 
59347.412979 -1.010886 
59347.444761 -1.014971 
59347.476543 -1.019127 
59347.508325 -1.023353 
59347.540107 -1.027647 
59347.571889 -1.032010 
59347.603671 -1.036439 
59347.635453 -1.040934 
59347.667235 -1.045493 
59347.699017 -1.050117 
59347.730799 -1.054803 
59347.762581 -1.059550 
59347.794363 -1.064357 
59347.826145 -1.069222 
59347.857927 -1.074145 
59347.889709 -1.079124 
59347.921491 -1.084157 
59347.953273 -1.089243 
59347.985055 -1.094380 
59348.016837 -1.099567 
59348.048619 -1.104803 
59348.080401 -1.110084 
59348.112183 -1.115411 
59348.143965 -1.120780 
59348.175747 -1.126190 
59348.207529 -1.131640 
59348.239311 -1.137128 
59348.271093 -1.142651 
59348.302875 -1.148208 
59348.334657 -1.153796 
59348.366439 -1.159415 
59348.398221 -1.165061 
59348.430003 -1.170733 
59348.461785 -1.176428 
59348.493567 -1.182146 
59348.525349 -1.187882 
59348.557131 -1.193636 
59348.588913 -1.199405 
59348.620695 -1.205188 
59348.652477 -1.210981 
59348.684259 -1.216782 
59348.716041 -1.222590 
59348.747823 -1.228403 
59348.779605 -1.234217 
59348.811387 -1.240031 
59348.843169 -1.245842 
59348.874951 -1.251648 
59348.906733 -1.257447 
59348.938515 -1.263236 
59348.970297 -1.269014 
59349.002079 -1.274778 
59349.033861 -1.280525 
59349.065643 -1.286253 
59349.097425 -1.291961 
59349.129207 -1.297645 
59349.160989 -1.303304 
59349.192771 -1.308935 
59349.224553 -1.314536 
59349.256335 -1.320105 
59349.288117 -1.325639 
59349.319899 -1.331136 
59349.351681 -1.336594 
59349.383463 -1.342011 
59349.415245 -1.347384 
59349.447027 -1.352712 
59349.478809 -1.357992 
59349.510591 -1.363222 
59349.542372 -1.368400 
59349.574154 -1.373524 
59349.605936 -1.378592 
59349.637718 -1.383602 
59349.669500 -1.388552 
59349.701282 -1.393439 
59349.733064 -1.398263 
59349.764846 -1.403021 
59349.796628 -1.407710 
59349.828410 -1.412331 
59349.860192 -1.416879 
59349.891974 -1.421355 
59349.923756 -1.425755 
59349.955538 -1.430079 
59349.987320 -1.434325 
59350.019102 -1.438491 
59350.050884 -1.442575 
59350.082666 -1.446577 
59350.114448 -1.450494 
59350.146230 -1.454325 
59350.178012 -1.458069 
59350.209794 -1.461725 
59350.241576 -1.465291 
59350.273358 -1.468766 
59350.305140 -1.472149 
59350.336922 -1.475438 
59350.368704 -1.478633 
59350.400486 -1.481733 
59350.432268 -1.484736 
59350.464050 -1.487642 
59350.495832 -1.490450 
59350.527614 -1.493159 
59350.559396 -1.495769 
59350.591178 -1.498278 
59350.622960 -1.500686 
59350.654742 -1.502993 
59350.686524 -1.505198 
59350.718306 -1.507300 
59350.750088 -1.509299 
59350.781870 -1.511195 
59350.813652 -1.512988 
59350.845434 -1.514677 
59350.877216 -1.516262 
59350.908998 -1.517743 
59350.940780 -1.519120 
59350.972562 -1.520393 
59351.004344 -1.521563 
59351.036126 -1.522628 
59351.067908 -1.523591 
59351.099690 -1.524450 
59351.131472 -1.525206 
59351.163254 -1.525860 
59351.195036 -1.526411 
59351.226818 -1.526861 
59351.258600 -1.527210 
59351.290382 -1.527459 
59351.322164 -1.527608 
59351.353946 -1.527659 
59351.385728 -1.527611 
59351.417510 -1.527466 
59351.449292 -1.527224 
59351.481074 -1.526888 
59351.512856 -1.526457 
59351.544638 -1.525933 
59351.576420 -1.525316 
59351.608202 -1.524609 
59351.639984 -1.523813 
59351.671766 -1.522928 
59351.703548 -1.521956 
59351.735330 -1.520898 
59351.767112 -1.519757 
59351.798894 -1.518533 
59351.830676 -1.517227 
59351.862458 -1.515843 
59351.894240 -1.514380 
59351.926022 -1.512842 
59351.957804 -1.511229 
59351.989586 -1.509544 
59352.021368 -1.507788 
59352.053150 -1.505963 
59352.084932 -1.504071 
59352.116714 -1.502114 
59352.148496 -1.500094 
59352.180278 -1.498014 
59352.212060 -1.495874 
59352.243841 -1.493677 
59352.275623 -1.491426 
59352.307405 -1.489122 
59352.339187 -1.486768 
59352.370969 -1.484366 
59352.402751 -1.481917 
59352.434533 -1.479426 
59352.466315 -1.476892 
59352.498097 -1.474320 
59352.529879 -1.471712 
59352.561661 -1.469069 
59352.593443 -1.466394 
59352.625225 -1.463689 
59352.657007 -1.460958 
59352.688789 -1.458202 
59352.720571 -1.455423 
59352.752353 -1.452626 
59352.784135 -1.449810 
59352.815917 -1.446981 
59352.847699 -1.444138 
59352.879481 -1.441287 
59352.911263 -1.438428 
59352.943045 -1.435564 
59352.974827 -1.432698 
59353.006609 -1.429833 
59353.038391 -1.426970 
59353.070173 -1.424112 
59353.101955 -1.421263 
59353.133737 -1.418424 
59353.165519 -1.415598 
59353.197301 -1.412787 
59353.229083 -1.409994 
59353.260865 -1.407221 
59353.292647 -1.404472 
59353.324429 -1.401747 
59353.356211 -1.399050 
59353.387993 -1.396384 
59353.419775 -1.393749 
59353.451557 -1.391150 
59353.483339 -1.388588 
59353.515121 -1.386065 
59353.546903 -1.383585 
59353.578685 -1.381149 
59353.610467 -1.378759 
59353.642249 -1.376418 
59353.674031 -1.374128 
59353.705813 -1.371890 
59353.737595 -1.369709 
59353.769377 -1.367584 
59353.801159 -1.365520 
59353.832941 -1.363516 
59353.864723 -1.361577 
59353.896505 -1.359703 
59353.928287 -1.357896 
59353.960069 -1.356159 
59353.991851 -1.354494 
59354.023633 -1.352901 
59354.055415 -1.351384 
59354.087197 -1.349943 
59354.118979 -1.348581 
59354.150761 -1.347298 
59354.182543 -1.346098 
59354.214325 -1.344981 
59354.246107 -1.343949 
59354.277889 -1.343003 
59354.309671 -1.342145 
59354.341453 -1.341376 
59354.373235 -1.340697 
59354.405017 -1.340111 
59354.436799 -1.339617 
59354.468581 -1.339218 
59354.500363 -1.338914 
59354.532145 -1.338707 
59354.563927 -1.338598 
59354.595709 -1.338587 
59354.627491 -1.338675 
59354.659273 -1.338864 
59354.691055 -1.339154 
59354.722837 -1.339546 
59354.754619 -1.340040 
59354.786401 -1.340639 
59354.818183 -1.341341 
59354.849965 -1.342148 
59354.881747 -1.343059 
59354.913529 -1.344077 
59354.945310 -1.345200 
59354.977092 -1.346430 
59355.008874 -1.347766 
59355.040656 -1.349209 
59355.072438 -1.350759 
59355.104220 -1.352417 
59355.136002 -1.354181 
59355.167784 -1.356053 
59355.199566 -1.358032 
59355.231348 -1.360118 
59355.263130 -1.362311 
59355.294912 -1.364611 
59355.326694 -1.367017 
59355.358476 -1.369530 
59355.390258 -1.372149 
59355.422040 -1.374873 
59355.453822 -1.377702 
59355.485604 -1.380636 
59355.517386 -1.383674 
59355.549168 -1.386815 
59355.580950 -1.390059 
59355.612732 -1.393405 
59355.644514 -1.396853 
59355.676296 -1.400401 
59355.708078 -1.404049 
59355.739860 -1.407795 
59355.771642 -1.411640 
59355.803424 -1.415581 
59355.835206 -1.419618 
59355.866988 -1.423750 
59355.898770 -1.427976 
59355.930552 -1.432295 
59355.962334 -1.436705 
59355.994116 -1.441205 
59356.025898 -1.445794 
59356.057680 -1.450471 
59356.089462 -1.455234 
59356.121244 -1.460082 
59356.153026 -1.465013 
59356.184808 -1.470027 
59356.216590 -1.475121 
59356.248372 -1.480294 
59356.280154 -1.485545 
59356.311936 -1.490872 
59356.343718 -1.496274 
59356.375500 -1.501748 
59356.407282 -1.507293 
59356.439064 -1.512908 
59356.470846 -1.518591 
59356.502628 -1.524340 
59356.534410 -1.530153 
59356.566192 -1.536028 
59356.597974 -1.541965 
59356.629756 -1.547960 
59356.661538 -1.554013 
59356.693320 -1.560120 
59356.725102 -1.566281 
59356.756884 -1.572494 
59356.788666 -1.578756 
59356.820448 -1.585066 
59356.852230 -1.591422 
59356.884012 -1.597822 
59356.915794 -1.604264 
59356.947576 -1.610745 
59356.979358 -1.617265 
59357.011140 -1.623821 
59357.042922 -1.630411 
59357.074704 -1.637033 
59357.106486 -1.643686 
59357.138268 -1.650366 
59357.170050 -1.657073 
59357.201832 -1.663804 
59357.233614 -1.670557 
59357.265396 -1.677331 
59357.297178 -1.684123 
59357.328960 -1.690931 
59357.360742 -1.697754 
59357.392524 -1.704589 
59357.424306 -1.711435 
59357.456088 -1.718289 
59357.487870 -1.725149 
59357.519652 -1.732014 
59357.551434 -1.738882 
59357.583216 -1.745751 
59357.614997 -1.752618 
59357.646779 -1.759483 
59357.678561 -1.766343 
59357.710343 -1.773196 
59357.742125 -1.780040 
59357.773907 -1.786874 
59357.805689 -1.793695 
59357.837471 -1.800503 
59357.869253 -1.807295 
59357.901035 -1.814069 
59357.932817 -1.820824 
59357.964599 -1.827558 
59357.996381 -1.834269 
59358.028163 -1.840955 
59358.059945 -1.847616 
59358.091727 -1.854248 
59358.123509 -1.860851 
59358.155291 -1.867424 
59358.187073 -1.873963 
59358.218855 -1.880469 
59358.250637 -1.886938 
59358.282419 -1.893371 
59358.314201 -1.899765 
59358.345983 -1.906119 
59358.377765 -1.912431 
59358.409547 -1.918701 
59358.441329 -1.924926 
59358.473111 -1.931105 
59358.504893 -1.937237 
59358.536675 -1.943322 
59358.568457 -1.949356 
59358.600239 -1.955340 
59358.632021 -1.961271 
59358.663803 -1.967150 
59358.695585 -1.972974 
59358.727367 -1.978742 
59358.759149 -1.984454 
59358.790931 -1.990108 
59358.822713 -1.995703 
59358.854495 -2.001239 
59358.886277 -2.006714 
59358.918059 -2.012127 
59358.949841 -2.017477 
59358.981623 -2.022764 
59359.013405 -2.027986 
59359.045187 -2.033142 
59359.076969 -2.038233 
59359.108751 -2.043257 
59359.140533 -2.048212 
59359.172315 -2.053099 
59359.204097 -2.057917 
59359.235879 -2.062665 
59359.267661 -2.067343 
59359.299443 -2.071949 
59359.331225 -2.076483 
59359.363007 -2.080945 
59359.394789 -2.085333 
59359.426571 -2.089648 
59359.458353 -2.093889 
59359.490135 -2.098055 
59359.521917 -2.102146 
59359.553699 -2.106162 
59359.585481 -2.110102 
59359.617263 -2.113965 
59359.649045 -2.117751 
59359.680827 -2.121460 
59359.712609 -2.125092 
59359.744391 -2.128646 
59359.776173 -2.132122 
59359.807955 -2.135520 
59359.839737 -2.138839 
59359.871519 -2.142079 
59359.903301 -2.145240 
59359.935083 -2.148322 
59359.966865 -2.151324 
59359.998647 -2.154246 
59360.030429 -2.157089 
59360.062211 -2.159852 
59360.093993 -2.162535 
59360.125775 -2.165138 
59360.157557 -2.167661 
59360.189339 -2.170103 
59360.221121 -2.172465 
59360.252903 -2.174746 
59360.284685 -2.176948 
59360.316466 -2.179068 
59360.348248 -2.181109 
59360.380030 -2.183069 
59360.411812 -2.184948 
59360.443594 -2.186747 
59360.475376 -2.188466 
59360.507158 -2.190104 
59360.538940 -2.191663 
59360.570722 -2.193141 
59360.602504 -2.194539 
59360.634286 -2.195857 
59360.666068 -2.197095 
59360.697850 -2.198253 
59360.729632 -2.199332 
59360.761414 -2.200331 
59360.793196 -2.201250 
59360.824978 -2.202091 
59360.856760 -2.202852 
59360.888542 -2.203533 
59360.920324 -2.204136 
59360.952106 -2.204661 
59360.983888 -2.205106 
59361.015670 -2.205473 
59361.047452 -2.205762 
59361.079234 -2.205973 
59361.111016 -2.206105 
59361.142798 -2.206160 
59361.174580 -2.206137 
59361.206362 -2.206037 
59361.238144 -2.205859 
59361.269926 -2.205604 
59361.301708 -2.205272 
59361.333490 -2.204863 
59361.365272 -2.204378 
59361.397054 -2.203816 
59361.428836 -2.203178 
59361.460618 -2.202463 
59361.492400 -2.201673 
59361.524182 -2.200807 
59361.555964 -2.199866 
59361.587746 -2.198849 
59361.619528 -2.197757 
59361.651310 -2.196589 
59361.683092 -2.195347 
59361.714874 -2.194031 
59361.746656 -2.192640 
59361.778438 -2.191174 
59361.810220 -2.189635 
59361.842002 -2.188021 
59361.873784 -2.186334 
59361.905566 -2.184573 
59361.937348 -2.182739 
59361.969130 -2.180831 
59362.000912 -2.178851 
59362.032694 -2.176798 
59362.064476 -2.174672 
59362.096258 -2.172473 
59362.128040 -2.170203 
59362.159822 -2.167860 
59362.191604 -2.165445 
59362.223386 -2.162959 
59362.255168 -2.160401 
59362.286950 -2.157772 
59362.318732 -2.155071 
59362.350514 -2.152300 
59362.382296 -2.149458 
59362.414078 -2.146546 
59362.445860 -2.143563 
59362.477642 -2.140511 
59362.509424 -2.137388 
59362.541206 -2.134196 
59362.572988 -2.130935 
59362.604770 -2.127605 
59362.636552 -2.124205 
59362.668334 -2.120737 
59362.700116 -2.117201 
59362.731898 -2.113597 
59362.763680 -2.109924 
59362.795462 -2.106185 
59362.827244 -2.102378 
59362.859026 -2.098504 
59362.890808 -2.094563 
59362.922590 -2.090557 
59362.954372 -2.086484 
59362.986154 -2.082345 
59363.017935 -2.078142 
59363.049717 -2.073873 
59363.081499 -2.069540 
59363.113281 -2.065142 
59363.145063 -2.060681 
59363.176845 -2.056157 
59363.208627 -2.051569 
59363.240409 -2.046919 
59363.272191 -2.042207 
59363.303973 -2.037433 
59363.335755 -2.032598 
59363.367537 -2.027702 
59363.399319 -2.022747 
59363.431101 -2.017732 
59363.462883 -2.012657 
59363.494665 -2.007524 
59363.526447 -2.002334 
59363.558229 -1.997085 
59363.590011 -1.991781 
59363.621793 -1.986420 
59363.653575 -1.981003 
59363.685357 -1.975532 
59363.717139 -1.970007 
59363.748921 -1.964429 
59363.780703 -1.958797 
59363.812485 -1.953114 
59363.844267 -1.947380 
59363.876049 -1.941596 
59363.907831 -1.935762 
59363.939613 -1.929879 
59363.971395 -1.923948 
59364.003177 -1.917971 
59364.034959 -1.911948 
59364.066741 -1.905879 
59364.098523 -1.899766 
59364.130305 -1.893610 
59364.162087 -1.887412 
59364.193869 -1.881173 
59364.225651 -1.874893 
59364.257433 -1.868574 
59364.289215 -1.862218 
59364.320997 -1.855824 
59364.352779 -1.849395 
59364.384561 -1.842931 
59364.416343 -1.836434 
59364.448125 -1.829904 
59364.479907 -1.823344 
59364.511689 -1.816754 
59364.543471 -1.810135 
59364.575253 -1.803489 
59364.607035 -1.796817 
59364.638817 -1.790121 
59364.670599 -1.783402 
59364.702381 -1.776661 
59364.734163 -1.769900 
59364.765945 -1.763120 
59364.797727 -1.756322 
59364.829509 -1.749509 
59364.861291 -1.742681 
59364.893073 -1.735840 
59364.924855 -1.728988 
59364.956637 -1.722126 
59364.988419 -1.715256 
59365.020201 -1.708380 
59365.051983 -1.701499 
59365.083765 -1.694614 
59365.115547 -1.687728 
59365.147329 -1.680842 
59365.179111 -1.673957 
59365.210893 -1.667077 
59365.242675 -1.660201 
59365.274457 -1.653333 
59365.306239 -1.646474 
59365.338021 -1.639625 
59365.369803 -1.632788 
59365.401585 -1.625966 
59365.433367 -1.619161 
59365.465149 -1.612373 
59365.496931 -1.605605 
59365.528713 -1.598858 
59365.560495 -1.592136 
59365.592277 -1.585438 
59365.624059 -1.578769 
59365.655841 -1.572129 
59365.687623 -1.565520 
59365.719404 -1.558944 
59365.751186 -1.552403 
59365.782968 -1.545900 
59365.814750 -1.539436 
59365.846532 -1.533013 
59365.878314 -1.526633 
59365.910096 -1.520298 
59365.941878 -1.514010 
59365.973660 -1.507771 
59366.005442 -1.501583 
59366.037224 -1.495448 
59366.069006 -1.489368 
59366.100788 -1.483344 
59366.132570 -1.477380 
59366.164352 -1.471477 
59366.196134 -1.465636 
59366.227916 -1.459860 
59366.259698 -1.454151 
59366.291480 -1.448511 
59366.323262 -1.442941 
59366.355044 -1.437443 
59366.386826 -1.432021 
59366.418608 -1.426674 
59366.450390 -1.421406 
59366.482172 -1.416218 
59366.513954 -1.411112 
59366.545736 -1.406090 
59366.577518 -1.401153 
59366.609300 -1.396304 
59366.641082 -1.391545 
59366.672864 -1.386876 
59366.704646 -1.382301 
59366.736428 -1.377820 
59366.768210 -1.373435 
59366.799992 -1.369148 
59366.831774 -1.364961 
59366.863556 -1.360876 
59366.895338 -1.356893 
59366.927120 -1.353015 
59366.958902 -1.349243 
59366.990684 -1.345579 
59367.022466 -1.342023 
59367.054248 -1.338579 
59367.086030 -1.335247 
59367.117812 -1.332028 
59367.149594 -1.328924 
59367.181376 -1.325937 
59367.213158 -1.323067 
59367.244940 -1.320316 
59367.276722 -1.317685 
59367.308504 -1.315175 
59367.340286 -1.312788 
59367.372068 -1.310525 
59367.403850 -1.308386 
59367.435632 -1.306373 
59367.467414 -1.304487 
59367.499196 -1.302729 
59367.530978 -1.301099 
59367.562760 -1.299599 
59367.594542 -1.298230 
59367.626324 -1.296992 
59367.658106 -1.295886 
59367.689888 -1.294912 
59367.721670 -1.294072 
59367.753452 -1.293366 
59367.785234 -1.292795 
59367.817016 -1.292359 
59367.848798 -1.292058 
59367.880580 -1.291894 
59367.912362 -1.291866 
59367.944144 -1.291975 
59367.975926 -1.292221 
59368.007708 -1.292605 
59368.039490 -1.293126 
59368.071272 -1.293785 
59368.103054 -1.294581 
59368.134836 -1.295515 
59368.166618 -1.296588 
59368.198400 -1.297798 
59368.230182 -1.299146 
59368.261964 -1.300631 
59368.293746 -1.302254 
59368.325528 -1.304014 
59368.357310 -1.305910 
59368.389092 -1.307943 
59368.420873 -1.310112 
59368.452655 -1.312417 
59368.484437 -1.314857 
59368.516219 -1.317431 
59368.548001 -1.320140 
59368.579783 -1.322981 
59368.611565 -1.325955 
59368.643347 -1.329061 
59368.675129 -1.332298 
59368.706911 -1.335666 
59368.738693 -1.339162 
59368.770475 -1.342787 
59368.802257 -1.346540 
59368.834039 -1.350418 
59368.865821 -1.354422 
59368.897603 -1.358550 
59368.929385 -1.362801 
59368.961167 -1.367174 
59368.992949 -1.371667 
59369.024731 -1.376279 
59369.056513 -1.381009 
59369.088295 -1.385856 
59369.120077 -1.390817 
59369.151859 -1.395892 
59369.183641 -1.401080 
59369.215423 -1.406377 
59369.247205 -1.411783 
59369.278987 -1.417297 
59369.310769 -1.422916 
59369.342551 -1.428639 
59369.374333 -1.434464 
59369.406115 -1.440389 
59369.437897 -1.446413 
59369.469679 -1.452534 
59369.501461 -1.458749 
59369.533243 -1.465057 
59369.565025 -1.471456 
59369.596807 -1.477945 
59369.628589 -1.484520 
59369.660371 -1.491180 
59369.692153 -1.497923 
59369.723935 -1.504747 
59369.755717 -1.511649 
59369.787499 -1.518629 
59369.819281 -1.525682 
59369.851063 -1.532809 
59369.882845 -1.540005 
59369.914627 -1.547269 
59369.946409 -1.554599 
59369.978191 -1.561993 
59370.009973 -1.569447 
59370.041755 -1.576961 
59370.073537 -1.584532 
59370.105319 -1.592157 
59370.137101 -1.599834 
59370.168883 -1.607561 
59370.200665 -1.615336 
59370.232447 -1.623155 
59370.264229 -1.631018 
59370.296011 -1.638921 
59370.327793 -1.646863 
59370.359575 -1.654840 
59370.391357 -1.662851 
59370.423139 -1.670894 
59370.454921 -1.678965 
59370.486703 -1.687063 
59370.518485 -1.695185 
59370.550267 -1.703329 
59370.582049 -1.711493 
59370.613831 -1.719674 
59370.645613 -1.727870 
59370.677395 -1.736079 
59370.709177 -1.744298 
59370.740959 -1.752526 
59370.772741 -1.760759 
59370.804523 -1.768997 
59370.836305 -1.777236 
59370.868087 -1.785474 
59370.899869 -1.793710 
59370.931651 -1.801940 
59370.963433 -1.810164 
59370.995215 -1.818378 
59371.026997 -1.826581 
59371.058779 -1.834770 
59371.090561 -1.842944 
59371.122342 -1.851100 
59371.154124 -1.859237 
59371.185906 -1.867353 
59371.217688 -1.875445 
59371.249470 -1.883512 
59371.281252 -1.891552 
59371.313034 -1.899562 
59371.344816 -1.907542 
59371.376598 -1.915489 
59371.408380 -1.923402 
59371.440162 -1.931279 
59371.471944 -1.939118 
59371.503726 -1.946917 
59371.535508 -1.954676 
59371.567290 -1.962392 
59371.599072 -1.970063 
59371.630854 -1.977689 
59371.662636 -1.985268 
59371.694418 -1.992798 
59371.726200 -2.000279 
59371.757982 -2.007708 
59371.789764 -2.015085 
59371.821546 -2.022407 
59371.853328 -2.029675 
59371.885110 -2.036887 
59371.916892 -2.044041 
59371.948674 -2.051137 
59371.980456 -2.058173 
59372.012238 -2.065149 
59372.044020 -2.072064 
59372.075802 -2.078916 
59372.107584 -2.085706 
59372.139366 -2.092431 
59372.171148 -2.099091 
59372.202930 -2.105686 
59372.234712 -2.112215 
59372.266494 -2.118677 
59372.298276 -2.125071 
59372.330058 -2.131398 
59372.361840 -2.137656 
59372.393622 -2.143845 
59372.425404 -2.149965 
59372.457186 -2.156015 
59372.488968 -2.161995 
59372.520750 -2.167905 
59372.552532 -2.173744 
59372.584314 -2.179513 
59372.616096 -2.185210 
59372.647878 -2.190837 
59372.679660 -2.196393 
59372.711442 -2.201877 
59372.743224 -2.207291 
59372.775006 -2.212633 
59372.806788 -2.217905 
59372.838570 -2.223106 
59372.870352 -2.228237 
59372.902134 -2.233297 
59372.933916 -2.238287 
59372.965698 -2.243207 
59372.997480 -2.248058 
59373.029262 -2.252841 
59373.061044 -2.257554 
59373.092826 -2.262200 
59373.124608 -2.266777 
59373.156390 -2.271288 
59373.188172 -2.275732 
59373.219954 -2.280111 
59373.251736 -2.284424 
59373.283518 -2.288672 
59373.315300 -2.292857 
59373.347082 -2.296978 
59373.378864 -2.301037 
59373.410646 -2.305035 
59373.442428 -2.308971 
59373.474210 -2.312847 
59373.505992 -2.316665 
59373.537774 -2.320424 
59373.569556 -2.324125 
59373.601338 -2.327771 
59373.633120 -2.331361 
59373.664902 -2.334896 
59373.696684 -2.338378 
59373.728466 -2.341808 
59373.760248 -2.345186 
59373.792029 -2.348514 
59373.823811 -2.351792 
59373.855593 -2.355023 
59373.887375 -2.358206 
59373.919157 -2.361343 
59373.950939 -2.364436 
59373.982721 -2.367485 
59374.014503 -2.370491 
59374.046285 -2.373456 
59374.078067 -2.376381 
59374.109849 -2.379267 
59374.141631 -2.382115 
59374.173413 -2.384926 
59374.205195 -2.387702 
59374.236977 -2.390443 
59374.268759 -2.393152 
59374.300541 -2.395828 
59374.332323 -2.398474 
59374.364105 -2.401090 
59374.395887 -2.403678 
59374.427669 -2.406239 
59374.459451 -2.408774 
59374.491233 -2.411284 
59374.523015 -2.413771 
59374.554797 -2.416235 
59374.586579 -2.418678 
59374.618361 -2.421101 
59374.650143 -2.423505 
59374.681925 -2.425891 
59374.713707 -2.428260 
59374.745489 -2.430613 
59374.777271 -2.432952 
59374.809053 -2.435277 
59374.840835 -2.437590 
59374.872617 -2.439892 
59374.904399 -2.442183 
59374.936181 -2.444465 
59374.967963 -2.446738 
59374.999745 -2.449004 
59375.031527 -2.451263 
59375.063309 -2.453517 
59375.095091 -2.455766 
59375.126873 -2.458011 
59375.158655 -2.460253 
59375.190437 -2.462493 
59375.222219 -2.464732 
59375.254001 -2.466970 
59375.285783 -2.469209 
59375.317565 -2.471448 
59375.349347 -2.473689 
59375.381129 -2.475932 
59375.412911 -2.478178 
59375.444693 -2.480428 
59375.476475 -2.482682 
59375.508257 -2.484941 
59375.540039 -2.487204 
59375.571821 -2.489474 
59375.603603 -2.491749 
59375.635385 -2.494032 
59375.667167 -2.496321 
59375.698949 -2.498618 
59375.730731 -2.500922 
59375.762513 -2.503235 
59375.794295 -2.505555 
59375.826077 -2.507885 
59375.857859 -2.510223 
59375.889641 -2.512570 
59375.921423 -2.514926 
59375.953205 -2.517291 
59375.984987 -2.519666 
59376.016769 -2.522050 
59376.048551 -2.524443 
59376.080333 -2.526846 
59376.112115 -2.529258 
59376.143897 -2.531680 
59376.175679 -2.534110 
59376.207461 -2.536550 
59376.239243 -2.538998 
59376.271025 -2.541455 
59376.302807 -2.543920 
59376.334589 -2.546393 
59376.366371 -2.548875 
59376.398153 -2.551363 
59376.429935 -2.553859 
59376.461717 -2.556362 
59376.493498 -2.558871 
59376.525280 -2.561385 
59376.557062 -2.563906 
59376.588844 -2.566431 
59376.620626 -2.568960 
59376.652408 -2.571494 
59376.684190 -2.574031 
59376.715972 -2.576570 
59376.747754 -2.579111 
59376.779536 -2.581654 
59376.811318 -2.584198 
59376.843100 -2.586741 
59376.874882 -2.589284 
59376.906664 -2.591826 
59376.938446 -2.594365 
59376.970228 -2.596901 
59377.002010 -2.599434 
59377.033792 -2.601962 
59377.065574 -2.604484 
59377.097356 -2.607001 
59377.129138 -2.609510 
59377.160920 -2.612011 
59377.192702 -2.614503 
59377.224484 -2.616985 
59377.256266 -2.619456 
59377.288048 -2.621916 
59377.319830 -2.624363 
59377.351612 -2.626797 
59377.383394 -2.629215 
59377.415176 -2.631619 
59377.446958 -2.634005 
59377.478740 -2.636374 
59377.510522 -2.638725 
59377.542304 -2.641056 
59377.574086 -2.643367 
59377.605868 -2.645656 
59377.637650 -2.647922 
59377.669432 -2.650165 
59377.701214 -2.652383 
59377.732996 -2.654576 
59377.764778 -2.656742 
59377.796560 -2.658880 
59377.828342 -2.660990 
59377.860124 -2.663070 
59377.891906 -2.665119 
59377.923688 -2.667137 
59377.955470 -2.669123 
59377.987252 -2.671075 
59378.019034 -2.672992 
59378.050816 -2.674874 
59378.082598 -2.676720 
59378.114380 -2.678528 
59378.146162 -2.680298 
59378.177944 -2.682029 
59378.209726 -2.683720 
59378.241508 -2.685370 
59378.273290 -2.686978 
59378.305072 -2.688544 
59378.336854 -2.690067 
59378.368636 -2.691545 
59378.400418 -2.692979 
59378.432200 -2.694367 
59378.463982 -2.695708 
59378.495764 -2.697002 
59378.527546 -2.698249 
59378.559328 -2.699447 
59378.591110 -2.700595 
59378.622892 -2.701694 
59378.654674 -2.702743 
59378.686456 -2.703741 
59378.718238 -2.704688 
59378.750020 -2.705582 
59378.781802 -2.706424 
59378.813584 -2.707213 
59378.845366 -2.707949 
59378.877148 -2.708632 
59378.908930 -2.709260 
59378.940712 -2.709833 
59378.972494 -2.710353 
59379.004276 -2.710817 
59379.036058 -2.711226 
59379.067840 -2.711579 
59379.099622 -2.711877 
59379.131404 -2.712119 
59379.163186 -2.712306 
59379.194967 -2.712436 
59379.226749 -2.712511 
59379.258531 -2.712529 
59379.290313 -2.712492 
59379.322095 -2.712399 
59379.353877 -2.712250 
59379.385659 -2.712045 
59379.417441 -2.711785 
59379.449223 -2.711470 
59379.481005 -2.711100 
59379.512787 -2.710674 
59379.544569 -2.710195 
59379.576351 -2.709662 
59379.608133 -2.709074 
59379.639915 -2.708434 
59379.671697 -2.707740 
59379.703479 -2.706995 
59379.735261 -2.706197 
59379.767043 -2.705348 
59379.798825 -2.704449 
59379.830607 -2.703499 
59379.862389 -2.702500 
59379.894171 -2.701452 
59379.925953 -2.700357 
59379.957735 -2.699214 
59379.989517 -2.698024 
59380.021299 -2.696789 
59380.053081 -2.695509 
59380.084863 -2.694185 
59380.116645 -2.692818 
59380.148427 -2.691409 
59380.180209 -2.689959 
59380.211991 -2.688469 
59380.243773 -2.686940 
59380.275555 -2.685372 
59380.307337 -2.683768 
59380.339119 -2.682128 
59380.370901 -2.680453 
59380.402683 -2.678745 
59380.434465 -2.677005 
59380.466247 -2.675233 
59380.498029 -2.673431 
59380.529811 -2.671601 
59380.561593 -2.669744 
59380.593375 -2.667860 
59380.625157 -2.665952 
59380.656939 -2.664020 
59380.688721 -2.662066 
59380.720503 -2.660092 
59380.752285 -2.658098 
59380.784067 -2.656087 
59380.815849 -2.654059 
59380.847631 -2.652016 
59380.879413 -2.649960 
59380.911195 -2.647892 
59380.942977 -2.645813 
59380.974759 -2.643725 
59381.006541 -2.641629 
59381.038323 -2.639527 
59381.070105 -2.637421 
59381.101887 -2.635312 
59381.133669 -2.633201 
59381.165451 -2.631090 
59381.197233 -2.628981 
59381.229015 -2.626875 
59381.260797 -2.624774 
59381.292579 -2.622679 
59381.324361 -2.620591 
59381.356143 -2.618513 
59381.387925 -2.616446 
59381.419707 -2.614391 
59381.451489 -2.612350 
59381.483271 -2.610324 
59381.515053 -2.608316 
59381.546835 -2.606326 
59381.578617 -2.604356 
59381.610399 -2.602407 
59381.642181 -2.600482 
59381.673963 -2.598581 
59381.705745 -2.596706 
59381.737527 -2.594858 
59381.769309 -2.593039 
59381.801091 -2.591251 
59381.832873 -2.589494 
59381.864655 -2.587771 
59381.896436 -2.586082 
59381.928218 -2.584428 
59381.960000 -2.582812 
59381.991782 -2.581235 
59382.023564 -2.579697 
59382.055346 -2.578201 
59382.087128 -2.576747 
59382.118910 -2.575337 
59382.150692 -2.573971 
59382.182474 -2.572652 
59382.214256 -2.571379 
59382.246038 -2.570155 
59382.277820 -2.568981 
59382.309602 -2.567857 
59382.341384 -2.566785 
59382.373166 -2.565765 
59382.404948 -2.564800 
59382.436730 -2.563888 
59382.468512 -2.563032 
59382.500294 -2.562233 
59382.532076 -2.561491 
59382.563858 -2.560808 
59382.595640 -2.560183 
59382.627422 -2.559618 
59382.659204 -2.559113 
59382.690986 -2.558670 
59382.722768 -2.558289 
59382.754550 -2.557970 
59382.786332 -2.557714 
59382.818114 -2.557522 
59382.849896 -2.557395 
59382.881678 -2.557332 
59382.913460 -2.557334 
59382.945242 -2.557402 
59382.977024 -2.557536 
59383.008806 -2.557736 
59383.040588 -2.558002 
59383.072370 -2.558336 
59383.104152 -2.558737 
59383.135934 -2.559205 
59383.167716 -2.559741 
59383.199498 -2.560344 
59383.231280 -2.561015 
59383.263062 -2.561753 
59383.294844 -2.562559 
59383.326626 -2.563433 
59383.358408 -2.564375 
59383.390190 -2.565384 
59383.421972 -2.566460 
59383.453754 -2.567604 
59383.485536 -2.568814 
59383.517318 -2.570091 
59383.549100 -2.571434 
59383.580882 -2.572844 
59383.612664 -2.574319 
59383.644446 -2.575859 
59383.676228 -2.577464 
59383.708010 -2.579133 
59383.739792 -2.580866 
59383.771574 -2.582662 
59383.803356 -2.584520 
59383.835138 -2.586441 
59383.866920 -2.588422 
59383.898702 -2.590465 
59383.930484 -2.592567 
59383.962266 -2.594728 
59383.994048 -2.596948 
59384.025830 -2.599225 
59384.057612 -2.601559 
59384.089394 -2.603948 
59384.121176 -2.606393 
59384.152958 -2.608891 
59384.184740 -2.611442 
59384.216522 -2.614045 
59384.248304 -2.616699 
59384.280086 -2.619402 
59384.311868 -2.622155 
59384.343650 -2.624955 
59384.375432 -2.627801 
59384.407214 -2.630693 
59384.438996 -2.633630 
59384.470778 -2.636609 
59384.502560 -2.639629 
59384.534342 -2.642691 
59384.566124 -2.645792 
59384.597905 -2.648930 
59384.629687 -2.652106 
59384.661469 -2.655316 
59384.693251 -2.658561 
59384.725033 -2.661839 
59384.756815 -2.665148 
59384.788597 -2.668487 
59384.820379 -2.671854 
59384.852161 -2.675249 
59384.883943 -2.678669 
59384.915725 -2.682114 
59384.947507 -2.685582 
59384.979289 -2.689072 
59385.011071 -2.692582 
59385.042853 -2.696110 
59385.074635 -2.699655 
59385.106417 -2.703217 
59385.138199 -2.706792 
59385.169981 -2.710381 
59385.201763 -2.713980 
59385.233545 -2.717590 
59385.265327 -2.721208 
59385.297109 -2.724833 
59385.328891 -2.728464 
59385.360673 -2.732099 
59385.392455 -2.735736 
59385.424237 -2.739374 
59385.456019 -2.743012 
59385.487801 -2.746649 
59385.519583 -2.750282 
59385.551365 -2.753911 
59385.583147 -2.757533 
59385.614929 -2.761149 
59385.646711 -2.764755 
59385.678493 -2.768351 
59385.710275 -2.771936 
59385.742057 -2.775508 
59385.773839 -2.779065 
59385.805621 -2.782607 
59385.837403 -2.786132 
59385.869185 -2.789638 
59385.900967 -2.793125 
59385.932749 -2.796592 
59385.964531 -2.800036 
59385.996313 -2.803457 
59386.028095 -2.806853 
59386.059877 -2.810224 
59386.091659 -2.813568 
59386.123441 -2.816883 
59386.155223 -2.820170 
59386.187005 -2.823426 
59386.218787 -2.826651 
59386.250569 -2.829843 
59386.282351 -2.833002 
59386.314133 -2.836126 
59386.345915 -2.839215 
59386.377697 -2.842267 
59386.409479 -2.845282 
59386.441261 -2.848258 
59386.473043 -2.851195 
59386.504825 -2.854092 
59386.536607 -2.856948 
59386.568389 -2.859762 
59386.600171 -2.862534 
59386.631953 -2.865261 
59386.663735 -2.867945 
59386.695517 -2.870584 
59386.727299 -2.873178 
59386.759081 -2.875725 
59386.790863 -2.878225 
59386.822645 -2.880678 
59386.854427 -2.883083 
59386.886209 -2.885439 
59386.917991 -2.887747 
59386.949773 -2.890004 
59386.981555 -2.892212 
59387.013337 -2.894369 
59387.045119 -2.896475 
59387.076901 -2.898530 
59387.108683 -2.900534 
59387.140465 -2.902485 
59387.172247 -2.904385 
59387.204029 -2.906232 
59387.235811 -2.908026 
59387.267593 -2.909767 
59387.299374 -2.911455 
59387.331156 -2.913090 
59387.362938 -2.914671 
59387.394720 -2.916199 
59387.426502 -2.917673 
59387.458284 -2.919093 
59387.490066 -2.920460 
59387.521848 -2.921774 
59387.553630 -2.923033 
59387.585412 -2.924239 
59387.617194 -2.925391 
59387.648976 -2.926490 
59387.680758 -2.927535 
59387.712540 -2.928528 
59387.744322 -2.929467 
59387.776104 -2.930353 
59387.807886 -2.931187 
59387.839668 -2.931968 
59387.871450 -2.932696 
59387.903232 -2.933373 
59387.935014 -2.933998 
59387.966796 -2.934572 
59387.998578 -2.935095 
59388.030360 -2.935567 
59388.062142 -2.935988 
59388.093924 -2.936359 
59388.125706 -2.936681 
59388.157488 -2.936953 
59388.189270 -2.937177 
59388.221052 -2.937352 
59388.252834 -2.937479 
59388.284616 -2.937558 
59388.316398 -2.937590 
59388.348180 -2.937575 
59388.379962 -2.937514 
59388.411744 -2.937408 
59388.443526 -2.937256 
59388.475308 -2.937059 
59388.507090 -2.936818 
59388.538872 -2.936533 
59388.570654 -2.936205 
59388.602436 -2.935834 
59388.634218 -2.935421 
59388.666000 -2.934966 
59388.697782 -2.934470 
59388.729564 -2.933933 
59388.761346 -2.933357 
59388.793128 -2.932740 
59388.824910 -2.932085 
59388.856692 -2.931391 
59388.888474 -2.930659 
59388.920256 -2.929889 
59388.952038 -2.929083 
59388.983820 -2.928240 
59389.015602 -2.927361 
59389.047384 -2.926446 
59389.079166 -2.925497 
59389.110948 -2.924513 
59389.142730 -2.923495 
59389.174512 -2.922444 
59389.206294 -2.921359 
59389.238076 -2.920242 
59389.269858 -2.919093 
59389.301640 -2.917912 
59389.333422 -2.916700 
59389.365204 -2.915457 
59389.396986 -2.914184 
59389.428768 -2.912881 
59389.460550 -2.911548 
59389.492332 -2.910185 
59389.524114 -2.908794 
59389.555896 -2.907374 
59389.587678 -2.905926 
59389.619460 -2.904450 
59389.651242 -2.902946 
59389.683024 -2.901415 
59389.714806 -2.899857 
59389.746588 -2.898272 
59389.778370 -2.896660 
59389.810152 -2.895022 
59389.841934 -2.893357 
59389.873716 -2.891666 
59389.905498 -2.889950 
59389.937280 -2.888207 
59389.969061 -2.886439 
59390.000843 -2.884646 
59390.032625 -2.882827 
59390.064407 -2.880982 
59390.096189 -2.879112 
59390.127971 -2.877216 
59390.159753 -2.875296 
59390.191535 -2.873349 
59390.223317 -2.871378 
59390.255099 -2.869380 
59390.286881 -2.867358 
59390.318663 -2.865309 
59390.350445 -2.863235 
59390.382227 -2.861135 
59390.414009 -2.859008 
59390.445791 -2.856856 
59390.477573 -2.854676 
59390.509355 -2.852470 
59390.541137 -2.850238 
59390.572919 -2.847978 
59390.604701 -2.845690 
59390.636483 -2.843375 
59390.668265 -2.841031 
59390.700047 -2.838659 
59390.731829 -2.836259 
59390.763611 -2.833829 
59390.795393 -2.831369 
59390.827175 -2.828880 
59390.858957 -2.826360 
59390.890739 -2.823810 
59390.922521 -2.821228 
59390.954303 -2.818615 
59390.986085 -2.815969 
59391.017867 -2.813290 
59391.049649 -2.810579 
59391.081431 -2.807833 
59391.113213 -2.805054 
59391.144995 -2.802239 
59391.176777 -2.799389 
59391.208559 -2.796503 
59391.240341 -2.793580 
59391.272123 -2.790621 
59391.303905 -2.787623 
59391.335687 -2.784587 
59391.367469 -2.781512 
59391.399251 -2.778397 
59391.431033 -2.775242 
59391.462815 -2.772047 
59391.494597 -2.768809 
59391.526379 -2.765529 
59391.558161 -2.762206 
59391.589943 -2.758840 
59391.621725 -2.755430 
59391.653507 -2.751974 
59391.685289 -2.748473 
59391.717071 -2.744925 
59391.748853 -2.741331 
59391.780635 -2.737689 
59391.812417 -2.733999 
59391.844199 -2.730259 
59391.875981 -2.726470 
59391.907763 -2.722631 
59391.939545 -2.718741 
59391.971327 -2.714799 
59392.003109 -2.710804 
59392.034891 -2.706757 
59392.066673 -2.702657 
59392.098455 -2.698502 
59392.130237 -2.694292 
59392.162019 -2.690027 
59392.193801 -2.685706 
59392.225583 -2.681329 
59392.257365 -2.676894 
59392.289147 -2.672402 
59392.320929 -2.667851 
59392.352711 -2.663242 
59392.384493 -2.658573 
59392.416275 -2.653845 
59392.448057 -2.649056 
59392.479839 -2.644207 
59392.511621 -2.639297 
59392.543403 -2.634325 
59392.575185 -2.629291 
59392.606967 -2.624195 
59392.638749 -2.619036 
59392.670530 -2.613814 
59392.702312 -2.608529 
59392.734094 -2.603180 
59392.765876 -2.597768 
59392.797658 -2.592291 
59392.829440 -2.586750 
59392.861222 -2.581145 
59392.893004 -2.575475 
59392.924786 -2.569740 
59392.956568 -2.563941 
59392.988350 -2.558076 
59393.020132 -2.552147 
59393.051914 -2.546152 
59393.083696 -2.540093 
59393.115478 -2.533969 
59393.147260 -2.527780 
59393.179042 -2.521526 
59393.210824 -2.515208 
59393.242606 -2.508826 
59393.274388 -2.502379 
59393.306170 -2.495869 
59393.337952 -2.489295 
59393.369734 -2.482658 
59393.401516 -2.475958 
59393.433298 -2.469195 
59393.465080 -2.462370 
59393.496862 -2.455484 
59393.528644 -2.448537 
59393.560426 -2.441529 
59393.592208 -2.434461 
59393.623990 -2.427334 
59393.655772 -2.420148 
59393.687554 -2.412904 
59393.719336 -2.405603 
59393.751118 -2.398245 
59393.782900 -2.390831 
59393.814682 -2.383362 
59393.846464 -2.375840 
59393.878246 -2.368264 
59393.910028 -2.360636 
59393.941810 -2.352957 
59393.973592 -2.345227 
59394.005374 -2.337449 
59394.037156 -2.329622 
59394.068938 -2.321748 
59394.100720 -2.313829 
59394.132502 -2.305865 
59394.164284 -2.297858 
59394.196066 -2.289809 
59394.227848 -2.281719 
59394.259630 -2.273589 
59394.291412 -2.265422 
59394.323194 -2.257218 
59394.354976 -2.248979 
59394.386758 -2.240706 
59394.418540 -2.232401 
59394.450322 -2.224065 
59394.482104 -2.215701 
59394.513886 -2.207309 
59394.545668 -2.198891 
59394.577450 -2.190449 
59394.609232 -2.181985 
59394.641014 -2.173500 
59394.672796 -2.164996 
59394.704578 -2.156475 
59394.736360 -2.147938 
59394.768142 -2.139388 
59394.799924 -2.130827 
59394.831706 -2.122255 
59394.863488 -2.113676 
59394.895270 -2.105091 
59394.927052 -2.096502 
59394.958834 -2.087911 
59394.990616 -2.079321 
59395.022398 -2.070732 
59395.054180 -2.062147 
59395.085962 -2.053569 
59395.117744 -2.044999 
59395.149526 -2.036439 
59395.181308 -2.027892 
59395.213090 -2.019359 
59395.244872 -2.010843 
59395.276654 -2.002346 
59395.308436 -1.993870 
59395.340218 -1.985417 
59395.371999 -1.976990 
59395.403781 -1.968590 
59395.435563 -1.960220 
59395.467345 -1.951882 
59395.499127 -1.943578 
59395.530909 -1.935311 
59395.562691 -1.927082 
59395.594473 -1.918894 
59395.626255 -1.910749 
59395.658037 -1.902650 
59395.689819 -1.894598 
59395.721601 -1.886596 
59395.753383 -1.878646 
59395.785165 -1.870750 
59395.816947 -1.862910 
59395.848729 -1.855129 
59395.880511 -1.847409 
59395.912293 -1.839752 
59395.944075 -1.832159 
59395.975857 -1.824635 
59396.007639 -1.817179 
59396.039421 -1.809796 
59396.071203 -1.802486 
59396.102985 -1.795252 
59396.134767 -1.788095 
59396.166549 -1.781019 
59396.198331 -1.774025 
59396.230113 -1.767115 
59396.261895 -1.760291 
59396.293677 -1.753555 
59396.325459 -1.746910 
59396.357241 -1.740356 
59396.389023 -1.733896 
59396.420805 -1.727532 
59396.452587 -1.721266 
59396.484369 -1.715100 
59396.516151 -1.709035 
59396.547933 -1.703073 
59396.579715 -1.697216 
59396.611497 -1.691465 
59396.643279 -1.685823 
59396.675061 -1.680291 
59396.706843 -1.674870 
59396.738625 -1.669563 
59396.770407 -1.664370 
59396.802189 -1.659294 
59396.833971 -1.654336 
59396.865753 -1.649496 
59396.897535 -1.644777 
59396.929317 -1.640180 
59396.961099 -1.635707 
59396.992881 -1.631358 
59397.024663 -1.627134 
59397.056445 -1.623038 
59397.088227 -1.619069 
59397.120009 -1.615230 
59397.151791 -1.611521 
59397.183573 -1.607943 
59397.215355 -1.604498 
59397.247137 -1.601185 
59397.278919 -1.598007 
59397.310701 -1.594963 
59397.342483 -1.592055 
59397.374265 -1.589283 
59397.406047 -1.586649 
59397.437829 -1.584152 
59397.469611 -1.581793 
59397.501393 -1.579573 
59397.533175 -1.577492 
59397.564957 -1.575550 
59397.596739 -1.573749 
59397.628521 -1.572088 
59397.660303 -1.570568 
59397.692085 -1.569188 
59397.723867 -1.567949 
59397.755649 -1.566852 
59397.787431 -1.565896 
59397.819213 -1.565080 
59397.850995 -1.564407 
59397.882777 -1.563874 
59397.914559 -1.563482 
59397.946341 -1.563230 
59397.978123 -1.563120 
59398.009905 -1.563149 
59398.041687 -1.563318 
59398.073468 -1.563627 
59398.105250 -1.564075 
59398.137032 -1.564661 
59398.168814 -1.565385 
59398.200596 -1.566247 
59398.232378 -1.567245 
59398.264160 -1.568379 
59398.295942 -1.569648 
59398.327724 -1.571052 
59398.359506 -1.572589 
59398.391288 -1.574259 
59398.423070 -1.576060 
59398.454852 -1.577992 
59398.486634 -1.580054 
59398.518416 -1.582245 
59398.550198 -1.584563 
59398.581980 -1.587007 
59398.613762 -1.589576 
59398.645544 -1.592269 
59398.677326 -1.595084 
59398.709108 -1.598020 
59398.740890 -1.601076 
59398.772672 -1.604250 
59398.804454 -1.607541 
59398.836236 -1.610948 
59398.868018 -1.614467 
59398.899800 -1.618099 
59398.931582 -1.621841 
59398.963364 -1.625692 
59398.995146 -1.629650 
59399.026928 -1.633714 
59399.058710 -1.637880 
59399.090492 -1.642149 
59399.122274 -1.646517 
59399.154056 -1.650983 
59399.185838 -1.655545 
59399.217620 -1.660202 
59399.249402 -1.664950 
59399.281184 -1.669788 
59399.312966 -1.674715 
59399.344748 -1.679728 
59399.376530 -1.684824 
59399.408312 -1.690002 
59399.440094 -1.695260 
59399.471876 -1.700596 
59399.503658 -1.706007 
59399.535440 -1.711491 
59399.567222 -1.717047 
59399.599004 -1.722671 
59399.630786 -1.728361 
59399.662568 -1.734116 
59399.694350 -1.739933 
59399.726132 -1.745810 
59399.757914 -1.751744 
59399.789696 -1.757733 
59399.821478 -1.763775 
59399.853260 -1.769867 
59399.885042 -1.776008 
59399.916824 -1.782194 
59399.948606 -1.788424 
59399.980388 -1.794695 
59400.012170 -1.801004 
59400.043952 -1.807350 
59400.075734 -1.813730 
59400.107516 -1.820142 
59400.139298 -1.826583 
59400.171080 -1.833051 
59400.202862 -1.839543 
59400.234644 -1.846058 
59400.266426 -1.852592 
59400.298208 -1.859144 
59400.329990 -1.865711 
59400.361772 -1.872291 
59400.393554 -1.878881 
59400.425336 -1.885480 
59400.457118 -1.892085 
59400.488900 -1.898693 
59400.520682 -1.905302 
59400.552464 -1.911911 
59400.584246 -1.918517 
59400.616028 -1.925117 
59400.647810 -1.931709 
59400.679592 -1.938292 
59400.711374 -1.944863 
59400.743156 -1.951419 
59400.774937 -1.957960 
59400.806719 -1.964482 
59400.838501 -1.970983 
59400.870283 -1.977462 
59400.902065 -1.983916 
59400.933847 -1.990344 
59400.965629 -1.996743 
59400.997411 -2.003112 
59401.029193 -2.009447 
59401.060975 -2.015749 
59401.092757 -2.022014 
59401.124539 -2.028241 
59401.156321 -2.034428 
59401.188103 -2.040573 
59401.219885 -2.046674 
59401.251667 -2.052730 
59401.283449 -2.058739 
59401.315231 -2.064699 
59401.347013 -2.070609 
59401.378795 -2.076467 
59401.410577 -2.082271 
59401.442359 -2.088020 
59401.474141 -2.093713 
59401.505923 -2.099347 
59401.537705 -2.104922 
59401.569487 -2.110436 
59401.601269 -2.115887 
59401.633051 -2.121275 
59401.664833 -2.126598 
59401.696615 -2.131855 
59401.728397 -2.137044 
59401.760179 -2.142165 
59401.791961 -2.147216 
59401.823743 -2.152197 
59401.855525 -2.157105 
59401.887307 -2.161941 
59401.919089 -2.166702 
59401.950871 -2.171389 
59401.982653 -2.176000 
59402.014435 -2.180534 
59402.046217 -2.184991 
59402.077999 -2.189370 
59402.109781 -2.193670 
59402.141563 -2.197890 
59402.173345 -2.202030 
59402.205127 -2.206088 
59402.236909 -2.210066 
59402.268691 -2.213961 
59402.300473 -2.217773 
59402.332255 -2.221502 
59402.364037 -2.225148 
59402.395819 -2.228709 
59402.427601 -2.232187 
59402.459383 -2.235579 
59402.491165 -2.238887 
59402.522947 -2.242109 
59402.554729 -2.245246 
59402.586511 -2.248298 
59402.618293 -2.251264 
59402.650075 -2.254144 
59402.681857 -2.256938 
59402.713639 -2.259646 
59402.745421 -2.262268 
59402.777203 -2.264804 
59402.808985 -2.267255 
59402.840767 -2.269619 
59402.872549 -2.271899 
59402.904331 -2.274093 
59402.936113 -2.276201 
59402.967895 -2.278225 
59402.999677 -2.280164 
59403.031459 -2.282019 
59403.063241 -2.283790 
59403.095023 -2.285477 
59403.126805 -2.287081 
59403.158587 -2.288602 
59403.190369 -2.290041 
59403.222151 -2.291398 
59403.253933 -2.292673 
59403.285715 -2.293868 
59403.317497 -2.294982 
59403.349279 -2.296017 
59403.381061 -2.296973 
59403.412843 -2.297850 
59403.444624 -2.298650 
59403.476406 -2.299372 
59403.508188 -2.300018 
59403.539970 -2.300589 
59403.571752 -2.301084 
59403.603534 -2.301506 
59403.635316 -2.301854 
59403.667098 -2.302130 
59403.698880 -2.302334 
59403.730662 -2.302467 
59403.762444 -2.302531 
59403.794226 -2.302525 
59403.826008 -2.302452 
59403.857790 -2.302311 
59403.889572 -2.302104 
59403.921354 -2.301831 
59403.953136 -2.301495 
59403.984918 -2.301095 
59404.016700 -2.300632 
59404.048482 -2.300108 
59404.080264 -2.299524 
59404.112046 -2.298881 
59404.143828 -2.298179 
59404.175610 -2.297420 
59404.207392 -2.296605 
59404.239174 -2.295735 
59404.270956 -2.294811 
59404.302738 -2.293834 
59404.334520 -2.292805 
59404.366302 -2.291726 
59404.398084 -2.290596 
59404.429866 -2.289418 
59404.461648 -2.288193 
59404.493430 -2.286921 
59404.525212 -2.285604 
59404.556994 -2.284243 
59404.588776 -2.282839 
59404.620558 -2.281394 
59404.652340 -2.279907 
59404.684122 -2.278381 
59404.715904 -2.276816 
59404.747686 -2.275214 
59404.779468 -2.273576 
59404.811250 -2.271902 
59404.843032 -2.270195 
59404.874814 -2.268454 
59404.906596 -2.266682 
59404.938378 -2.264879 
59404.970160 -2.263047 
59405.001942 -2.261186 
59405.033724 -2.259298 
59405.065506 -2.257383 
59405.097288 -2.255443 
59405.129070 -2.253479 
59405.160852 -2.251492 
59405.192634 -2.249483 
59405.224416 -2.247454 
59405.256198 -2.245404 
59405.287980 -2.243335 
59405.319762 -2.241249 
59405.351544 -2.239146 
59405.383326 -2.237028 
59405.415108 -2.234894 
59405.446890 -2.232747 
59405.478672 -2.230587 
59405.510454 -2.228416 
59405.542236 -2.226234 
59405.574018 -2.224042 
59405.605800 -2.221841 
59405.637582 -2.219633 
59405.669364 -2.217417 
59405.701146 -2.215196 
59405.732928 -2.212970 
59405.764710 -2.210739 
59405.796492 -2.208505 
59405.828274 -2.206269 
59405.860056 -2.204031 
59405.891838 -2.201793 
59405.923620 -2.199555 
59405.955402 -2.197319 
59405.987184 -2.195084 
59406.018966 -2.192851 
59406.050748 -2.190623 
59406.082530 -2.188399 
59406.114312 -2.186179 
59406.146093 -2.183966 
59406.177875 -2.181760 
59406.209657 -2.179561 
59406.241439 -2.177370 
59406.273221 -2.175188 
59406.305003 -2.173016 
59406.336785 -2.170854 
59406.368567 -2.168703 
59406.400349 -2.166563 
59406.432131 -2.164437 
59406.463913 -2.162323 
59406.495695 -2.160223 
59406.527477 -2.158137 
59406.559259 -2.156066 
59406.591041 -2.154011 
59406.622823 -2.151972 
59406.654605 -2.149950 
59406.686387 -2.147945 
59406.718169 -2.145959 
59406.749951 -2.143990 
59406.781733 -2.142041 
59406.813515 -2.140112 
59406.845297 -2.138202 
59406.877079 -2.136314 
59406.908861 -2.134446 
59406.940643 -2.132600 
59406.972425 -2.130777 
59407.004207 -2.128976 
59407.035989 -2.127198 
59407.067771 -2.125444 
59407.099553 -2.123714 
59407.131335 -2.122009 
59407.163117 -2.120329 
59407.194899 -2.118674 
59407.226681 -2.117045 
59407.258463 -2.115442 
59407.290245 -2.113865 
59407.322027 -2.112316 
59407.353809 -2.110795 
59407.385591 -2.109301 
59407.417373 -2.107835 
59407.449155 -2.106398 
59407.480937 -2.104990 
59407.512719 -2.103611 
59407.544501 -2.102262 
59407.576283 -2.100943 
59407.608065 -2.099654 
59407.639847 -2.098396 
59407.671629 -2.097168 
59407.703411 -2.095972 
59407.735193 -2.094808 
59407.766975 -2.093675 
59407.798757 -2.092574 
59407.830539 -2.091506 
59407.862321 -2.090471 
59407.894103 -2.089468 
59407.925885 -2.088499 
59407.957667 -2.087564 
59407.989449 -2.086662 
59408.021231 -2.085794 
59408.053013 -2.084960 
59408.084795 -2.084160 
59408.116577 -2.083396 
59408.148359 -2.082666 
59408.180141 -2.081971 
59408.211923 -2.081312 
59408.243705 -2.080688 
59408.275487 -2.080100 
59408.307269 -2.079548 
59408.339051 -2.079032 
59408.370833 -2.078552 
59408.402615 -2.078108 
59408.434397 -2.077701 
59408.466179 -2.077331 
59408.497961 -2.076998 
59408.529743 -2.076702 
59408.561525 -2.076443 
59408.593307 -2.076221 
59408.625089 -2.076037 
59408.656871 -2.075891 
59408.688653 -2.075782 
59408.720435 -2.075710 
59408.752217 -2.075677 
59408.783999 -2.075682 
59408.815781 -2.075725 
59408.847562 -2.075806 
59408.879344 -2.075925 
59408.911126 -2.076082 
59408.942908 -2.076278 
59408.974690 -2.076512 
59409.006472 -2.076785 
59409.038254 -2.077096 
59409.070036 -2.077445 
59409.101818 -2.077833 
59409.133600 -2.078260 
59409.165382 -2.078725 
59409.197164 -2.079228 
59409.228946 -2.079770 
59409.260728 -2.080351 
59409.292510 -2.080969 
59409.324292 -2.081627 
59409.356074 -2.082322 
59409.387856 -2.083056 
59409.419638 -2.083828 
59409.451420 -2.084638 
59409.483202 -2.085486 
59409.514984 -2.086372 
59409.546766 -2.087295 
59409.578548 -2.088257 
59409.610330 -2.089255 
59409.642112 -2.090291 
59409.673894 -2.091365 
59409.705676 -2.092475 
59409.737458 -2.093622 
59409.769240 -2.094806 
59409.801022 -2.096026 
59409.832804 -2.097283 
59409.864586 -2.098575 
59409.896368 -2.099903 
59409.928150 -2.101267 
59409.959932 -2.102666 
59409.991714 -2.104100 
59410.023496 -2.105568 
59410.055278 -2.107071 
59410.087060 -2.108607 
59410.118842 -2.110178 
59410.150624 -2.111782 
59410.182406 -2.113418 
59410.214188 -2.115087 
59410.245970 -2.116789 
59410.277752 -2.118522 
59410.309534 -2.120286 
59410.341316 -2.122082 
59410.373098 -2.123908 
59410.404880 -2.125764 
59410.436662 -2.127649 
59410.468444 -2.129564 
59410.500226 -2.131506 
59410.532008 -2.133477 
59410.563790 -2.135476 
59410.595572 -2.137501 
59410.627354 -2.139553 
59410.659136 -2.141630 
59410.690918 -2.143733 
59410.722700 -2.145860 
59410.754482 -2.148011 
59410.786264 -2.150185 
59410.818046 -2.152382 
59410.849828 -2.154600 
59410.881610 -2.156840 
59410.913392 -2.159101 
59410.945174 -2.161381 
59410.976956 -2.163680 
59411.008738 -2.165998 
59411.040520 -2.168333 
59411.072302 -2.170686 
59411.104084 -2.173054 
59411.135866 -2.175437 
59411.167648 -2.177835 
59411.199430 -2.180246 
59411.231212 -2.182670 
59411.262994 -2.185105 
59411.294776 -2.187552 
59411.326558 -2.190009 
59411.358340 -2.192475 
59411.390122 -2.194949 
59411.421904 -2.197430 
59411.453686 -2.199918 
59411.485468 -2.202412 
59411.517250 -2.204910 
59411.549031 -2.207411 
59411.580813 -2.209915 
59411.612595 -2.212421 
59411.644377 -2.214927 
59411.676159 -2.217432 
59411.707941 -2.219937 
59411.739723 -2.222438 
59411.771505 -2.224937 
59411.803287 -2.227430 
59411.835069 -2.229918 
59411.866851 -2.232399 
59411.898633 -2.234873 
59411.930415 -2.237337 
59411.962197 -2.239792 
59411.993979 -2.242236 
59412.025761 -2.244667 
59412.057543 -2.247086 
59412.089325 -2.249490 
59412.121107 -2.251879 
59412.152889 -2.254251 
59412.184671 -2.256605 
59412.216453 -2.258941 
59412.248235 -2.261257 
59412.280017 -2.263553 
59412.311799 -2.265826 
59412.343581 -2.268076 
59412.375363 -2.270301 
59412.407145 -2.272502 
59412.438927 -2.274675 
59412.470709 -2.276822 
59412.502491 -2.278939 
59412.534273 -2.281027 
59412.566055 -2.283084 
59412.597837 -2.285109 
59412.629619 -2.287101 
59412.661401 -2.289058 
59412.693183 -2.290981 
59412.724965 -2.292867 
59412.756747 -2.294717 
59412.788529 -2.296527 
59412.820311 -2.298299 
59412.852093 -2.300030 
59412.883875 -2.301720 
59412.915657 -2.303367 
59412.947439 -2.304971 
59412.979221 -2.306531 
59413.011003 -2.308045 
59413.042785 -2.309513 
59413.074567 -2.310934 
59413.106349 -2.312307 
59413.138131 -2.313631 
59413.169913 -2.314905 
59413.201695 -2.316129 
59413.233477 -2.317301 
59413.265259 -2.318421 
59413.297041 -2.319487 
59413.328823 -2.320500 
59413.360605 -2.321458 
59413.392387 -2.322361 
59413.424169 -2.323207 
59413.455951 -2.323997 
59413.487733 -2.324729 
59413.519515 -2.325403 
59413.551297 -2.326019 
59413.583079 -2.326575 
59413.614861 -2.327071 
59413.646643 -2.327507 
59413.678425 -2.327882 
59413.710207 -2.328195 
59413.741989 -2.328447 
59413.773771 -2.328636 
59413.805553 -2.328763 
59413.837335 -2.328827 
59413.869117 -2.328827 
59413.900899 -2.328763 
59413.932681 -2.328636 
59413.964463 -2.328444 
59413.996245 -2.328188 
59414.028027 -2.327867 
59414.059809 -2.327482 
59414.091591 -2.327032 
59414.123373 -2.326516 
59414.155155 -2.325936 
59414.186937 -2.325291 
59414.218719 -2.324581 
59414.250500 -2.323805 
59414.282282 -2.322966 
59414.314064 -2.322061 
59414.345846 -2.321092 
59414.377628 -2.320058 
59414.409410 -2.318961 
59414.441192 -2.317799 
59414.472974 -2.316574 
59414.504756 -2.315286 
59414.536538 -2.313935 
59414.568320 -2.312522 
59414.600102 -2.311047 
59414.631884 -2.309510 
59414.663666 -2.307912 
59414.695448 -2.306254 
59414.727230 -2.304537 
59414.759012 -2.302760 
59414.790794 -2.300925 
59414.822576 -2.299032 
59414.854358 -2.297082 
59414.886140 -2.295075 
59414.917922 -2.293014 
59414.949704 -2.290897 
59414.981486 -2.288728 
59415.013268 -2.286505 
59415.045050 -2.284230 
59415.076832 -2.281905 
59415.108614 -2.279530 
59415.140396 -2.277106 
59415.172178 -2.274635 
59415.203960 -2.272117 
59415.235742 -2.269553 
59415.267524 -2.266946 
59415.299306 -2.264295 
59415.331088 -2.261603 
59415.362870 -2.258870 
59415.394652 -2.256098 
59415.426434 -2.253289 
59415.458216 -2.250443 
59415.489998 -2.247562 
59415.521780 -2.244647 
59415.553562 -2.241700 
59415.585344 -2.238722 
59415.617126 -2.235715 
59415.648908 -2.232681 
59415.680690 -2.229620 
59415.712472 -2.226535 
59415.744254 -2.223427 
59415.776036 -2.220297 
59415.807818 -2.217148 
59415.839600 -2.213981 
59415.871382 -2.210797 
59415.903164 -2.207599 
59415.934946 -2.204387 
59415.966728 -2.201165 
59415.998510 -2.197933 
59416.030292 -2.194693 
59416.062074 -2.191447 
59416.093856 -2.188197 
59416.125638 -2.184944 
59416.157420 -2.181691 
59416.189202 -2.178439 
59416.220984 -2.175191 
59416.252766 -2.171947 
59416.284548 -2.168709 
59416.316330 -2.165481 
59416.348112 -2.162262 
59416.379894 -2.159056 
59416.411676 -2.155864 
59416.443458 -2.152688 
59416.475240 -2.149529 
59416.507022 -2.146390 
59416.538804 -2.143273 
59416.570586 -2.140179 
59416.602368 -2.137110 
59416.634150 -2.134068 
59416.665932 -2.131055 
59416.697714 -2.128072 
59416.729496 -2.125122 
59416.761278 -2.122206 
59416.793060 -2.119326 
59416.824842 -2.116483 
59416.856624 -2.113681 
59416.888406 -2.110919 
59416.920188 -2.108200 
59416.951969 -2.105526 
59416.983751 -2.102898 
59417.015533 -2.100319 
59417.047315 -2.097789 
59417.079097 -2.095310 
59417.110879 -2.092884 
59417.142661 -2.090512 
59417.174443 -2.088196 
59417.206225 -2.085938 
59417.238007 -2.083739 
59417.269789 -2.081600 
59417.301571 -2.079523 
59417.333353 -2.077509 
59417.365135 -2.075560 
59417.396917 -2.073676 
59417.428699 -2.071860 
59417.460481 -2.070113 
59417.492263 -2.068435 
59417.524045 -2.066828 
59417.555827 -2.065293 
59417.587609 -2.063831 
59417.619391 -2.062443 
59417.651173 -2.061131 
59417.682955 -2.059895 
59417.714737 -2.058736 
59417.746519 -2.057654 
59417.778301 -2.056652 
59417.810083 -2.055730 
59417.841865 -2.054888 
59417.873647 -2.054127 
59417.905429 -2.053447 
59417.937211 -2.052851 
59417.968993 -2.052337 
59418.000775 -2.051907 
59418.032557 -2.051560 
59418.064339 -2.051298 
59418.096121 -2.051121 
59418.127903 -2.051028 
59418.159685 -2.051021 
59418.191467 -2.051100 
59418.223249 -2.051263 
59418.255031 -2.051513 
59418.286813 -2.051848 
59418.318595 -2.052269 
59418.350377 -2.052776 
59418.382159 -2.053367 
59418.413941 -2.054045 
59418.445723 -2.054807 
59418.477505 -2.055654 
59418.509287 -2.056585 
59418.541069 -2.057600 
59418.572851 -2.058698 
59418.604633 -2.059879 
59418.636415 -2.061143 
59418.668197 -2.062488 
59418.699979 -2.063914 
59418.731761 -2.065420 
59418.763543 -2.067006 
59418.795325 -2.068670 
59418.827107 -2.070411 
59418.858889 -2.072229 
59418.890671 -2.074123 
59418.922453 -2.076090 
59418.954235 -2.078131 
59418.986017 -2.080244 
59419.017799 -2.082427 
59419.049581 -2.084679 
59419.081363 -2.087000 
59419.113145 -2.089387 
59419.144927 -2.091838 
59419.176709 -2.094354 
59419.208491 -2.096931 
59419.240273 -2.099568 
59419.272055 -2.102263 
59419.303837 -2.105015 
59419.335619 -2.107822 
59419.367401 -2.110682 
59419.399183 -2.113593 
59419.430965 -2.116553 
59419.462747 -2.119561 
59419.494529 -2.122613 
59419.526311 -2.125708 
59419.558093 -2.128844 
59419.589875 -2.132019 
59419.621656 -2.135230 
59419.653438 -2.138475 
59419.685220 -2.141752 
59419.717002 -2.145058 
59419.748784 -2.148391 
59419.780566 -2.151749 
59419.812348 -2.155130 
59419.844130 -2.158529 
59419.875912 -2.161946 
59419.907694 -2.165378 
59419.939476 -2.168822 
59419.971258 -2.172275 
59420.003040 -2.175735 
59420.034822 -2.179198 
59420.066604 -2.182664 
59420.098386 -2.186127 
59420.130168 -2.189587 
59420.161950 -2.193040 
59420.193732 -2.196483 
59420.225514 -2.199913 
59420.257296 -2.203329 
59420.289078 -2.206726 
59420.320860 -2.210102 
59420.352642 -2.213454 
59420.384424 -2.216779 
59420.416206 -2.220075 
59420.447988 -2.223338 
59420.479770 -2.226565 
59420.511552 -2.229755 
59420.543334 -2.232902 
59420.575116 -2.236006 
59420.606898 -2.239062 
59420.638680 -2.242069 
59420.670462 -2.245022 
59420.702244 -2.247920 
59420.734026 -2.250759 
59420.765808 -2.253536 
59420.797590 -2.256248 
59420.829372 -2.258893 
59420.861154 -2.261468 
59420.892936 -2.263970 
59420.924718 -2.266395 
59420.956500 -2.268742 
59420.988282 -2.271008 
59421.020064 -2.273189 
59421.051846 -2.275283 
59421.083628 -2.277287 
59421.115410 -2.279198 
59421.147192 -2.281015 
59421.178974 -2.282733 
59421.210756 -2.284352 
59421.242538 -2.285867 
59421.274320 -2.287276 
59421.306102 -2.288578 
59421.337884 -2.289769 
59421.369666 -2.290847 
59421.401448 -2.291809 
59421.433230 -2.292654 
59421.465012 -2.293379 
59421.496794 -2.293981 
59421.528576 -2.294459 
59421.560358 -2.294810 
59421.592140 -2.295032 
59421.623922 -2.295124 
59421.655704 -2.295082 
59421.687486 -2.294906 
59421.719268 -2.294592 
59421.751050 -2.294140 
59421.782832 -2.293547 
59421.814614 -2.292812 
59421.846396 -2.291933 
59421.878178 -2.290908 
59421.909960 -2.289736 
59421.941742 -2.288415 
59421.973524 -2.286944 
59422.005306 -2.285322 
59422.037088 -2.283546 
59422.068870 -2.281616 
59422.100652 -2.279531 
59422.132434 -2.277289 
59422.164216 -2.274890 
59422.195998 -2.272332 
59422.227780 -2.269615 
59422.259562 -2.266737 
59422.291344 -2.263698 
59422.323125 -2.260497 
59422.354907 -2.257134 
59422.386689 -2.253607 
59422.418471 -2.249917 
59422.450253 -2.246063 
59422.482035 -2.242045 
59422.513817 -2.237862 
59422.545599 -2.233514 
59422.577381 -2.229002 
59422.609163 -2.224324 
59422.640945 -2.219482 
59422.672727 -2.214474 
59422.704509 -2.209302 
59422.736291 -2.203966 
59422.768073 -2.198465 
59422.799855 -2.192801 
59422.831637 -2.186974 
59422.863419 -2.180984 
59422.895201 -2.174832 
59422.926983 -2.168519 
59422.958765 -2.162045 
59422.990547 -2.155412 
59423.022329 -2.148621 
59423.054111 -2.141671 
59423.085893 -2.134565 
59423.117675 -2.127304 
59423.149457 -2.119889 
59423.181239 -2.112321 
59423.213021 -2.104602 
59423.244803 -2.096733 
59423.276585 -2.088715 
59423.308367 -2.080551 
59423.340149 -2.072241 
59423.371931 -2.063788 
59423.403713 -2.055194 
59423.435495 -2.046460 
59423.467277 -2.037589 
59423.499059 -2.028582 
59423.530841 -2.019441 
59423.562623 -2.010169 
59423.594405 -2.000768 
59423.626187 -1.991240 
59423.657969 -1.981587 
59423.689751 -1.971813 
59423.721533 -1.961918 
59423.753315 -1.951907 
59423.785097 -1.941781 
59423.816879 -1.931543 
59423.848661 -1.921196 
59423.880443 -1.910743 
59423.912225 -1.900186 
59423.944007 -1.889528 
59423.975789 -1.878772 
59424.007571 -1.867921 
59424.039353 -1.856979 
59424.071135 -1.845948 
59424.102917 -1.834830 
59424.134699 -1.823631 
59424.166481 -1.812352 
59424.198263 -1.800996 
59424.230045 -1.789568 
59424.261827 -1.778070 
59424.293609 -1.766505 
59424.325391 -1.754878 
59424.357173 -1.743191 
59424.388955 -1.731448 
59424.420737 -1.719652 
59424.452519 -1.707807 
59424.484301 -1.695917 
59424.516083 -1.683984 
59424.547865 -1.672012 
59424.579647 -1.660006 
59424.611429 -1.647968 
59424.643211 -1.635902 
59424.674993 -1.623812 
59424.706775 -1.611701 
59424.738557 -1.599574 
59424.770339 -1.587433 
59424.802121 -1.575282 
59424.833903 -1.563126 
59424.865685 -1.550967 
59424.897467 -1.538810 
59424.929249 -1.526657 
59424.961031 -1.514514 
59424.992813 -1.502383 
59425.024594 -1.490267 
59425.056376 -1.478172 
59425.088158 -1.466100 
59425.119940 -1.454055 
59425.151722 -1.442041 
59425.183504 -1.430061 
59425.215286 -1.418119 
59425.247068 -1.406218 
59425.278850 -1.394363 
59425.310632 -1.382556 
59425.342414 -1.370801 
59425.374196 -1.359101 
59425.405978 -1.347461 
59425.437760 -1.335883 
59425.469542 -1.324371 
59425.501324 -1.312929 
59425.533106 -1.301559 
59425.564888 -1.290265 
59425.596670 -1.279050 
59425.628452 -1.267918 
59425.660234 -1.256871 
59425.692016 -1.245913 
59425.723798 -1.235047 
59425.755580 -1.224276 
59425.787362 -1.213603 
59425.819144 -1.203031 
59425.850926 -1.192563 
59425.882708 -1.182202 
59425.914490 -1.171950 
59425.946272 -1.161811 
59425.978054 -1.151788 
59426.009836 -1.141881 
59426.041618 -1.132096 
59426.073400 -1.122433 
59426.105182 -1.112896 
59426.136964 -1.103487 
59426.168746 -1.094209 
59426.200528 -1.085063 
59426.232310 -1.076052 
59426.264092 -1.067178 
59426.295874 -1.058443 
59426.327656 -1.049850 
59426.359438 -1.041400 
59426.391220 -1.033095 
59426.423002 -1.024937 
59426.454784 -1.016928 
59426.486566 -1.009070 
59426.518348 -1.001364 
59426.550130 -0.993812 
59426.581912 -0.986415 
59426.613694 -0.979175 
59426.645476 -0.972094 
59426.677258 -0.965171 
59426.709040 -0.958410 
59426.740822 -0.951810 
59426.772604 -0.945373 
59426.804386 -0.939100 
59426.836168 -0.932992 
59426.867950 -0.927050 
59426.899732 -0.921274 
59426.931514 -0.915665 
59426.963296 -0.910223 
59426.995078 -0.904950 
59427.026860 -0.899846 
59427.058642 -0.894911 
59427.090424 -0.890145 
59427.122206 -0.885549 
59427.153988 -0.881123 
59427.185770 -0.876866 
59427.217552 -0.872780 
59427.249334 -0.868863 
59427.281116 -0.865116 
59427.312898 -0.861538 
59427.344680 -0.858130 
59427.376462 -0.854890 
59427.408244 -0.851819 
59427.440026 -0.848916 
59427.471808 -0.846179 
59427.503590 -0.843610 
59427.535372 -0.841206 
59427.567154 -0.838967 
59427.598936 -0.836893 
59427.630718 -0.834981 
59427.662500 -0.833232 
59427.694282 -0.831644 
59427.726063 -0.830215 
59427.757845 -0.828946 
59427.789627 -0.827834 
59427.821409 -0.826878 
59427.853191 -0.826076 
59427.884973 -0.825428 
59427.916755 -0.824932 
59427.948537 -0.824585 
59427.980319 -0.824387 
59428.012101 -0.824335 
59428.043883 -0.824429 
59428.075665 -0.824665 
59428.107447 -0.825042 
59428.139229 -0.825559 
59428.171011 -0.826213 
59428.202793 -0.827001 
59428.234575 -0.827923 
59428.266357 -0.828976 
59428.298139 -0.830157 
59428.329921 -0.831464 
59428.361703 -0.832896 
59428.393485 -0.834449 
59428.425267 -0.836121 
59428.457049 -0.837911 
59428.488831 -0.839814 
59428.520613 -0.841830 
59428.552395 -0.843955 
59428.584177 -0.846186 
59428.615959 -0.848522 
59428.647741 -0.850959 
59428.679523 -0.853495 
59428.711305 -0.856127 
59428.743087 -0.858852 
59428.774869 -0.861668 
59428.806651 -0.864571 
59428.838433 -0.867559 
59428.870215 -0.870629 
59428.901997 -0.873778 
59428.933779 -0.877004 
59428.965561 -0.880303 
59428.997343 -0.883672 
59429.029125 -0.887108 
59429.060907 -0.890610 
59429.092689 -0.894172 
59429.124471 -0.897793 
59429.156253 -0.901470 
59429.188035 -0.905199 
59429.219817 -0.908978 
59429.251599 -0.912803 
59429.283381 -0.916672 
59429.315163 -0.920581 
59429.346945 -0.924528 
59429.378727 -0.928509 
59429.410509 -0.932522 
59429.442291 -0.936563 
59429.474073 -0.940630 
59429.505855 -0.944719 
59429.537637 -0.948828 
59429.569419 -0.952953 
59429.601201 -0.957092 
59429.632983 -0.961241 
59429.664765 -0.965398 
59429.696547 -0.969560 
59429.728329 -0.973723 
59429.760111 -0.977886 
59429.791893 -0.982045 
59429.823675 -0.986197 
59429.855457 -0.990339 
59429.887239 -0.994470 
59429.919021 -0.998585 
59429.950803 -1.002682 
59429.982585 -1.006759 
59430.014367 -1.010813 
59430.046149 -1.014841 
59430.077931 -1.018840 
59430.109713 -1.022808 
59430.141495 -1.026743 
59430.173277 -1.030642 
59430.205059 -1.034502 
59430.236841 -1.038321 
59430.268623 -1.042097 
59430.300405 -1.045827 
59430.332187 -1.049509 
59430.363969 -1.053140 
59430.395751 -1.056719 
59430.427532 -1.060243 
59430.459314 -1.063710 
59430.491096 -1.067118 
59430.522878 -1.070465 
59430.554660 -1.073749 
59430.586442 -1.076967 
59430.618224 -1.080118 
59430.650006 -1.083201 
59430.681788 -1.086213 
59430.713570 -1.089152 
59430.745352 -1.092017 
59430.777134 -1.094806 
59430.808916 -1.097517 
59430.840698 -1.100150 
59430.872480 -1.102702 
59430.904262 -1.105171 
59430.936044 -1.107557 
59430.967826 -1.109859 
59430.999608 -1.112074 
59431.031390 -1.114201 
59431.063172 -1.116240 
59431.094954 -1.118190 
59431.126736 -1.120048 
59431.158518 -1.121815 
59431.190300 -1.123489 
59431.222082 -1.125069 
59431.253864 -1.126554 
59431.285646 -1.127944 
59431.317428 -1.129238 
59431.349210 -1.130435 
59431.380992 -1.131535 
59431.412774 -1.132536 
59431.444556 -1.133439 
59431.476338 -1.134243 
59431.508120 -1.134947 
59431.539902 -1.135551 
59431.571684 -1.136056 
59431.603466 -1.136460 
59431.635248 -1.136763 
59431.667030 -1.136966 
59431.698812 -1.137068 
59431.730594 -1.137069 
59431.762376 -1.136969 
59431.794158 -1.136769 
59431.825940 -1.136468 
59431.857722 -1.136066 
59431.889504 -1.135565 
59431.921286 -1.134963 
59431.953068 -1.134262 
59431.984850 -1.133462 
59432.016632 -1.132564 
59432.048414 -1.131567 
59432.080196 -1.130473 
59432.111978 -1.129281 
59432.143760 -1.127993 
59432.175542 -1.126609 
59432.207324 -1.125131 
59432.239106 -1.123558 
59432.270888 -1.121892 
59432.302670 -1.120133 
59432.334452 -1.118283 
59432.366234 -1.116342 
59432.398016 -1.114311 
59432.429798 -1.112192 
59432.461580 -1.109986 
59432.493362 -1.107693 
59432.525144 -1.105314 
59432.556926 -1.102852 
59432.588708 0.078574 
