# time Tc_folded Tref_folded value value_err offset model full_model val_compare val_compare_err residuals residuals_err jitter jitter_flag offset_flag subset_flag 
59334.700184 0.000000 0.000000 6852.522386 5.000000 6848.141583 5.954551 6854.096134 4.380803 5.000000 -1.573748 5.000000 0.449733  -1   2  -1 
59334.703954 0.000000 0.000000 6855.722869 5.000000 6848.141583 5.952229 6854.093812 7.581286 5.000000 1.629057 5.000000 0.449733  -1   2  -1 
59334.711459 0.000000 0.000000 6850.182255 5.000000 6848.141583 5.947592 6854.089175 2.040672 5.000000 -3.906920 5.000000 0.449733  -1   2  -1 
59334.934601 0.000000 0.000000 6890.230508 5.000000 6887.632477 5.800817 6893.433294 2.598031 5.000000 -3.202786 5.000000 0.449733  -1   3  -1 
59334.935678 0.000000 0.000000 6897.336916 5.000000 6887.632477 5.800068 6893.432545 9.704439 5.000000 3.904371 5.000000 0.449733  -1   3  -1 
59334.936754 0.000000 0.000000 6896.094579 5.000000 6887.632477 5.799319 6893.431797 8.462102 5.000000 2.662782 5.000000 0.449733  -1   3  -1 
59336.069824 0.000000 0.000000 6893.334465 5.000000 6887.632477 4.848979 6892.481457 5.701988 5.000000 0.853008 5.000000 0.449733  -1   3  -1 
59336.071983 0.000000 0.000000 6896.387194 5.000000 6887.632477 4.846963 6892.479440 8.754717 5.000000 3.907754 5.000000 0.449733  -1   3  -1 
59336.073065 0.000000 0.000000 6891.411235 5.000000 6887.632477 4.845952 6892.478429 3.778758 5.000000 -1.067194 5.000000 0.449733  -1   3  -1 
59336.087932 0.000000 0.000000 6681.335790 5.000000 6685.555253 4.832056 6690.387310 -4.219463 5.000000 -9.051520 5.000000 0.449733  -1   0  -1 
59336.113567 0.000000 0.000000 6686.731307 5.000000 6685.555253 4.808061 6690.363314 1.176054 5.000000 -3.632007 5.000000 0.449733  -1   0  -1 
59336.116529 0.000000 0.000000 6685.603000 5.000000 6685.555253 4.805286 6690.360539 0.047747 5.000000 -4.757539 5.000000 0.449733  -1   0  -1 
59337.794690 0.000000 0.000000 6856.465609 5.000000 6848.141583 3.375158 6851.516741 8.324026 5.000000 4.948868 5.000000 0.449733  -1   2  -1 
59337.802213 0.000000 0.000000 6857.637029 5.000000 6848.141583 3.370376 6851.511958 9.495446 5.000000 6.125071 5.000000 0.449733  -1   2  -1 
59337.805964 0.000000 0.000000 6858.741886 5.000000 6848.141583 3.367999 6851.509582 10.600303 5.000000 7.232304 5.000000 0.449733  -1   2  -1 
59338.101617 0.000000 0.000000 6692.177724 5.000000 6685.555253 3.199053 6688.754306 6.622471 5.000000 3.423418 5.000000 0.449733  -1   0  -1 
59338.106766 0.000000 0.000000 6692.967185 5.000000 6685.555253 3.196445 6688.751698 7.411932 5.000000 4.215487 5.000000 0.449733  -1   0  -1 
59338.111894 0.000000 0.000000 6692.070870 5.000000 6685.555253 3.193859 6688.749113 6.515617 5.000000 3.321757 5.000000 0.449733  -1   0  -1 
59340.098120 0.000000 0.000000 6892.126876 5.000000 6887.632477 3.122039 6890.754516 4.494399 5.000000 1.372360 5.000000 0.449733  -1   3  -1 
59340.099194 0.000000 0.000000 6896.829084 5.000000 6887.632477 3.122449 6890.754927 9.196607 5.000000 6.074157 5.000000 0.449733  -1   3  -1 
59340.101354 0.000000 0.000000 6893.834795 5.000000 6887.632477 3.123276 6890.755753 6.202318 5.000000 3.079042 5.000000 0.449733  -1   3  -1 
59340.125153 0.000000 0.000000 6682.874064 5.000000 6685.555253 3.132473 6688.687726 -2.681189 5.000000 -5.813662 5.000000 0.449733  -1   0  -1 
59340.134329 0.000000 0.000000 6687.260355 5.000000 6685.555253 3.136064 6688.691317 1.705102 5.000000 -1.430962 5.000000 0.449733  -1   0  -1 
59340.148161 0.000000 0.000000 6683.088440 5.000000 6685.555253 3.141525 6688.696778 -2.466813 5.000000 -5.608338 5.000000 0.449733  -1   0  -1 
59341.954385 0.000000 0.000000 6893.646653 5.000000 6887.632477 4.058058 6891.690536 6.014176 5.000000 1.956117 5.000000 0.449733  -1   3  -1 
59341.957620 0.000000 0.000000 6892.865659 5.000000 6887.632477 4.059576 6891.692054 5.233182 5.000000 1.173605 5.000000 0.449733  -1   3  -1 
59341.958695 0.000000 0.000000 6897.370526 5.000000 6887.632477 4.060080 6891.692558 9.738049 5.000000 5.677968 5.000000 0.449733  -1   3  -1 
59341.996746 0.000000 0.000000 6685.038975 5.000000 6685.555253 4.077782 6689.633035 -0.516278 5.000000 -4.594060 5.000000 0.449733  -1   0  -1 
59342.000684 0.000000 0.000000 6684.168256 5.000000 6685.555253 4.079599 6689.634852 -1.386997 5.000000 -5.466596 5.000000 0.449733  -1   0  -1 
59343.674792 0.000000 0.000000 6857.254502 5.000000 6848.141583 4.531874 6852.673457 9.112919 5.000000 4.581045 5.000000 0.449733  -1   2  -1 
59343.682301 0.000000 0.000000 6852.889912 5.000000 6848.141583 4.532564 6852.674147 4.748329 5.000000 0.215765 5.000000 0.449733  -1   2  -1 
59343.689815 0.000000 0.000000 6852.745623 5.000000 6848.141583 4.533247 6852.674830 4.604040 5.000000 0.070793 5.000000 0.449733  -1   2  -1 
59344.038460 0.000000 0.000000 6686.251356 5.000000 6685.555253 4.557548 6690.112802 0.696103 5.000000 -3.861446 5.000000 0.449733  -1   0  -1 
59344.047124 0.000000 0.000000 6683.938585 5.000000 6685.555253 4.558011 6690.113264 -1.616668 5.000000 -6.174679 5.000000 0.449733  -1   0  -1 
59344.054785 0.000000 0.000000 6688.957767 5.000000 6685.555253 4.558416 6690.113669 3.402514 5.000000 -1.155902 5.000000 0.449733  -1   0  -1 
59344.090520 0.000000 0.000000 6891.637683 5.000000 6887.632477 4.560259 6892.192737 4.005206 5.000000 -0.555054 5.000000 0.449733  -1   3  -1 
59344.093753 0.000000 0.000000 6893.882052 5.000000 6887.632477 4.560423 6892.192900 6.249575 5.000000 1.689152 5.000000 0.449733  -1   3  -1 
59344.094826 0.000000 0.000000 6890.999455 5.000000 6887.632477 4.560477 6892.192954 3.366978 5.000000 -1.193499 5.000000 0.449733  -1   3  -1 
59345.052239 0.000000 0.000000 6685.877453 5.000000 6685.555253 4.623420 6690.178674 0.322200 5.000000 -4.301221 5.000000 0.449733  -1   0  -1 
59345.054836 0.000000 0.000000 6686.784501 5.000000 6685.555253 4.623735 6690.178988 1.229248 5.000000 -3.394487 5.000000 0.449733  -1   0  -1 
59345.062635 0.000000 0.000000 6686.079975 5.000000 6685.555253 4.624689 6690.179942 0.524722 5.000000 -4.099967 5.000000 0.449733  -1   0  -1 
59348.691508 0.000000 0.000000 6856.394356 5.000000 6848.141583 6.856149 6854.997732 8.252773 5.000000 1.396624 5.000000 0.449733  -1   2  -1 
59348.699020 0.000000 0.000000 6857.007844 5.000000 6848.141583 6.862320 6855.003903 8.866261 5.000000 2.003941 5.000000 0.449733  -1   2  -1 
59348.702790 0.000000 0.000000 6855.599980 5.000000 6848.141583 6.865413 6855.006996 7.458397 5.000000 0.592984 5.000000 0.449733  -1   2  -1 
59349.021951 0.000000 0.000000 6689.111065 5.000000 6685.555253 7.114207 6692.669460 3.555812 5.000000 -3.558395 5.000000 0.449733  -1   0  -1 
59349.026999 0.000000 0.000000 6690.060168 5.000000 6685.555253 7.117909 6692.673162 4.504915 5.000000 -2.612994 5.000000 0.449733  -1   0  -1 
59349.032064 0.000000 0.000000 6692.450358 5.000000 6685.555253 7.121615 6692.676868 6.895105 5.000000 -0.226510 5.000000 0.449733  -1   0  -1 
59350.089948 0.000000 0.000000 6692.511275 5.000000 6685.555253 7.672473 6693.227726 6.956022 5.000000 -0.716451 5.000000 0.449733  -1   0  -1 
59350.092419 0.000000 0.000000 6687.825778 5.000000 6685.555253 7.673163 6693.228416 2.270525 5.000000 -5.402638 5.000000 0.449733  -1   0  -1 
59350.106715 0.000000 0.000000 6687.267657 5.000000 6685.555253 7.677094 6693.232348 1.712404 5.000000 -5.964691 5.000000 0.449733  -1   0  -1 
59350.920251 0.000000 0.000000 6688.425008 5.000000 6685.555253 7.738484 6693.293737 2.869755 5.000000 -4.868729 5.000000 0.449733  -1   0  -1 
59351.708087 0.000000 0.000000 6853.934528 5.000000 6848.141583 7.541129 6855.682711 5.792945 5.000000 -1.748183 5.000000 0.449733  -1   2  -1 
59351.715613 0.000000 0.000000 6850.995264 5.000000 6848.141583 7.538404 6855.679987 2.853681 5.000000 -4.684723 5.000000 0.449733  -1   2  -1 
59351.726880 0.000000 0.000000 6854.054458 5.000000 6848.141583 7.534304 6855.675887 5.912875 5.000000 -1.621429 5.000000 0.449733  -1   2  -1 
59352.098517 0.000000 0.000000 6689.384447 5.000000 6685.555253 7.388430 6692.943684 3.829194 5.000000 -3.559237 5.000000 0.449733  -1   0  -1 
59352.108322 0.000000 0.000000 6691.855731 5.000000 6685.555253 7.384391 6692.939644 6.300478 5.000000 -1.083913 5.000000 0.449733  -1   0  -1 
59352.122068 0.000000 0.000000 6688.550215 5.000000 6685.555253 7.378719 6692.933972 2.994962 5.000000 -4.383757 5.000000 0.449733  -1   0  -1 
59353.715347 0.000000 0.000000 6859.434076 5.000000 6848.141583 6.901006 6855.042589 11.292493 5.000000 4.391487 5.000000 0.449733  -1   2  -1 
59353.719104 0.000000 0.000000 6853.686294 5.000000 6848.141583 6.900817 6855.042400 5.544711 5.000000 -1.356106 5.000000 0.449733  -1   2  -1 
59353.722869 0.000000 0.000000 6855.032764 5.000000 6848.141583 6.900633 6855.042216 6.891181 5.000000 -0.009452 5.000000 0.449733  -1   2  -1 
59354.076145 0.000000 0.000000 6689.025781 5.000000 6685.555253 6.912992 6692.468245 3.470528 5.000000 -3.442464 5.000000 0.449733  -1   0  -1 
59354.101312 0.000000 0.000000 6690.386100 5.000000 6685.555253 6.916186 6692.471439 4.830847 5.000000 -2.085339 5.000000 0.449733  -1   0  -1 
59354.104255 0.000000 0.000000 6688.391884 5.000000 6685.555253 6.916580 6692.471834 2.836631 5.000000 -4.079950 5.000000 0.449733  -1   0  -1 
59356.710684 0.000000 0.000000 6859.949818 5.000000 6848.141583 8.764218 6856.905801 11.808235 5.000000 3.044017 5.000000 0.449733  -1   2  -1 
59356.721985 0.000000 0.000000 6855.415525 5.000000 6848.141583 8.776293 6856.917875 7.273942 5.000000 -1.502350 5.000000 0.449733  -1   2  -1 
59356.725745 0.000000 0.000000 6860.251219 5.000000 6848.141583 8.780311 6856.921894 12.109636 5.000000 3.329325 5.000000 0.449733  -1   2  -1 
59357.087914 0.000000 0.000000 6892.909569 5.000000 6887.632477 9.167639 6896.800116 5.277092 5.000000 -3.890547 5.000000 0.449733  -1   3  -1 
59357.090082 0.000000 0.000000 6897.328260 5.000000 6887.632477 9.169945 6896.802423 9.695783 5.000000 0.525837 5.000000 0.449733  -1   3  -1 
59357.092248 0.000000 0.000000 6896.510171 5.000000 6887.632477 9.172249 6896.804726 8.877694 5.000000 -0.294555 5.000000 0.449733  -1   3  -1 
59358.923301 0.000000 0.000000 6688.745119 5.000000 6685.555253 10.775801 6696.331054 3.189866 5.000000 -7.585935 5.000000 0.449733  -1   0  -1 
59358.931249 0.000000 0.000000 6688.713632 5.000000 6685.555253 10.780489 6696.335743 3.158379 5.000000 -7.622111 5.000000 0.449733  -1   0  -1 
59358.937426 0.000000 0.000000 6684.042779 5.000000 6685.555253 10.784116 6696.339370 -1.512474 5.000000 -12.296591 5.000000 0.449733  -1   0  -1 
59358.952972 0.000000 0.000000 6901.093083 5.000000 6887.632477 10.793181 6898.425658 13.460606 5.000000 2.667425 5.000000 0.449733  -1   3  -1 
59358.954053 0.000000 0.000000 6892.820877 5.000000 6887.632477 10.793807 6898.426285 5.188400 5.000000 -5.605408 5.000000 0.449733  -1   3  -1 
59358.956208 0.000000 0.000000 6896.208913 5.000000 6887.632477 10.795056 6898.427533 8.576436 5.000000 -2.218620 5.000000 0.449733  -1   3  -1 
59361.683491 0.000000 0.000000 6854.447682 5.000000 6848.141583 10.911964 6859.053546 6.306099 5.000000 -4.605864 5.000000 0.449733  -1   2  -1 
59361.687248 0.000000 0.000000 6853.073668 5.000000 6848.141583 10.910188 6859.051771 4.932085 5.000000 -5.978103 5.000000 0.449733  -1   2  -1 
59361.691012 0.000000 0.000000 6856.537508 5.000000 6848.141583 10.908404 6859.049987 8.395925 5.000000 -2.512479 5.000000 0.449733  -1   2  -1 
59361.944566 0.000000 0.000000 6688.800158 5.000000 6685.555253 10.776994 6696.332247 3.244905 5.000000 -7.532089 5.000000 0.449733  -1   0  -1 
59361.947357 0.000000 0.000000 6689.299800 5.000000 6685.555253 10.775425 6696.330679 3.744547 5.000000 -7.030879 5.000000 0.449733  -1   0  -1 
59361.957166 0.000000 0.000000 6690.606123 5.000000 6685.555253 10.769892 6696.325145 5.050870 5.000000 -5.719022 5.000000 0.449733  -1   0  -1 
59362.136140 0.000000 0.000000 6896.320834 5.000000 6887.632477 10.663303 6898.295780 8.688357 5.000000 -1.974946 5.000000 0.449733  -1   3  -1 
59362.137220 0.000000 0.000000 6896.927296 5.000000 6887.632477 10.662628 6898.295105 9.294819 5.000000 -1.367809 5.000000 0.449733  -1   3  -1 
59362.138308 0.000000 0.000000 6897.230335 5.000000 6887.632477 10.661947 6898.294425 9.597858 5.000000 -1.064090 5.000000 0.449733  -1   3  -1 
59364.917885 0.000000 0.000000 6898.826009 5.000000 6887.632477 8.054352 6895.686829 11.193532 5.000000 3.139180 5.000000 0.449733  -1   3  -1 
59364.918966 0.000000 0.000000 6899.039696 5.000000 6887.632477 8.053242 6895.685720 11.407219 5.000000 3.353976 5.000000 0.449733  -1   3  -1 
59364.921142 0.000000 0.000000 6900.702393 5.000000 6887.632477 8.051010 6895.683487 13.069916 5.000000 5.018906 5.000000 0.449733  -1   3  -1 
59365.067320 0.000000 0.000000 6687.987565 5.000000 6685.555253 7.902929 6693.458183 2.432312 5.000000 -5.470618 5.000000 0.449733  -1   0  -1 
59365.069993 0.000000 0.000000 6689.213398 5.000000 6685.555253 7.900259 6693.455512 3.658145 5.000000 -4.242114 5.000000 0.449733  -1   0  -1 
59365.075398 0.000000 0.000000 6695.845911 5.000000 6685.555253 7.894864 6693.450117 10.290658 5.000000 2.395794 5.000000 0.449733  -1   0  -1 
59365.648355 0.000000 0.000000 6860.203548 5.000000 6848.141583 7.366205 6855.507788 12.061965 5.000000 4.695760 5.000000 0.449733  -1   2  -1 
59365.652118 0.000000 0.000000 6859.809107 5.000000 6848.141583 7.363078 6855.504661 11.667524 5.000000 4.304446 5.000000 0.449733  -1   2  -1 
59365.659667 0.000000 0.000000 6859.632524 5.000000 6848.141583 7.356822 6855.498405 11.490941 5.000000 4.134119 5.000000 0.449733  -1   2  -1 
59365.941188 0.000000 0.000000 6691.324832 5.000000 6685.555253 7.139875 6692.695128 5.769579 5.000000 -1.370296 5.000000 0.449733  -1   0  -1 
59365.959824 0.000000 0.000000 6694.336894 5.000000 6685.555253 7.126717 6692.681971 8.781641 5.000000 1.654923 5.000000 0.449733  -1   0  -1 
59369.761210 0.000000 0.000000 6853.907520 5.000000 6848.141583 8.638436 6856.780019 5.765937 5.000000 -2.872499 5.000000 0.449733  -1   2  -1 
59369.768738 0.000000 0.000000 6854.968323 5.000000 6848.141583 8.647966 6856.789549 6.826740 5.000000 -1.821226 5.000000 0.449733  -1   2  -1 
59369.776263 0.000000 0.000000 6854.818837 5.000000 6848.141583 8.657499 6856.799082 6.677254 5.000000 -1.980245 5.000000 0.449733  -1   2  -1 
59369.910940 0.000000 0.000000 6895.710062 5.000000 6887.632477 8.829143 6896.461621 8.077585 5.000000 -0.751559 5.000000 0.449733  -1   3  -1 
59369.912028 0.000000 0.000000 6894.195494 5.000000 6887.632477 8.830537 6896.463014 6.563017 5.000000 -2.267520 5.000000 0.449733  -1   3  -1 
59369.913108 0.000000 0.000000 6900.465635 5.000000 6887.632477 8.831920 6896.464397 12.833158 5.000000 4.001238 5.000000 0.449733  -1   3  -1 
59370.023276 0.000000 0.000000 6700.497683 5.000000 6685.555253 8.973392 6694.528645 14.942430 5.000000 5.969038 5.000000 0.449733  -1   0  -1 
59370.025654 0.000000 0.000000 6699.556074 5.000000 6685.555253 8.976452 6694.531706 14.000821 5.000000 5.024368 5.000000 0.449733  -1   0  -1 
59370.030553 0.000000 0.000000 6701.206650 5.000000 6685.555253 8.982757 6694.538011 15.651397 5.000000 6.668639 5.000000 0.449733  -1   0  -1 
59374.802541 0.000000 0.000000 6857.927116 5.000000 6848.141583 12.706475 6860.848058 9.785533 5.000000 -2.920942 5.000000 0.449733  -1   2  -1 
59374.806302 0.000000 0.000000 6854.022433 5.000000 6848.141583 12.707851 6860.849434 5.880850 5.000000 -6.827001 5.000000 0.449733  -1   2  -1 
59374.810063 0.000000 0.000000 6859.091293 5.000000 6848.141583 12.709227 6860.850810 10.949710 5.000000 -1.759517 5.000000 0.449733  -1   2  -1 
59376.787767 0.000000 0.000000 6858.498226 5.000000 6848.141583 13.462041 6861.603624 10.356643 5.000000 -3.105398 5.000000 0.449733  -1   2  -1 
59376.791518 0.000000 0.000000 6857.820538 5.000000 6848.141583 13.463378 6861.604961 9.678955 5.000000 -3.784423 5.000000 0.449733  -1   2  -1 
59376.799035 0.000000 0.000000 6860.475265 5.000000 6848.141583 13.466053 6861.607636 12.333682 5.000000 -1.132371 5.000000 0.449733  -1   2  -1 
59376.948922 0.000000 0.000000 6900.924416 5.000000 6887.632477 13.518144 6901.150622 13.291939 5.000000 -0.226206 5.000000 0.449733  -1   3  -1 
59376.951075 0.000000 0.000000 6898.303785 5.000000 6887.632477 13.518874 6901.151352 10.671308 5.000000 -2.847567 5.000000 0.449733  -1   3  -1 
59376.952157 0.000000 0.000000 6902.094242 5.000000 6887.632477 13.519241 6901.151718 14.461765 5.000000 0.942524 5.000000 0.449733  -1   3  -1 
59377.106321 0.000000 0.000000 6702.772036 5.000000 6685.555253 13.569920 6699.125173 17.216783 5.000000 3.646863 5.000000 0.449733  -1   0  -1 
59377.108935 0.000000 0.000000 6700.706566 5.000000 6685.555253 13.570751 6699.126005 15.151313 5.000000 1.580561 5.000000 0.449733  -1   0  -1 
59377.116326 0.000000 0.000000 6699.933803 5.000000 6685.555253 13.573097 6699.128350 14.378550 5.000000 0.805453 5.000000 0.449733  -1   0  -1 
59377.628949 0.000000 0.000000 6861.675341 5.000000 6848.141583 13.713408 6861.854991 13.533758 5.000000 -0.179650 5.000000 0.449733  -1   2  -1 
59377.636479 0.000000 0.000000 6854.767923 5.000000 6848.141583 13.715095 6861.856678 6.626340 5.000000 -7.088755 5.000000 0.449733  -1   2  -1 
59377.640253 0.000000 0.000000 6855.350266 5.000000 6848.141583 13.715937 6861.857519 7.208683 5.000000 -6.507253 5.000000 0.449733  -1   2  -1 
59378.026109 0.000000 0.000000 6706.690055 5.000000 6685.555253 13.785011 6699.340264 21.134802 5.000000 7.349791 5.000000 0.449733  -1   0  -1 
59378.031599 0.000000 0.000000 6703.859757 5.000000 6685.555253 13.785739 6699.340992 18.304504 5.000000 4.518765 5.000000 0.449733  -1   0  -1 
59378.035635 0.000000 0.000000 6704.701456 5.000000 6685.555253 13.786269 6699.341523 19.146203 5.000000 5.359933 5.000000 0.449733  -1   0  -1 
59379.024886 0.000000 0.000000 6704.974781 5.000000 6685.555253 13.789684 6699.344937 19.419528 5.000000 5.629844 5.000000 0.449733  -1   0  -1 
59379.027585 0.000000 0.000000 6703.024008 5.000000 6685.555253 13.789351 6699.344605 17.468755 5.000000 3.679403 5.000000 0.449733  -1   0  -1 
59379.734125 0.000000 0.000000 6859.685247 5.000000 6848.141583 13.649116 6861.790699 11.543664 5.000000 -2.105452 5.000000 0.449733  -1   2  -1 
59379.737891 0.000000 0.000000 6860.686597 5.000000 6848.141583 13.648128 6861.789711 12.545014 5.000000 -1.103114 5.000000 0.449733  -1   2  -1 
59379.749170 0.000000 0.000000 6861.041326 5.000000 6848.141583 13.645158 6861.786741 12.899743 5.000000 -0.745415 5.000000 0.449733  -1   2  -1 
59379.927944 0.000000 0.000000 6701.733075 5.000000 6685.555253 13.595895 6699.151148 16.177822 5.000000 2.581927 5.000000 0.449733  -1   0  -1 
59379.940910 0.000000 0.000000 6702.009155 5.000000 6685.555253 13.592179 6699.147432 16.453902 5.000000 2.861723 5.000000 0.449733  -1   0  -1 
59379.943737 0.000000 0.000000 6702.896868 5.000000 6685.555253 13.591366 6699.146620 17.341615 5.000000 3.750248 5.000000 0.449733  -1   0  -1 
59380.041449 0.000000 0.000000 6897.588881 5.000000 6887.632477 13.562817 6901.195295 9.956404 5.000000 -3.606414 5.000000 0.449733  -1   3  -1 
59380.044695 0.000000 0.000000 6901.706786 5.000000 6887.632477 13.561854 6901.194332 14.074309 5.000000 0.512454 5.000000 0.449733  -1   3  -1 
59380.045775 0.000000 0.000000 6897.241923 5.000000 6887.632477 13.561534 6901.194011 9.609446 5.000000 -3.952088 5.000000 0.449733  -1   3  -1 
59381.742082 0.000000 0.000000 6856.751734 5.000000 6848.141583 13.122646 6861.264229 8.610151 5.000000 -4.512495 5.000000 0.449733  -1   2  -1 
59381.745840 0.000000 0.000000 6863.715604 5.000000 6848.141583 13.122199 6861.263782 15.574021 5.000000 2.451822 5.000000 0.449733  -1   2  -1 
59381.749613 0.000000 0.000000 6864.806042 5.000000 6848.141583 13.121754 6861.263336 16.664459 5.000000 3.542706 5.000000 0.449733  -1   2  -1 
59381.964035 0.000000 0.000000 6707.593547 5.000000 6685.555253 13.102912 6698.658165 22.038294 5.000000 8.935382 5.000000 0.449733  -1   0  -1 
59381.966642 0.000000 0.000000 6705.803224 5.000000 6685.555253 13.102763 6698.658017 20.247971 5.000000 7.145207 5.000000 0.449733  -1   0  -1 
59381.969218 0.000000 0.000000 6704.764923 5.000000 6685.555253 13.102619 6698.657872 19.209670 5.000000 6.107051 5.000000 0.449733  -1   0  -1 
59382.115350 0.000000 0.000000 6898.394433 5.000000 6887.632477 13.097643 6900.730121 10.761956 5.000000 -2.335688 5.000000 0.449733  -1   3  -1 
59382.116432 0.000000 0.000000 6896.317561 5.000000 6887.632477 13.097630 6900.730108 8.685084 5.000000 -4.412547 5.000000 0.449733  -1   3  -1 
59382.117507 0.000000 0.000000 6899.469244 5.000000 6887.632477 13.097618 6900.730095 11.836767 5.000000 -1.260851 5.000000 0.449733  -1   3  -1 
59383.644277 0.000000 0.000000 6863.968820 5.000000 6848.141583 13.441178 6861.582761 15.827237 5.000000 2.386059 5.000000 0.449733  -1   2  -1 
59383.648053 0.000000 0.000000 6863.703890 5.000000 6848.141583 13.442836 6861.584419 15.562307 5.000000 2.119471 5.000000 0.449733  -1   2  -1 
59383.655584 0.000000 0.000000 6860.777688 5.000000 6848.141583 13.446153 6861.587735 12.636105 5.000000 -0.810047 5.000000 0.449733  -1   2  -1 
59383.978595 0.000000 0.000000 6900.287723 5.000000 6887.632477 13.599015 6901.231492 12.655246 5.000000 -0.943769 5.000000 0.449733  -1   3  -1 
59383.979676 0.000000 0.000000 6900.853976 5.000000 6887.632477 13.599558 6901.232035 13.221499 5.000000 -0.378059 5.000000 0.449733  -1   3  -1 
59383.981846 0.000000 0.000000 6899.054781 5.000000 6887.632477 13.600648 6901.233125 11.422304 5.000000 -2.178344 5.000000 0.449733  -1   3  -1 
59383.992473 0.000000 0.000000 6704.894639 5.000000 6685.555253 13.605997 6699.161250 19.339386 5.000000 5.733389 5.000000 0.449733  -1   0  -1 
59384.002278 0.000000 0.000000 6708.371848 5.000000 6685.555253 13.610948 6699.166201 22.816595 5.000000 9.205647 5.000000 0.449733  -1   0  -1 
59384.007238 0.000000 0.000000 6706.842853 5.000000 6685.555253 13.613458 6699.168711 21.287600 5.000000 7.674142 5.000000 0.449733  -1   0  -1 
59384.628010 0.000000 0.000000 6857.887629 5.000000 6848.141583 13.948632 6862.090215 9.746046 5.000000 -4.202586 5.000000 0.449733  -1   2  -1 
59384.631782 0.000000 0.000000 6862.709111 5.000000 6848.141583 13.950743 6862.092326 14.567528 5.000000 0.616785 5.000000 0.449733  -1   2  -1 
59384.635541 0.000000 0.000000 6863.139151 5.000000 6848.141583 13.952847 6862.094430 14.997568 5.000000 1.044721 5.000000 0.449733  -1   2  -1 
59385.055212 0.000000 0.000000 6706.114750 5.000000 6685.555253 14.186570 6699.741823 20.559497 5.000000 6.372927 5.000000 0.449733  -1   0  -1 
59385.061472 0.000000 0.000000 6704.118163 5.000000 6685.555253 14.189998 6699.745251 18.562910 5.000000 4.372912 5.000000 0.449733  -1   0  -1 
59385.063906 0.000000 0.000000 6705.954751 5.000000 6685.555253 14.191330 6699.746584 20.399498 5.000000 6.208167 5.000000 0.449733  -1   0  -1 
59387.920967 0.000000 0.000000 6706.638651 5.000000 6685.555253 14.963266 6700.518519 21.083398 5.000000 6.120132 5.000000 0.449733  -1   0  -1 
59387.926477 0.000000 0.000000 6705.834416 5.000000 6685.555253 14.962887 6700.518140 20.279163 5.000000 5.316276 5.000000 0.449733  -1   0  -1 
59387.929412 0.000000 0.000000 6705.066752 5.000000 6685.555253 14.962682 6700.517936 19.511499 5.000000 4.548816 5.000000 0.449733  -1   0  -1 
59388.644350 0.000000 0.000000 6862.224706 5.000000 6848.141583 14.863082 6863.004665 14.083123 5.000000 -0.779959 5.000000 0.449733  -1   2  -1 
59388.659397 0.000000 0.000000 6860.254063 5.000000 6848.141583 14.860013 6863.001596 12.112480 5.000000 -2.747533 5.000000 0.449733  -1   2  -1 
59388.663148 0.000000 0.000000 6858.870814 5.000000 6848.141583 14.859242 6863.000825 10.729231 5.000000 -4.130011 5.000000 0.449733  -1   2  -1 
59388.965674 0.000000 0.000000 6703.383388 5.000000 6685.555253 14.789862 6700.345115 17.828135 5.000000 3.038273 5.000000 0.449733  -1   0  -1 
59388.967365 0.000000 0.000000 6897.950394 5.000000 6887.632477 14.789435 6902.421913 10.317917 5.000000 -4.471519 5.000000 0.449733  -1   3  -1 
59388.968252 0.000000 0.000000 6706.378068 5.000000 6685.555253 14.789211 6700.344465 20.822815 5.000000 6.033603 5.000000 0.449733  -1   0  -1 
59388.968449 0.000000 0.000000 6898.021045 5.000000 6887.632477 14.789161 6902.421639 10.388568 5.000000 -4.400594 5.000000 0.449733  -1   3  -1 
59388.969524 0.000000 0.000000 6899.799406 5.000000 6887.632477 14.788890 6902.421367 12.166929 5.000000 -2.621961 5.000000 0.449733  -1   3  -1 
59388.970854 0.000000 0.000000 6706.491697 5.000000 6685.555253 14.788554 6700.343807 20.936444 5.000000 6.147890 5.000000 0.449733  -1   0  -1 
59389.809335 0.000000 0.000000 6859.548172 5.000000 6848.141583 14.526718 6862.668301 11.406589 5.000000 -3.120129 5.000000 0.449733  -1   2  -1 
59389.828264 0.000000 0.000000 6858.141897 5.000000 6848.141583 14.519660 6862.661243 10.000314 5.000000 -4.519346 5.000000 0.449733  -1   2  -1 
59389.832028 0.000000 0.000000 6858.112209 5.000000 6848.141583 14.518251 6862.659834 9.970626 5.000000 -4.547625 5.000000 0.449733  -1   2  -1 
59389.926150 0.000000 0.000000 6898.542365 5.000000 6887.632477 14.482319 6902.114796 10.909888 5.000000 -3.572431 5.000000 0.449733  -1   3  -1 
59389.928313 0.000000 0.000000 6896.757916 5.000000 6887.632477 14.481477 6902.113955 9.125439 5.000000 -5.356039 5.000000 0.449733  -1   3  -1 
59389.929388 0.000000 0.000000 6900.918942 5.000000 6887.632477 14.481059 6902.113536 13.286465 5.000000 -1.194594 5.000000 0.449733  -1   3  -1 
59389.952568 0.000000 0.000000 6704.152783 5.000000 6685.555253 14.471995 6700.027248 18.597530 5.000000 4.125535 5.000000 0.449733  -1   0  -1 
59389.957794 0.000000 0.000000 6702.572337 5.000000 6685.555253 14.469940 6700.025193 17.017084 5.000000 2.547144 5.000000 0.449733  -1   0  -1 
59389.966851 0.000000 0.000000 6704.007190 5.000000 6685.555253 14.466369 6700.021622 18.451937 5.000000 3.985568 5.000000 0.449733  -1   0  -1 
59392.835547 0.000000 0.000000 6855.181920 5.000000 6848.141583 12.414555 6860.556138 7.040337 5.000000 -5.374218 5.000000 0.449733  -1   2  -1 
59392.843066 0.000000 0.000000 6863.099090 5.000000 6848.141583 12.406157 6860.547739 14.957507 5.000000 2.551351 5.000000 0.449733  -1   2  -1 
59392.846825 0.000000 0.000000 6861.142801 5.000000 6848.141583 12.401952 6860.543535 13.001218 5.000000 0.599266 5.000000 0.449733  -1   2  -1 
59393.111566 0.000000 0.000000 6694.863674 5.000000 6685.555253 12.096234 6697.651488 9.308421 5.000000 -2.787814 5.000000 0.449733  -1   0  -1 
59393.114447 0.000000 0.000000 6697.479327 5.000000 6685.555253 12.092807 6697.648061 11.924074 5.000000 -0.168734 5.000000 0.449733  -1   0  -1 
59393.123097 0.000000 0.000000 6695.776696 5.000000 6685.555253 12.082507 6697.637760 10.221443 5.000000 -1.861064 5.000000 0.449733  -1   0  -1 
59397.703574 0.000000 0.000000 6857.081488 5.000000 6848.141583 8.123214 6856.264797 8.939905 5.000000 0.816691 5.000000 0.449733  -1   2  -1 
59397.714844 0.000000 0.000000 6860.594624 5.000000 6848.141583 8.126492 6856.268075 12.453041 5.000000 4.326549 5.000000 0.449733  -1   2  -1 
59397.718600 0.000000 0.000000 6860.161046 5.000000 6848.141583 8.127602 6856.269185 12.019463 5.000000 3.891861 5.000000 0.449733  -1   2  -1 
59397.891478 0.000000 0.000000 6692.161276 5.000000 6685.555253 8.188208 6693.743461 6.606023 5.000000 -1.582185 5.000000 0.449733  -1   0  -1 
59397.896665 0.000000 0.000000 6694.960515 5.000000 6685.555253 8.190309 6693.745562 9.405262 5.000000 1.214953 5.000000 0.449733  -1   0  -1 
59397.899199 0.000000 0.000000 6691.717776 5.000000 6685.555253 8.191341 6693.746594 6.162523 5.000000 -2.028818 5.000000 0.449733  -1   0  -1 
59398.093478 0.000000 0.000000 6903.220454 5.000000 6887.632477 8.281686 6895.914163 15.587977 5.000000 7.306291 5.000000 0.449733  -1   3  -1 
59398.094558 0.000000 0.000000 6896.730308 5.000000 6887.632477 8.282248 6895.914725 9.097831 5.000000 0.815583 5.000000 0.449733  -1   3  -1 
59398.096718 0.000000 0.000000 6901.327946 5.000000 6887.632477 8.283375 6895.915853 13.695469 5.000000 5.412093 5.000000 0.449733  -1   3  -1 
59401.792180 0.000000 0.000000 6860.348664 5.000000 6848.141583 11.404747 6859.546330 12.207081 5.000000 0.802334 5.000000 0.449733  -1   2  -1 
59401.795940 0.000000 0.000000 6866.109610 5.000000 6848.141583 11.406657 6859.548239 17.968027 5.000000 6.561371 5.000000 0.449733  -1   2  -1 
59401.799701 0.000000 0.000000 6864.536255 5.000000 6848.141583 11.408561 6859.550144 16.394672 5.000000 4.986111 5.000000 0.449733  -1   2  -1 
59401.885991 0.000000 0.000000 6692.176336 5.000000 6685.555253 11.450647 6697.005900 6.621083 5.000000 -4.829564 5.000000 0.449733  -1   0  -1 
59401.888644 0.000000 0.000000 6693.727546 5.000000 6685.555253 11.451892 6697.007145 8.172293 5.000000 -3.279599 5.000000 0.449733  -1   0  -1 
59401.892602 0.000000 0.000000 6696.702853 5.000000 6685.555253 11.453744 6697.008997 11.147600 5.000000 -0.306144 5.000000 0.449733  -1   0  -1 
59401.927059 0.000000 0.000000 6935.048342 5.000000 6932.033352 11.469590 6943.502942 3.014990 5.000000 -8.454600 5.000000 0.449733  -1   1  -1 
59401.927765 0.000000 0.000000 6932.480362 5.000000 6932.033352 11.469909 6943.503261 0.447010 5.000000 -11.022899 5.000000 0.449733  -1   1  -1 
59401.929177 0.000000 0.000000 6938.928610 5.000000 6932.033352 11.470548 6943.503899 6.895258 5.000000 -4.575289 5.000000 0.449733  -1   1  -1 
59401.992049 0.000000 0.000000 6903.192670 5.000000 6887.632477 11.498132 6899.130609 15.560193 5.000000 4.062061 5.000000 0.449733  -1   3  -1 
59401.994207 0.000000 0.000000 6899.182750 5.000000 6887.632477 11.499049 6899.131527 11.550273 5.000000 0.051223 5.000000 0.449733  -1   3  -1 
59401.995280 0.000000 0.000000 6902.031370 5.000000 6887.632477 11.499505 6899.131982 14.398893 5.000000 2.899388 5.000000 0.449733  -1   3  -1 
59402.794210 0.000000 0.000000 6859.435145 5.000000 6848.141583 11.707926 6859.849509 11.293562 5.000000 -0.414364 5.000000 0.449733  -1   2  -1 
59402.797974 0.000000 0.000000 6861.366233 5.000000 6848.141583 11.708314 6859.849897 13.224650 5.000000 1.516336 5.000000 0.449733  -1   2  -1 
59402.801729 0.000000 0.000000 6860.352777 5.000000 6848.141583 11.708696 6859.850279 12.211194 5.000000 0.502498 5.000000 0.449733  -1   2  -1 
59402.966503 0.000000 0.000000 6944.302769 5.000000 6932.033352 11.720412 6943.753764 12.269417 5.000000 0.549005 5.000000 0.449733  -1   1  -1 
59402.968621 0.000000 0.000000 6944.448687 5.000000 6932.033352 11.720500 6943.753851 12.415335 5.000000 0.694836 5.000000 0.449733  -1   1  -1 
59402.969327 0.000000 0.000000 6945.273839 5.000000 6932.033352 11.720528 6943.753880 13.240487 5.000000 1.519959 5.000000 0.449733  -1   1  -1 
59402.970612 0.000000 0.000000 6899.831990 5.000000 6887.632477 11.720580 6899.353058 12.199513 5.000000 0.478932 5.000000 0.449733  -1   3  -1 
59402.971692 0.000000 0.000000 6898.128414 5.000000 6887.632477 11.720624 6899.353101 10.495937 5.000000 -1.224687 5.000000 0.449733  -1   3  -1 
59402.972765 0.000000 0.000000 6901.444422 5.000000 6887.632477 11.720666 6899.353144 13.811945 5.000000 2.091278 5.000000 0.449733  -1   3  -1 
59403.889282 0.000000 0.000000 6939.980070 5.000000 6932.033352 11.628877 6943.662229 7.946718 5.000000 -3.682159 5.000000 0.449733  -1   1  -1 
59403.890693 0.000000 0.000000 6944.334356 5.000000 6932.033352 11.628569 6943.661921 12.301004 5.000000 0.672435 5.000000 0.449733  -1   1  -1 
59403.891398 0.000000 0.000000 6943.834634 5.000000 6932.033352 11.628416 6943.661767 11.801282 5.000000 0.172867 5.000000 0.449733  -1   1  -1 
59403.992215 0.000000 0.000000 6694.251168 5.000000 6685.555253 11.605395 6697.160649 8.695915 5.000000 -2.909481 5.000000 0.449733  -1   0  -1 
59404.001960 0.000000 0.000000 6694.083423 5.000000 6685.555253 11.603066 6697.158319 8.528170 5.000000 -3.074896 5.000000 0.449733  -1   0  -1 
59404.004362 0.000000 0.000000 6695.180241 5.000000 6685.555253 11.602489 6697.157743 9.624988 5.000000 -1.977502 5.000000 0.449733  -1   0  -1 
59404.084675 0.000000 0.000000 6898.123046 5.000000 6887.632477 11.582596 6899.215074 10.490569 5.000000 -1.092028 5.000000 0.449733  -1   3  -1 
59404.085749 0.000000 0.000000 6896.264679 5.000000 6887.632477 11.582323 6899.214800 8.632202 5.000000 -2.950121 5.000000 0.449733  -1   3  -1 
59404.086835 0.000000 0.000000 6900.613030 5.000000 6887.632477 11.582046 6899.214523 12.980553 5.000000 1.398507 5.000000 0.449733  -1   3  -1 
59405.737353 0.000000 0.000000 6860.131178 5.000000 6848.141583 11.047190 6859.188773 11.989595 5.000000 0.942405 5.000000 0.449733  -1   2  -1 
59405.748644 0.000000 0.000000 6858.836390 5.000000 6848.141583 11.043502 6859.185084 10.694807 5.000000 -0.348694 5.000000 0.449733  -1   2  -1 
59405.756176 0.000000 0.000000 6858.071624 5.000000 6848.141583 11.041046 6859.182628 9.930041 5.000000 -1.111004 5.000000 0.449733  -1   2  -1 
59405.855588 0.000000 0.000000 6946.162797 5.000000 6932.033352 11.009004 6943.042356 14.129445 5.000000 3.120441 5.000000 0.449733  -1   1  -1 
59405.857000 0.000000 0.000000 6948.368859 5.000000 6932.033352 11.008555 6943.041906 16.335507 5.000000 5.326953 5.000000 0.449733  -1   1  -1 
59405.857706 0.000000 0.000000 6948.077845 5.000000 6932.033352 11.008330 6943.041681 16.044493 5.000000 5.036164 5.000000 0.449733  -1   1  -1 
59406.106963 0.000000 0.000000 6893.632502 5.000000 6887.632477 10.931594 6898.564071 6.000025 5.000000 -4.931569 5.000000 0.449733  -1   3  -1 
59406.108044 0.000000 0.000000 6893.420341 5.000000 6887.632477 10.931273 6898.563751 5.787864 5.000000 -5.143410 5.000000 0.449733  -1   3  -1 
59406.109128 0.000000 0.000000 6893.099435 5.000000 6887.632477 10.930952 6898.563430 5.466958 5.000000 -5.463995 5.000000 0.449733  -1   3  -1 
59407.864238 0.000000 0.000000 6947.898876 5.000000 6932.033352 10.623919 6942.657270 15.865524 5.000000 5.241606 5.000000 0.449733  -1   1  -1 
59407.866356 0.000000 0.000000 6950.245404 5.000000 6932.033352 10.623857 6942.657208 18.212052 5.000000 7.588196 5.000000 0.449733  -1   1  -1 
59407.867063 0.000000 0.000000 6951.276220 5.000000 6932.033352 10.623836 6942.657188 19.242868 5.000000 8.619032 5.000000 0.449733  -1   1  -1 
59408.161045 0.000000 0.000000 6698.829274 5.000000 6685.555253 10.623382 6696.178635 13.274021 5.000000 2.650639 5.000000 0.449733  -1   0  -1 
59408.163430 0.000000 0.000000 6698.230451 5.000000 6685.555253 10.623444 6696.178697 12.675198 5.000000 2.051754 5.000000 0.449733  -1   0  -1 
59408.165807 0.000000 0.000000 6703.504550 5.000000 6685.555253 10.623507 6696.178761 17.949297 5.000000 7.325789 5.000000 0.449733  -1   0  -1 
59411.082909 0.000000 0.000000 6899.153579 5.000000 6887.632477 11.370472 6899.002949 11.521102 5.000000 0.150630 5.000000 0.449733  -1   3  -1 
59411.083984 0.000000 0.000000 6901.305156 5.000000 6887.632477 11.370879 6899.003356 13.672679 5.000000 2.301800 5.000000 0.449733  -1   3  -1 
59411.085060 0.000000 0.000000 6900.895801 5.000000 6887.632477 11.371287 6899.003764 13.263324 5.000000 1.892037 5.000000 0.449733  -1   3  -1 
59411.109436 0.000000 0.000000 6696.350570 5.000000 6685.555253 11.380511 6696.935765 10.795317 5.000000 -0.585195 5.000000 0.449733  -1   0  -1 
59411.114634 0.000000 0.000000 6697.468021 5.000000 6685.555253 11.382476 6696.937729 11.912768 5.000000 0.530292 5.000000 0.449733  -1   0  -1 
59411.121738 0.000000 0.000000 6696.824401 5.000000 6685.555253 11.385159 6696.940412 11.269148 5.000000 -0.116011 5.000000 0.449733  -1   0  -1 
59418.956092 0.000000 0.000000 6696.465900 5.000000 6685.555253 10.939581 6696.494835 10.910647 5.000000 -0.028935 5.000000 0.449733  -1   0  -1 
59418.958787 0.000000 0.000000 6696.612270 5.000000 6685.555253 10.940875 6696.496129 11.057017 5.000000 0.116141 5.000000 0.449733  -1   0  -1 
59418.965560 0.000000 0.000000 6694.591742 5.000000 6685.555253 10.944131 6696.499385 9.036489 5.000000 -1.907643 5.000000 0.449733  -1   0  -1 
59418.981323 0.000000 0.000000 6900.843714 5.000000 6887.632477 10.951731 6898.584208 13.211237 5.000000 2.259506 5.000000 0.449733  -1   3  -1 
59418.982407 0.000000 0.000000 6900.533258 5.000000 6887.632477 10.952255 6898.584732 12.900781 5.000000 1.948526 5.000000 0.449733  -1   3  -1 
59418.983485 0.000000 0.000000 6894.368958 5.000000 6887.632477 10.952776 6898.585253 6.736481 5.000000 -4.216295 5.000000 0.449733  -1   3  -1 
59419.756507 0.000000 0.000000 6865.153893 5.000000 6848.141583 11.332826 6859.474409 17.012310 5.000000 5.679484 5.000000 0.449733  -1   2  -1 
59419.775306 0.000000 0.000000 6859.701525 5.000000 6848.141583 11.341424 6859.483007 11.559942 5.000000 0.218518 5.000000 0.449733  -1   2  -1 
59419.779068 0.000000 0.000000 6863.736508 5.000000 6848.141583 11.343136 6859.484719 15.594925 5.000000 4.251789 5.000000 0.449733  -1   2  -1 
59419.947893 0.000000 0.000000 6693.113633 5.000000 6685.555253 11.416661 6696.971915 7.558380 5.000000 -3.858282 5.000000 0.449733  -1   0  -1 
59419.986504 0.000000 0.000000 6694.850399 5.000000 6685.555253 11.432445 6696.987698 9.295146 5.000000 -2.137299 5.000000 0.449733  -1   0  -1 
59419.990052 0.000000 0.000000 6693.505750 5.000000 6685.555253 11.433874 6696.989127 7.950497 5.000000 -3.483377 5.000000 0.449733  -1   0  -1 
59420.037408 0.000000 0.000000 6897.578579 5.000000 6887.632477 11.452582 6899.085059 9.946102 5.000000 -1.506480 5.000000 0.449733  -1   3  -1 
59420.038492 0.000000 0.000000 6897.262876 5.000000 6887.632477 11.453002 6899.085479 9.630399 5.000000 -1.822603 5.000000 0.449733  -1   3  -1 
59420.040662 0.000000 0.000000 6898.747377 5.000000 6887.632477 11.453842 6899.086319 11.114900 5.000000 -0.338942 5.000000 0.449733  -1   3  -1 
59420.700637 0.000000 0.000000 6859.631126 5.000000 6848.141583 11.620292 6859.761875 11.489543 5.000000 -0.130749 5.000000 0.449733  -1   2  -1 
59420.708153 0.000000 0.000000 6865.836489 5.000000 6848.141583 11.620944 6859.762527 17.694906 5.000000 6.073962 5.000000 0.449733  -1   2  -1 
59420.715676 0.000000 0.000000 6861.268969 5.000000 6848.141583 11.621565 6859.763148 13.127386 5.000000 1.505821 5.000000 0.449733  -1   2  -1 
59420.873617 0.000000 0.000000 6939.461437 5.000000 6932.033352 11.626774 6943.660126 7.428085 5.000000 -4.198689 5.000000 0.449733  -1   1  -1 
59420.874323 0.000000 0.000000 6941.696785 5.000000 6932.033352 11.626763 6943.660115 9.663433 5.000000 -1.963330 5.000000 0.449733  -1   1  -1 
59420.875735 0.000000 0.000000 6943.554000 5.000000 6932.033352 11.626740 6943.660091 11.520648 5.000000 -0.106091 5.000000 0.449733  -1   1  -1 
59420.988150 0.000000 0.000000 6901.891527 5.000000 6887.632477 11.620761 6899.253239 14.259050 5.000000 2.638288 5.000000 0.449733  -1   3  -1 
59420.990293 0.000000 0.000000 6900.790775 5.000000 6887.632477 11.620567 6899.253044 13.158298 5.000000 1.537731 5.000000 0.449733  -1   3  -1 
59420.991383 0.000000 0.000000 6902.195529 5.000000 6887.632477 11.620467 6899.252944 14.563052 5.000000 2.942585 5.000000 0.449733  -1   3  -1 
59421.112099 0.000000 0.000000 6701.838407 5.000000 6685.555253 11.604411 6697.159664 16.283154 5.000000 4.678743 5.000000 0.449733  -1   0  -1 
59421.130285 0.000000 0.000000 6698.415144 5.000000 6685.555253 11.601122 6697.156375 12.859891 5.000000 1.258769 5.000000 0.449733  -1   0  -1 
59421.136709 0.000000 0.000000 6697.608727 5.000000 6685.555253 11.599904 6697.155158 12.053474 5.000000 0.453569 5.000000 0.449733  -1   0  -1 
59422.687448 0.000000 0.000000 6860.214863 5.000000 6848.141583 10.388677 6858.530259 12.073280 5.000000 1.684604 5.000000 0.449733  -1   2  -1 
59422.694983 0.000000 0.000000 6860.947147 5.000000 6848.141583 10.378403 6858.519985 12.805564 5.000000 2.427162 5.000000 0.449733  -1   2  -1 
59422.702516 0.000000 0.000000 6855.579951 5.000000 6848.141583 10.368094 6858.509676 7.438368 5.000000 -2.929725 5.000000 0.449733  -1   2  -1 
59422.871553 0.000000 0.000000 6938.620833 5.000000 6932.033352 10.127149 6942.160501 6.587481 5.000000 -3.539668 5.000000 0.449733  -1   1  -1 
59422.873670 0.000000 0.000000 6941.540564 5.000000 6932.033352 10.124018 6942.157370 9.507212 5.000000 -0.616806 5.000000 0.449733  -1   1  -1 
59422.874376 0.000000 0.000000 6942.284711 5.000000 6932.033352 10.122974 6942.156325 10.251359 5.000000 0.128386 5.000000 0.449733  -1   1  -1 
59423.678423 0.000000 0.000000 6862.250715 5.000000 6848.141583 8.772212 6856.913795 14.109132 5.000000 5.336920 5.000000 0.449733  -1   2  -1 
59423.685999 0.000000 0.000000 6861.409947 5.000000 6848.141583 8.758330 6856.899912 13.268364 5.000000 4.510035 5.000000 0.449733  -1   2  -1 
59423.689751 0.000000 0.000000 6857.490485 5.000000 6848.141583 8.751449 6856.893032 9.348902 5.000000 0.597453 5.000000 0.449733  -1   2  -1 
