# time Tc_folded Tref_folded value value_err offset model full_model val_compare val_compare_err residuals residuals_err jitter jitter_flag offset_flag subset_flag 
59334.700184 21.531429 0.000000 12.513036 0.102000 12.547867 -0.810268 11.556325 0.146443 0.102000 0.956711 0.102000 1.312369  -1   2  -1 
59334.703954 21.535199 0.000072 12.338036 0.102000 12.547867 -0.809850 11.547530 -0.019343 0.102000 0.790506 0.102000 1.312369  -1   2  -1 
59334.711459 21.542704 0.000215 11.786036 0.102000 12.547867 -0.809017 11.529393 -0.552374 0.102000 0.256643 0.102000 1.312369  -1   2  -1 
59334.934601 21.765846 0.004464 12.027445 0.113000 12.712780 -0.784015 10.945854 0.297577 0.113000 1.081591 0.113000 1.312369  -1   3  -1 
59334.935678 21.766923 0.004485 9.957445 0.113000 12.712780 -0.783893 10.942177 -1.768626 0.113000 -0.984732 0.113000 1.312369  -1   3  -1 
59334.936754 21.767999 0.004505 9.409445 0.113000 12.712780 -0.783771 10.938513 -2.312840 0.113000 -1.529068 0.113000 1.312369  -1   3  -1 
59336.069824 22.901069 0.026082 9.820445 0.117000 12.712780 -0.649837 12.271085 -3.100476 0.117000 -2.450640 0.117000 1.312369  -1   3  -1 
59336.071983 22.903228 0.026124 12.385445 0.117000 12.712780 -0.649571 12.263191 -0.527317 0.117000 0.122254 0.117000 1.312369  -1   3  -1 
59336.073065 22.904310 0.026144 11.459445 0.117000 12.712780 -0.649438 12.259223 -1.449216 0.117000 -0.799778 0.117000 1.312369  -1   3  -1 
59336.087932 22.919177 0.026427 12.299016 0.109000 11.002702 -0.647606 10.493852 1.157558 0.109000 1.805164 0.109000 1.312369  -1   0  -1 
59336.113567 22.944812 0.026915 11.451016 0.109000 11.002702 -0.644444 10.395869 0.410703 0.109000 1.055147 0.109000 1.312369  -1   0  -1 
59336.116529 22.947774 0.026972 10.632016 0.109000 11.002702 -0.644079 10.384394 -0.396457 0.109000 0.247622 0.109000 1.312369  -1   0  -1 
59337.794690 24.625935 0.058929 11.758036 0.103000 12.547867 -0.426129 11.348115 -0.016208 0.103000 0.409921 0.103000 1.312369  -1   2  -1 
59337.802213 24.633458 0.059073 11.947036 0.103000 12.547867 -0.425107 11.360564 0.161364 0.103000 0.586472 0.103000 1.312369  -1   2  -1 
59337.805964 24.637209 0.059144 11.783036 0.103000 12.547867 -0.424598 11.367202 -0.008764 0.103000 0.415834 0.103000 1.312369  -1   2  -1 
59338.101617 24.932862 0.064774 12.022016 0.109000 11.002702 -0.384157 10.876166 0.761694 0.109000 1.145850 0.109000 1.312369  -1   0  -1 
59338.106766 24.938011 0.064872 11.620016 0.110000 11.002702 -0.383448 10.895919 0.340650 0.110000 0.724097 0.110000 1.312369  -1   0  -1 
59338.111894 24.943139 0.064970 11.480016 0.110000 11.002702 -0.382741 10.915358 0.181916 0.110000 0.564658 0.110000 1.312369  -1   0  -1 
59340.098120 -25.582647 0.102794 7.644445 0.116000 12.712780 -0.098692 10.810030 -3.264277 0.116000 -3.165585 0.116000 1.312369  -1   3  -1 
59340.099194 -25.581573 0.102815 10.253445 0.117000 12.712780 -0.098534 10.806119 -0.651208 0.117000 -0.552674 0.117000 1.312369  -1   3  -1 
59340.101354 -25.579413 0.102856 9.977445 0.116000 12.712780 -0.098215 10.798306 -0.919076 0.116000 -0.820861 0.116000 1.312369  -1   3  -1 
59340.125153 -25.555614 0.103309 10.201016 0.104000 11.002702 -0.094705 9.007169 1.099142 0.104000 1.193847 0.104000 1.312369  -1   0  -1 
59340.134329 -25.546438 0.103484 10.066016 0.104000 11.002702 -0.093351 8.978517 0.994148 0.104000 1.087499 0.104000 1.312369  -1   0  -1 
59340.148161 -25.532606 0.103747 9.340016 0.104000 11.002702 -0.091310 8.938252 0.310454 0.104000 0.401764 0.104000 1.312369  -1   0  -1 
59341.954385 -23.726382 0.138144 12.591445 0.119000 12.712780 0.179672 11.693338 1.077778 0.119000 0.898107 0.119000 1.312369  -1   3  -1 
59341.957620 -23.723147 0.138205 11.846445 0.119000 12.712780 0.180162 11.706029 0.320578 0.119000 0.140416 0.119000 1.312369  -1   3  -1 
59341.958695 -23.722072 0.138226 11.125445 0.119000 12.712780 0.180325 11.710219 -0.404449 0.119000 -0.584774 0.119000 1.312369  -1   3  -1 
59341.996746 -23.684021 0.138950 9.912016 0.107000 11.002702 0.186096 10.139046 -0.040935 0.107000 -0.227030 0.107000 1.312369  -1   0  -1 
59342.000684 -23.680083 0.139025 11.168016 0.107000 11.002702 0.186693 10.152284 1.202425 0.107000 1.015732 0.107000 1.312369  -1   0  -1 
59343.674792 -22.005975 0.170906 12.265036 0.104000 12.547867 0.440378 12.032126 0.673288 0.104000 0.232910 0.104000 1.312369  -1   2  -1 
59343.682301 -21.998466 0.171049 11.495036 0.104000 12.547867 0.441508 12.004513 -0.067968 0.104000 -0.509477 0.104000 1.312369  -1   2  -1 
59343.689815 -21.990952 0.171192 11.638036 0.104000 12.547867 0.442640 11.976408 0.104268 0.104000 -0.338372 0.104000 1.312369  -1   2  -1 
59344.038460 -21.642307 0.177831 9.612016 0.106000 11.002702 0.494982 9.366219 0.740779 0.106000 0.245797 0.106000 1.312369  -1   0  -1 
59344.047124 -21.633643 0.177996 9.678016 0.105000 11.002702 0.496279 9.362830 0.811465 0.105000 0.315186 0.105000 1.312369  -1   0  -1 
59344.054785 -21.625982 0.178142 9.704016 0.105000 11.002702 0.497425 9.361233 0.840208 0.105000 0.342783 0.105000 1.312369  -1   0  -1 
59344.090520 -21.590247 0.178823 10.762445 0.117000 12.712780 0.502770 11.081348 0.183867 0.117000 -0.318903 0.117000 1.312369  -1   3  -1 
59344.093753 -21.587014 0.178884 10.331445 0.117000 12.712780 0.503254 11.083678 -0.248979 0.117000 -0.752233 0.117000 1.312369  -1   3  -1 
59344.094826 -21.585941 0.178905 12.097445 0.117000 12.712780 0.503414 11.084503 1.516356 0.117000 1.012942 0.117000 1.312369  -1   3  -1 
59345.052239 -20.628528 0.197137 9.690016 0.106000 11.002702 0.644913 10.260864 0.074065 0.106000 -0.570848 0.106000 1.312369  -1   0  -1 
59345.054836 -20.625931 0.197186 9.351016 0.106000 11.002702 0.645291 10.249293 -0.252985 0.106000 -0.898277 0.106000 1.312369  -1   0  -1 
59345.062635 -20.618132 0.197335 9.182016 0.105000 11.002702 0.646428 10.214625 -0.386181 0.105000 -1.032609 0.105000 1.312369  -1   0  -1 
59348.691508 -16.989259 0.266440 9.657036 0.102000 12.547867 1.124960 11.451435 -0.669440 0.102000 -1.794399 0.102000 1.312369  -1   2  -1 
59348.699020 -16.981747 0.266583 11.244036 0.102000 12.547867 1.125807 11.427660 0.942183 0.102000 -0.183624 0.102000 1.312369  -1   2  -1 
59348.702790 -16.977977 0.266655 11.974036 0.103000 12.547867 1.126232 11.415440 1.684827 0.103000 0.558596 0.103000 1.312369  -1   2  -1 
59349.021951 -16.658816 0.272733 7.957016 0.108000 11.002702 1.161498 8.665759 0.452754 0.108000 -0.708743 0.108000 1.312369  -1   0  -1 
59349.026999 -16.653768 0.272829 5.714016 0.108000 11.002702 1.162044 8.653049 -1.776989 0.108000 -2.939033 0.108000 1.312369  -1   0  -1 
59349.032064 -16.648703 0.272926 9.298016 0.109000 11.002702 1.162592 8.640762 1.819846 0.109000 0.657254 0.109000 1.312369  -1   0  -1 
59350.089948 -15.590819 0.293071 11.005016 0.104000 11.002702 1.268455 9.956168 2.317303 0.104000 1.048848 0.104000 1.312369  -1   0  -1 
59350.092419 -15.588348 0.293118 11.321016 0.104000 11.002702 1.268681 9.946930 2.642768 0.104000 1.374086 0.104000 1.312369  -1   0  -1 
59350.106715 -15.574052 0.293391 11.969016 0.104000 11.002702 1.269988 9.893231 3.345773 0.104000 2.075785 0.104000 1.312369  -1   0  -1 
59350.920251 -14.760516 0.308883 10.284016 0.105000 11.002702 1.338391 11.106600 0.515807 0.105000 -0.822584 0.105000 1.312369  -1   0  -1 
59351.708087 -13.972680 0.323886 10.082036 0.102000 12.547867 1.392666 11.540490 -0.065788 0.102000 -1.458454 0.102000 1.312369  -1   2  -1 
59351.715613 -13.965154 0.324029 8.813036 0.102000 12.547867 1.393124 11.546543 -1.340384 0.102000 -2.733507 0.102000 1.312369  -1   2  -1 
59351.726880 -13.953887 0.324244 9.479036 0.102000 12.547867 1.393807 11.557978 -0.685135 0.102000 -2.078942 0.102000 1.312369  -1   2  -1 
59352.098517 -13.582250 0.331321 10.912016 0.107000 11.002702 1.414845 11.423672 0.903189 0.107000 -0.511656 0.107000 1.312369  -1   0  -1 
59352.108322 -13.572445 0.331508 10.396016 0.107000 11.002702 1.415360 11.465360 0.346017 0.107000 -1.069344 0.107000 1.312369  -1   0  -1 
59352.122068 -13.558699 0.331769 11.479016 0.107000 11.002702 1.416079 11.522026 1.373069 0.107000 -0.043010 0.107000 1.312369  -1   0  -1 
59353.715347 -11.965420 0.362111 12.882036 0.106000 12.547867 1.470278 13.215339 1.136975 0.106000 -0.333303 0.106000 1.312369  -1   2  -1 
59353.719104 -11.961663 0.362182 13.429036 0.106000 12.547867 1.470335 13.205002 1.694369 0.106000 0.224034 0.106000 1.312369  -1   2  -1 
59353.722869 -11.957898 0.362254 15.656036 0.106000 12.547867 1.470391 13.194383 3.932044 0.106000 2.461653 0.106000 1.312369  -1   2  -1 
59354.076145 -11.604622 0.368981 10.993016 0.113000 11.002702 1.474139 10.097006 2.370148 0.113000 0.896010 0.113000 1.312369  -1   0  -1 
59354.101312 -11.579455 0.369461 10.347016 0.115000 11.002702 1.474288 10.003259 1.818045 0.115000 0.343757 0.115000 1.312369  -1   0  -1 
59354.104255 -11.576512 0.369517 10.555016 0.115000 11.002702 1.474304 9.992961 2.036359 0.115000 0.562055 0.115000 1.312369  -1   0  -1 
59356.710684 -8.970083 0.419152 8.178036 0.107000 12.547867 1.401350 9.563982 0.015405 0.107000 -1.385946 0.107000 1.312369  -1   2  -1 
59356.721985 -8.958782 0.419367 8.616036 0.107000 12.547867 1.400649 9.542170 0.474516 0.107000 -0.926134 0.107000 1.312369  -1   2  -1 
59356.725745 -8.955022 0.419439 7.224036 0.107000 12.547867 1.400416 9.535533 -0.911082 0.107000 -2.311497 0.107000 1.312369  -1   2  -1 
59357.087914 -8.592853 0.426335 11.478445 0.116000 12.712780 1.376179 10.386544 2.468080 0.116000 1.091901 0.116000 1.312369  -1   3  -1 
59357.090082 -8.590685 0.426377 9.046445 0.116000 12.712780 1.376023 10.395436 0.027032 0.116000 -1.348991 0.116000 1.312369  -1   3  -1 
59357.092248 -8.588519 0.426418 11.123445 0.116000 12.712780 1.375868 10.404321 2.094992 0.116000 0.719124 0.116000 1.312369  -1   3  -1 
59358.923301 -6.757466 0.461287 9.632016 0.111000 11.002702 1.203143 9.009181 1.825978 0.111000 0.622835 0.111000 1.312369  -1   0  -1 
59358.931249 -6.749518 0.461439 9.002016 0.111000 11.002702 1.202220 8.978941 1.225295 0.111000 0.023075 0.111000 1.312369  -1   0  -1 
59358.937426 -6.743341 0.461556 9.394016 0.111000 11.002702 1.201502 8.955075 1.640443 0.111000 0.438941 0.111000 1.312369  -1   0  -1 
59358.952972 -6.727795 0.461852 11.744445 0.116000 12.712780 1.199691 10.603835 2.340300 0.116000 1.140610 0.116000 1.312369  -1   3  -1 
59358.954053 -6.726714 0.461873 9.716445 0.116000 12.712780 1.199564 10.599511 0.316498 0.116000 -0.883066 0.116000 1.312369  -1   3  -1 
59358.956208 -6.724559 0.461914 9.905445 0.116000 12.712780 1.199313 10.590870 0.513888 0.116000 -0.685425 0.116000 1.312369  -1   3  -1 
59361.683491 -3.997276 0.513850 11.014036 0.106000 12.547867 0.807398 10.577181 1.244252 0.106000 0.436855 0.106000 1.312369  -1   2  -1 
59361.687248 -3.993519 0.513922 10.757036 0.106000 12.547867 0.806772 10.565463 0.998345 0.106000 0.191573 0.106000 1.312369  -1   2  -1 
59361.691012 -3.989755 0.513993 10.074036 0.106000 12.547867 0.806145 10.553915 0.326266 0.106000 -0.479879 0.106000 1.312369  -1   2  -1 
59361.944566 -3.736201 0.518822 10.255016 0.107000 11.002702 0.763467 8.858143 2.160340 0.107000 1.396873 0.107000 1.312369  -1   0  -1 
59361.947357 -3.733410 0.518875 8.539016 0.107000 11.002702 0.762992 8.864273 0.437735 0.107000 -0.325257 0.107000 1.312369  -1   0  -1 
59361.957166 -3.723601 0.519062 9.884016 0.108000 11.002702 0.761324 8.887099 1.758241 0.108000 0.996917 0.108000 1.312369  -1   0  -1 
59362.136140 -3.544627 0.522470 11.463445 0.116000 12.712780 0.730688 11.285474 0.908658 0.116000 0.177971 0.116000 1.312369  -1   3  -1 
59362.137220 -3.543547 0.522491 11.289445 0.116000 12.712780 0.730501 11.290629 0.729317 0.116000 -0.001184 0.116000 1.312369  -1   3  -1 
59362.138308 -3.542459 0.522511 11.254445 0.116000 12.712780 0.730314 11.295827 0.688932 0.116000 -0.041382 0.116000 1.312369  -1   3  -1 
59364.917885 -0.762882 0.575444 10.797445 0.117000 12.712780 0.221188 12.982370 -1.963737 0.117000 -2.184925 0.117000 1.312369  -1   3  -1 
59364.918966 -0.761801 0.575464 13.743445 0.118000 12.712780 0.220983 12.984948 0.979480 0.118000 0.758497 0.118000 1.312369  -1   3  -1 
59364.921142 -0.759625 0.575506 12.322445 0.117000 12.712780 0.220573 12.990074 -0.447057 0.117000 -0.667629 0.117000 1.312369  -1   3  -1 
59365.067320 -0.613447 0.578289 12.372016 0.109000 11.002702 0.192980 11.408837 1.156159 0.109000 0.963179 0.109000 1.312369  -1   0  -1 
59365.069993 -0.610774 0.578340 12.389016 0.109000 11.002702 0.192475 11.407036 1.174455 0.109000 0.981980 0.109000 1.312369  -1   0  -1 
59365.075398 -0.605369 0.578443 13.155016 0.109000 11.002702 0.191455 11.402936 1.943535 0.109000 1.752080 0.109000 1.312369  -1   0  -1 
59365.648355 -0.032412 0.589354 10.628036 0.104000 12.547867 0.083488 11.039719 -0.328194 0.104000 -0.411683 0.104000 1.312369  -1   2  -1 
59365.652118 -0.028649 0.589426 11.484036 0.104000 12.547867 0.082781 11.035833 0.530984 0.104000 0.448203 0.104000 1.312369  -1   2  -1 
59365.659667 -0.021100 0.589570 10.294036 0.105000 12.547867 0.081363 11.028986 -0.653587 0.105000 -0.734950 0.105000 1.312369  -1   2  -1 
59365.941188 0.260421 0.594931 10.541016 0.109000 11.002702 0.028584 10.025762 0.543837 0.109000 0.515254 0.109000 1.312369  -1   0  -1 
59365.959824 0.279057 0.595286 9.199016 0.108000 11.002702 0.025099 10.097263 -0.873148 0.108000 -0.898247 0.108000 1.312369  -1   0  -1 
59369.761210 4.080443 0.667676 8.228036 0.106000 12.547867 -0.630106 7.982864 -0.384934 0.106000 0.245172 0.106000 1.312369  -1   2  -1 
59369.768738 4.087971 0.667820 6.325036 0.106000 12.547867 -0.631245 8.010299 -2.316508 0.106000 -1.685263 0.106000 1.312369  -1   2  -1 
59369.776263 4.095496 0.667963 7.991036 0.106000 12.547867 -0.632381 8.037940 -0.679286 0.106000 -0.046904 0.106000 1.312369  -1   2  -1 
59369.910940 4.230173 0.670528 7.933445 0.117000 12.712780 -0.652593 8.682453 -1.401601 0.117000 -0.749008 0.117000 1.312369  -1   3  -1 
59369.912028 4.231261 0.670548 8.050445 0.117000 12.712780 -0.652756 8.685848 -1.288159 0.117000 -0.635403 0.117000 1.312369  -1   3  -1 
59369.913108 4.232341 0.670569 8.183445 0.117000 12.712780 -0.652917 8.689206 -1.158677 0.117000 -0.505761 0.117000 1.312369  -1   3  -1 
59370.023276 4.342509 0.672667 6.073016 0.109000 11.002702 -0.669255 7.237742 -1.833981 0.109000 -1.164726 0.109000 1.312369  -1   0  -1 
59370.025654 4.344887 0.672712 7.180016 0.109000 11.002702 -0.669606 7.241158 -0.730749 0.109000 -0.061142 0.109000 1.312369  -1   0  -1 
59370.030553 4.349786 0.672805 6.341016 0.110000 11.002702 -0.670328 7.247871 -1.577183 0.110000 -0.906855 0.110000 1.312369  -1   0  -1 
59374.802541 9.121774 0.763680 5.596036 0.107000 12.547867 -1.189225 7.321428 -2.914617 0.107000 -1.725392 0.107000 1.312369  -1   2  -1 
59374.806302 9.125535 0.763751 5.522036 0.107000 12.547867 -1.189479 7.336250 -3.003693 0.107000 -1.814214 0.107000 1.312369  -1   2  -1 
59374.810063 9.129296 0.763823 7.333036 0.107000 12.547867 -1.189732 7.351190 -1.207886 0.107000 -0.018154 0.107000 1.312369  -1   2  -1 
59376.787767 11.107000 0.801485 6.897036 0.106000 12.547867 -1.288539 7.469649 -1.861153 0.106000 -0.572613 0.106000 1.312369  -1   2  -1 
59376.791518 11.110751 0.801556 6.839036 0.106000 12.547867 -1.288662 7.453076 -1.902702 0.106000 -0.614040 0.106000 1.312369  -1   2  -1 
59376.799035 11.118268 0.801699 4.539036 0.106000 12.547867 -1.288907 7.419801 -4.169671 0.106000 -2.880765 0.106000 1.312369  -1   2  -1 
59376.948922 11.268155 0.804554 7.490445 0.118000 12.712780 -1.293586 6.971350 -0.774491 0.118000 0.519095 0.118000 1.312369  -1   3  -1 
59376.951075 11.270308 0.804595 9.995445 0.118000 12.712780 -1.293650 6.964146 1.737649 0.118000 3.031299 0.118000 1.312369  -1   3  -1 
59376.952157 11.271390 0.804615 7.071445 0.118000 12.712780 -1.293683 6.960552 -1.182789 0.118000 0.110893 0.118000 1.312369  -1   3  -1 
59377.106321 11.425554 0.807551 4.323016 0.105000 11.002702 -1.298084 4.961825 -1.936893 0.105000 -0.638809 0.105000 1.312369  -1   0  -1 
59377.108935 11.428168 0.807601 6.659016 0.106000 11.002702 -1.298155 4.961329 0.399532 0.106000 1.697687 0.106000 1.312369  -1   0  -1 
59377.116326 11.435559 0.807742 6.710016 0.106000 11.002702 -1.298356 4.960780 0.450881 0.106000 1.749236 0.106000 1.312369  -1   0  -1 
59377.628949 11.948182 0.817504 6.412036 0.103000 12.547867 -1.309992 8.191433 -3.089388 0.103000 -1.779397 0.103000 1.312369  -1   2  -1 
59377.636479 11.955712 0.817647 8.793036 0.104000 12.547867 -1.310129 8.210487 -0.727580 0.104000 0.582549 0.104000 1.312369  -1   2  -1 
59377.640253 11.959486 0.817719 8.817036 0.104000 12.547867 -1.310198 8.219658 -0.712820 0.104000 0.597378 0.104000 1.312369  -1   2  -1 
59378.026109 12.345342 0.825067 7.354016 0.112000 11.002702 -1.315959 6.201455 -0.163398 0.112000 1.152561 0.112000 1.312369  -1   0  -1 
59378.031599 12.350832 0.825171 6.618016 0.112000 11.002702 -1.316023 6.179383 -0.877390 0.112000 0.438633 0.112000 1.312369  -1   0  -1 
59378.035635 12.354868 0.825248 4.879016 0.113000 11.002702 -1.316070 6.163062 -2.600117 0.113000 -1.284046 0.113000 1.312369  -1   0  -1 
59379.024886 13.344119 0.844087 7.645016 0.112000 11.002702 -1.319449 7.199563 -0.873996 0.112000 0.445453 0.112000 1.312369  -1   0  -1 
59379.027585 13.346818 0.844138 6.054016 0.112000 11.002702 -1.319436 7.200340 -2.465760 0.112000 -1.146324 0.112000 1.312369  -1   0  -1 
59379.734125 14.053358 0.857593 7.982036 0.106000 12.547867 -1.312173 7.262022 -0.592159 0.106000 0.720014 0.106000 1.312369  -1   2  -1 
59379.737891 14.057124 0.857665 7.372036 0.106000 12.547867 -1.312113 7.269585 -1.209662 0.106000 0.102451 0.106000 1.312369  -1   2  -1 
59379.749170 14.068403 0.857880 5.973036 0.107000 12.547867 -1.311933 7.293996 -2.632893 0.107000 -1.320960 0.107000 1.312369  -1   2  -1 
59379.927944 14.247177 0.861284 6.373016 0.111000 11.002702 -1.308811 6.409163 -1.344958 0.111000 -0.036147 0.111000 1.312369  -1   0  -1 
59379.940910 14.260143 0.861531 6.288016 0.111000 11.002702 -1.308565 6.469348 -1.489898 0.111000 -0.181332 0.111000 1.312369  -1   0  -1 
59379.943737 14.262970 0.861585 7.458016 0.111000 11.002702 -1.308511 6.482540 -0.333035 0.111000 0.975476 0.111000 1.312369  -1   0  -1 
59380.041449 14.360682 0.863446 9.142445 0.118000 12.712780 -1.306572 8.643443 -0.807571 0.118000 0.499002 0.118000 1.312369  -1   3  -1 
59380.044695 14.363928 0.863507 7.565445 0.118000 12.712780 -1.306505 8.657646 -2.398706 0.118000 -1.092201 0.118000 1.312369  -1   3  -1 
59380.045775 14.365008 0.863528 9.611445 0.118000 12.712780 -1.306483 8.662352 -0.357390 0.118000 0.949093 0.118000 1.312369  -1   3  -1 
59381.742082 16.061315 0.895831 8.717036 0.105000 12.547867 -1.249900 8.797052 -1.329917 0.105000 -0.080016 0.105000 1.312369  -1   2  -1 
59381.745840 16.065073 0.895903 8.304036 0.105000 12.547867 -1.249728 8.783782 -1.729474 0.105000 -0.479746 0.105000 1.312369  -1   2  -1 
59381.749613 16.068846 0.895975 6.563036 0.106000 12.547867 -1.249556 8.770259 -3.456778 0.106000 -2.207223 0.106000 1.312369  -1   2  -1 
59381.964035 16.283268 0.900058 6.574016 0.108000 11.002702 -1.239410 6.282754 -0.948149 0.108000 0.291262 0.108000 1.312369  -1   0  -1 
59381.966642 16.285875 0.900108 8.862016 0.108000 11.002702 -1.239283 6.271284 1.351449 0.108000 2.590732 0.108000 1.312369  -1   0  -1 
59381.969218 16.288451 0.900157 7.504016 0.108000 11.002702 -1.239157 6.260002 0.004857 0.108000 1.244014 0.108000 1.312369  -1   0  -1 
59382.115350 16.434583 0.902939 9.156445 0.114000 12.712780 -1.231864 7.467028 0.457553 0.114000 1.689417 0.114000 1.312369  -1   3  -1 
59382.116432 16.435665 0.902960 8.099445 0.114000 12.712780 -1.231809 7.464646 -0.597010 0.114000 0.634799 0.114000 1.312369  -1   3  -1 
59382.117507 16.436740 0.902980 7.782445 0.114000 12.712780 -1.231754 7.462304 -0.911613 0.114000 0.320141 0.114000 1.312369  -1   3  -1 
59383.644277 17.963510 0.932055 7.106036 0.103000 12.547867 -1.138294 6.955010 -0.987268 0.103000 0.151026 0.103000 1.312369  -1   2  -1 
59383.648053 17.967286 0.932127 6.152036 0.103000 12.547867 -1.138026 6.966704 -1.952694 0.103000 -0.814668 0.103000 1.312369  -1   2  -1 
59383.655584 17.974817 0.932270 4.102036 0.103000 12.547867 -1.137489 6.990625 -4.026078 0.103000 -2.888589 0.103000 1.312369  -1   2  -1 
59383.978595 18.297828 0.938422 8.054445 0.119000 12.712780 -1.113800 8.313578 -1.372933 0.119000 -0.259133 0.119000 1.312369  -1   3  -1 
59383.979676 18.298909 0.938442 10.057445 0.119000 12.712780 -1.113719 8.315974 0.627752 0.119000 1.741471 0.119000 1.312369  -1   3  -1 
59383.981846 18.301079 0.938484 10.101445 0.119000 12.712780 -1.113555 8.320723 0.667167 0.119000 1.780722 0.119000 1.312369  -1   3  -1 
59383.992473 18.311706 0.938686 5.816016 0.106000 11.002702 -1.112753 6.632716 -1.929453 0.106000 -0.816700 0.106000 1.312369  -1   0  -1 
59384.002278 18.321511 0.938873 5.494016 0.107000 11.002702 -1.112012 6.651292 -2.269288 0.107000 -1.157276 0.107000 1.312369  -1   0  -1 
59384.007238 18.326471 0.938967 6.542016 0.106000 11.002702 -1.111637 6.660021 -1.229641 0.106000 -0.118005 0.106000 1.312369  -1   0  -1 
59384.628010 18.947243 0.950789 7.086036 0.099000 12.547867 -1.062299 6.531686 -0.507949 0.099000 0.554350 0.099000 1.312369  -1   2  -1 
59384.631782 18.951015 0.950860 7.844036 0.100000 12.547867 -1.061985 6.521957 0.260094 0.100000 1.322079 0.100000 1.312369  -1   2  -1 
59384.635541 18.954774 0.950932 5.998036 0.100000 12.547867 -1.061672 6.512534 -1.576170 0.100000 -0.514498 0.100000 1.312369  -1   2  -1 
59385.055212 19.374445 0.958924 5.790016 0.108000 11.002702 -1.025687 5.696405 -0.932076 0.108000 0.093611 0.108000 1.312369  -1   0  -1 
59385.061472 19.380705 0.959043 5.595016 0.108000 11.002702 -1.025134 5.724058 -1.154176 0.108000 -0.129042 0.108000 1.312369  -1   0  -1 
59385.063906 19.383139 0.959090 5.283016 0.108000 11.002702 -1.024920 5.734802 -1.476706 0.108000 -0.451786 0.108000 1.312369  -1   0  -1 
59387.920967 22.240200 0.013497 6.280016 0.107000 11.002702 -0.729333 7.432278 -1.881594 0.107000 -1.152262 0.107000 1.312369  -1   0  -1 
59387.926477 22.245710 0.013602 8.525016 0.107000 11.002702 -0.728686 7.434161 0.362169 0.107000 1.090855 0.107000 1.312369  -1   0  -1 
59387.929412 22.248645 0.013658 6.352016 0.107000 11.002702 -0.728341 7.434906 -1.811231 0.107000 -1.082890 0.107000 1.312369  -1   0  -1 
59388.644350 22.963583 0.027273 8.653036 0.103000 12.547867 -0.642126 7.575466 0.435444 0.103000 1.077570 0.103000 1.312369  -1   2  -1 
59388.659397 22.978630 0.027559 7.371036 0.104000 12.547867 -0.640265 7.612989 -0.882218 0.104000 -0.241953 0.104000 1.312369  -1   2  -1 
59388.663148 22.982381 0.027631 8.175036 0.104000 12.547867 -0.639801 7.623044 -0.087809 0.104000 0.551992 0.104000 1.312369  -1   2  -1 
59388.965674 23.284907 0.033392 6.242016 0.109000 11.002702 -0.601992 7.373831 -1.733808 0.109000 -1.131815 0.109000 1.312369  -1   0  -1 
59388.967365 23.286598 0.033424 6.920445 0.117000 12.712780 -0.601779 9.091137 -2.772471 0.117000 -2.170692 0.117000 1.312369  -1   3  -1 
59388.968252 23.287485 0.033441 4.378016 0.109000 11.002702 -0.601667 7.384838 -3.608489 0.109000 -3.006822 0.109000 1.312369  -1   0  -1 
59388.968449 23.287682 0.033445 6.153445 0.117000 12.712780 -0.601642 9.095754 -3.543952 0.117000 -2.942309 0.117000 1.312369  -1   3  -1 
59388.969524 23.288757 0.033465 7.251445 0.117000 12.712780 -0.601507 9.100321 -2.450383 0.117000 -1.848876 0.117000 1.312369  -1   3  -1 
59388.970854 23.290087 0.033491 4.576016 0.109000 11.002702 -0.601339 7.395877 -3.421199 0.109000 -2.819861 0.109000 1.312369  -1   0  -1 
59389.809335 24.128568 0.049458 9.271036 0.098000 12.547867 -0.492844 7.950984 0.827208 0.098000 1.320052 0.098000 1.312369  -1   2  -1 
59389.828264 24.147497 0.049818 8.909036 0.097000 12.547867 -0.490335 7.954960 0.463741 0.097000 0.954076 0.097000 1.312369  -1   2  -1 
59389.832028 24.151261 0.049890 9.154036 0.096000 12.547867 -0.489836 7.956730 0.707470 0.096000 1.197306 0.096000 1.312369  -1   2  -1 
59389.926150 24.245383 0.051683 10.903445 0.118000 12.712780 -0.477325 8.269301 2.156819 0.118000 2.634144 0.118000 1.312369  -1   3  -1 
59389.928313 24.247546 0.051724 8.793445 0.118000 12.712780 -0.477037 8.274924 0.041485 0.118000 0.518521 0.118000 1.312369  -1   3  -1 
59389.929388 24.248621 0.051744 8.906445 0.118000 12.712780 -0.476893 8.277753 0.151799 0.118000 0.628692 0.118000 1.312369  -1   3  -1 
59389.952568 24.271801 0.052186 6.474016 0.108000 11.002702 -0.473802 6.634122 -0.633909 0.108000 -0.160106 0.108000 1.312369  -1   0  -1 
59389.957794 24.277027 0.052285 5.317016 0.108000 11.002702 -0.473105 6.650491 -1.806580 0.108000 -1.333475 0.108000 1.312369  -1   0  -1 
59389.966851 24.286084 0.052458 6.199016 0.107000 11.002702 -0.471896 6.680010 -0.952890 0.107000 -0.480994 0.107000 1.312369  -1   0  -1 
59392.835547 -25.357233 0.107087 10.331036 0.103000 12.547867 -0.065369 11.324357 -1.058690 0.103000 -0.993321 0.103000 1.312369  -1   2  -1 
59392.843066 -25.349714 0.107230 10.441036 0.103000 12.547867 -0.064255 11.353817 -0.977035 0.103000 -0.912781 0.103000 1.312369  -1   2  -1 
59392.846825 -25.345955 0.107302 9.767036 0.103000 12.547867 -0.063698 11.368220 -1.664882 0.103000 -1.601184 0.103000 1.312369  -1   2  -1 
59393.111566 -25.081214 0.112343 12.567016 0.109000 11.002702 -0.024340 10.162301 2.380375 0.109000 2.404715 0.109000 1.312369  -1   0  -1 
59393.114447 -25.078333 0.112398 11.103016 0.109000 11.002702 -0.023910 10.158314 0.920792 0.109000 0.944702 0.109000 1.312369  -1   0  -1 
59393.123097 -25.069683 0.112563 9.965016 0.109000 11.002702 -0.022621 10.145440 -0.203044 0.109000 -0.180424 0.109000 1.312369  -1   0  -1 
59397.703574 -20.489206 0.199790 12.270036 0.104000 12.547867 0.665173 10.698790 2.236419 0.104000 1.571246 0.104000 1.312369  -1   2  -1 
59397.714844 -20.477936 0.200005 11.475036 0.104000 12.547867 0.666807 10.738405 1.403438 0.104000 0.736631 0.104000 1.312369  -1   2  -1 
59397.718600 -20.474180 0.200076 11.622036 0.104000 12.547867 0.667352 10.751758 1.537629 0.104000 0.870278 0.104000 1.312369  -1   2  -1 
59397.891478 -20.301302 0.203368 10.351016 0.106000 11.002702 0.692336 9.799798 1.243555 0.106000 0.551218 0.106000 1.312369  -1   0  -1 
59397.896665 -20.296115 0.203467 10.505016 0.106000 11.002702 0.693083 9.814106 1.383993 0.106000 0.690910 0.106000 1.312369  -1   0  -1 
59397.899199 -20.293581 0.203515 10.793016 0.106000 11.002702 0.693448 9.820968 1.665496 0.106000 0.972048 0.106000 1.312369  -1   0  -1 
59398.093478 -20.099302 0.207215 9.225445 0.118000 12.712780 0.721317 11.731043 -1.784281 0.118000 -2.505598 0.118000 1.312369  -1   3  -1 
59398.094558 -20.098222 0.207236 12.796445 0.117000 12.712780 0.721471 11.730087 1.787829 0.117000 1.066358 0.117000 1.312369  -1   3  -1 
59398.096718 -20.096062 0.207277 10.478445 0.117000 12.712780 0.721780 11.728103 -0.527878 0.117000 -1.249658 0.117000 1.312369  -1   3  -1 
59401.792180 -16.400600 0.277650 10.003036 0.105000 12.547867 1.188968 10.882818 0.309186 0.105000 -0.879782 0.105000 1.312369  -1   2  -1 
59401.795940 -16.396840 0.277722 9.622036 0.106000 12.547867 1.189361 10.892687 -0.081290 0.106000 -1.270651 0.106000 1.312369  -1   2  -1 
59401.799701 -16.393079 0.277794 10.338036 0.105000 12.547867 1.189753 10.902298 0.625492 0.105000 -0.564262 0.105000 1.312369  -1   2  -1 
59401.885991 -16.306789 0.279437 9.301016 0.108000 11.002702 1.198704 9.502087 0.997633 0.108000 -0.201071 0.108000 1.312369  -1   0  -1 
59401.888644 -16.304136 0.279487 10.478016 0.107000 11.002702 1.198977 9.504158 2.172835 0.107000 0.973858 0.107000 1.312369  -1   0  -1 
59401.892602 -16.300178 0.279563 10.397016 0.107000 11.002702 1.199385 9.506978 2.089422 0.107000 0.890038 0.107000 1.312369  -1   0  -1 
59401.927059 -16.265721 0.280219 10.789000 0.120000 13.525562 1.202924 12.040716 -0.048792 0.120000 -1.251716 0.120000 1.312369  -1   1  -1 
59401.927765 -16.265015 0.280232 11.705000 0.120000 13.525562 1.202996 12.040683 0.867313 0.120000 -0.335683 0.120000 1.312369  -1   1  -1 
59401.929177 -16.263603 0.280259 11.050000 0.120000 13.525562 1.203141 12.040587 0.212554 0.120000 -0.990587 0.120000 1.312369  -1   1  -1 
59401.992049 -16.200731 0.281457 12.236445 0.121000 12.712780 1.209549 11.182952 2.263042 0.121000 1.053493 0.121000 1.312369  -1   3  -1 
59401.994207 -16.198573 0.281498 12.383445 0.122000 12.712780 1.209768 11.180046 2.413167 0.122000 1.203399 0.122000 1.312369  -1   3  -1 
59401.995280 -16.197500 0.281518 11.654445 0.122000 12.712780 1.209877 11.178568 1.685754 0.122000 0.475877 0.122000 1.312369  -1   3  -1 
59402.794210 -15.398570 0.296732 10.546036 0.105000 12.547867 1.285741 10.408270 1.423507 0.105000 0.137766 0.105000 1.312369  -1   2  -1 
59402.797974 -15.394806 0.296804 9.392036 0.105000 12.547867 1.286073 10.426557 0.251552 0.105000 -1.034521 0.105000 1.312369  -1   2  -1 
59402.801729 -15.391051 0.296876 10.372036 0.105000 12.547867 1.286404 10.444873 1.213566 0.105000 -0.072837 0.105000 1.312369  -1   2  -1 
59402.966503 -15.226277 0.300013 11.189000 0.117000 13.525562 1.300684 12.211312 0.278372 0.117000 -1.022312 0.117000 1.312369  -1   1  -1 
59402.968621 -15.224159 0.300054 14.018000 0.117000 13.525562 1.300865 12.220222 3.098643 0.117000 1.797778 0.117000 1.312369  -1   1  -1 
59402.969327 -15.223453 0.300067 13.132000 0.117000 13.525562 1.300925 12.223180 2.209745 0.117000 0.908820 0.117000 1.312369  -1   1  -1 
59402.970612 -15.222168 0.300092 11.095445 0.117000 12.712780 1.301034 11.415765 0.980714 0.117000 -0.320320 0.117000 1.312369  -1   3  -1 
59402.971692 -15.221088 0.300112 13.128445 0.117000 12.712780 1.301126 11.420261 3.009310 0.117000 1.708184 0.117000 1.312369  -1   3  -1 
59402.972765 -15.220015 0.300133 12.770445 0.117000 12.712780 1.301218 11.424713 2.646950 0.117000 1.345732 0.117000 1.312369  -1   3  -1 
59403.889282 -14.303498 0.317586 10.672000 0.121000 13.525562 1.371385 11.366883 0.676502 0.121000 -0.694883 0.121000 1.312369  -1   1  -1 
59403.890693 -14.302087 0.317613 11.039000 0.121000 13.525562 1.371480 11.370050 1.040430 0.121000 -0.331050 0.121000 1.312369  -1   1  -1 
59403.891398 -14.301382 0.317626 10.586000 0.121000 13.525562 1.371528 11.371648 0.585879 0.121000 -0.785648 0.121000 1.312369  -1   1  -1 
59403.992215 -14.200565 0.319546 8.990016 0.107000 11.002702 1.378245 9.171906 1.196356 0.107000 -0.181890 0.107000 1.312369  -1   0  -1 
59404.001960 -14.190820 0.319732 9.910016 0.108000 11.002702 1.378884 9.211563 2.077336 0.108000 0.698453 0.108000 1.312369  -1   0  -1 
59404.004362 -14.188418 0.319778 9.362016 0.108000 11.002702 1.379041 9.221518 1.519539 0.108000 0.140498 0.108000 1.312369  -1   0  -1 
59404.084675 -14.108105 0.321307 10.388445 0.117000 12.712780 1.384225 11.294796 0.477874 0.117000 -0.906351 0.117000 1.312369  -1   3  -1 
59404.085749 -14.107031 0.321327 12.446445 0.117000 12.712780 1.384293 11.299922 2.530816 0.117000 1.146523 0.117000 1.312369  -1   3  -1 
59404.086835 -14.105945 0.321348 11.398445 0.117000 12.712780 1.384362 11.305109 1.477699 0.117000 0.093336 0.117000 1.312369  -1   3  -1 
59405.737353 -12.455427 0.352779 13.281036 0.105000 12.547867 1.459936 12.545081 2.195891 0.105000 0.735955 0.105000 1.312369  -1   2  -1 
59405.748644 -12.444136 0.352994 13.121036 0.104000 12.547867 1.460239 12.538804 2.042471 0.104000 0.582232 0.104000 1.312369  -1   2  -1 
59405.756176 -12.436604 0.353138 12.271036 0.105000 12.547867 1.460440 12.533146 1.198329 0.105000 -0.262110 0.105000 1.312369  -1   2  -1 
59405.855588 -12.337192 0.355031 13.100000 0.119000 13.525562 1.462961 13.331634 1.231327 0.119000 -0.231634 0.119000 1.312369  -1   1  -1 
59405.857000 -12.335780 0.355058 13.186000 0.119000 13.525562 1.462995 13.327791 1.321204 0.119000 -0.141791 0.119000 1.312369  -1   1  -1 
59405.857706 -12.335074 0.355071 13.044000 0.120000 13.525562 1.463012 13.325857 1.181155 0.120000 -0.281857 0.120000 1.312369  -1   1  -1 
59406.106963 -12.085817 0.359818 13.801445 0.114000 12.712780 1.468276 11.526042 3.743679 0.114000 2.275403 0.114000 1.312369  -1   3  -1 
59406.108044 -12.084736 0.359839 12.581445 0.114000 12.712780 1.468295 11.521522 2.528218 0.114000 1.059923 0.114000 1.312369  -1   3  -1 
59406.109128 -12.083652 0.359859 12.133445 0.114000 12.712780 1.468315 11.516998 2.084762 0.114000 0.616447 0.114000 1.312369  -1   3  -1 
59407.864238 -10.328542 0.393282 14.678000 0.122000 13.525562 1.461368 12.095070 4.044297 0.122000 2.582930 0.122000 1.312369  -1   1  -1 
59407.866356 -10.326424 0.393323 12.817000 0.122000 13.525562 1.461312 12.103455 2.174857 0.122000 0.713545 0.122000 1.312369  -1   1  -1 
59407.867063 -10.325717 0.393336 12.694000 0.122000 13.525562 1.461293 12.106261 2.049032 0.122000 0.587739 0.122000 1.312369  -1   1  -1 
59408.161045 -10.031735 0.398934 10.715016 0.108000 11.002702 1.452367 10.598346 1.569037 0.108000 0.116670 0.108000 1.312369  -1   0  -1 
59408.163430 -10.029350 0.398980 10.337016 0.108000 11.002702 1.452285 10.602188 1.187113 0.108000 -0.265172 0.108000 1.312369  -1   0  -1 
59408.165807 -10.026973 0.399025 9.894016 0.108000 11.002702 1.452204 10.605909 0.740311 0.108000 -0.711893 0.108000 1.312369  -1   0  -1 
59411.082909 -7.109871 0.454576 10.267445 0.119000 12.712780 1.242623 10.772762 0.737306 0.119000 -0.505317 0.119000 1.312369  -1   3  -1 
59411.083984 -7.108796 0.454597 12.253445 0.119000 12.712780 1.242507 10.767910 2.728042 0.119000 1.485535 0.119000 1.312369  -1   3  -1 
59411.085060 -7.107720 0.454617 9.185445 0.119000 12.712780 1.242391 10.763048 -0.335213 0.119000 -1.577603 0.119000 1.312369  -1   3  -1 
59411.109436 -7.083344 0.455081 10.787016 0.107000 11.002702 1.239750 8.941827 3.084939 0.107000 1.845189 0.107000 1.312369  -1   0  -1 
59411.114634 -7.078146 0.455180 8.018016 0.107000 11.002702 1.239186 8.917959 0.339243 0.107000 -0.899943 0.107000 1.312369  -1   0  -1 
59411.121738 -7.071042 0.455316 8.342016 0.108000 11.002702 1.238413 8.885299 0.695129 0.108000 -0.543283 0.108000 1.312369  -1   0  -1 
59418.956092 0.763312 0.604507 5.977016 0.107000 11.002702 -0.064937 6.848159 -0.936080 0.107000 -0.871143 0.107000 1.312369  -1   0  -1 
59418.958787 0.766007 0.604559 6.395016 0.107000 11.002702 -0.065435 6.840651 -0.511070 0.107000 -0.445635 0.107000 1.312369  -1   0  -1 
59418.965560 0.772780 0.604688 6.673016 0.107000 11.002702 -0.066686 6.822426 -0.216096 0.107000 -0.149410 0.107000 1.312369  -1   0  -1 
59418.981323 0.788543 0.604988 7.893445 0.107000 12.712780 -0.069597 8.493738 -0.669890 0.107000 -0.600293 0.107000 1.312369  -1   3  -1 
59418.982407 0.789627 0.605008 8.979445 0.107000 12.712780 -0.069797 8.491264 0.418384 0.107000 0.488181 0.107000 1.312369  -1   3  -1 
59418.983485 0.790705 0.605029 8.108445 0.107000 12.712780 -0.069996 8.488828 -0.450380 0.107000 -0.380383 0.107000 1.312369  -1   3  -1 
59419.756507 1.563727 0.619750 11.061036 0.103000 12.547867 -0.210827 9.722013 1.128196 0.103000 1.339023 0.103000 1.312369  -1   2  -1 
59419.775306 1.582526 0.620108 12.721036 0.103000 12.547867 -0.214199 9.691686 2.815151 0.103000 3.029350 0.103000 1.312369  -1   2  -1 
59419.779068 1.586288 0.620179 13.350036 0.103000 12.547867 -0.214873 9.684815 3.450348 0.103000 3.665221 0.103000 1.312369  -1   2  -1 
59419.947893 1.755113 0.623394 7.333016 0.111000 11.002702 -0.245019 7.603616 -0.515619 0.111000 -0.270600 0.111000 1.312369  -1   0  -1 
59419.986504 1.793724 0.624130 5.470016 0.111000 11.002702 -0.251880 7.438787 -2.220651 0.111000 -1.968771 0.111000 1.312369  -1   0  -1 
59419.990052 1.797272 0.624197 5.020016 0.111000 11.002702 -0.252510 7.423318 -2.655812 0.111000 -2.403302 0.111000 1.312369  -1   0  -1 
59420.037408 1.844628 0.625099 6.331445 0.104000 12.712780 -0.260906 8.925452 -2.854913 0.104000 -2.594007 0.104000 1.312369  -1   3  -1 
59420.038492 1.845712 0.625120 6.759445 0.104000 12.712780 -0.261098 8.920708 -2.422361 0.104000 -2.161263 0.104000 1.312369  -1   3  -1 
59420.040662 1.847882 0.625161 9.441445 0.104000 12.712780 -0.261482 8.911220 0.268742 0.104000 0.530225 0.104000 1.312369  -1   3  -1 
59420.700637 2.507857 0.637729 11.222036 0.104000 12.547867 -0.376294 9.250383 1.595359 0.104000 1.971653 0.104000 1.312369  -1   2  -1 
59420.708153 2.515373 0.637872 12.511036 0.104000 12.547867 -0.377576 9.285334 2.848126 0.104000 3.225702 0.104000 1.312369  -1   2  -1 
59420.715676 2.522896 0.638016 9.715036 0.104000 12.547867 -0.378859 9.319942 0.016235 0.104000 0.395094 0.104000 1.312369  -1   2  -1 
59420.873617 2.680837 0.641023 11.323000 0.133000 13.525562 -0.405657 10.872624 0.044720 0.133000 0.450376 0.133000 1.312369  -1   1  -1 
59420.874323 2.681543 0.641037 10.582000 0.133000 13.525562 -0.405776 10.874323 -0.698099 0.133000 -0.292323 0.133000 1.312369  -1   1  -1 
59420.875735 2.682955 0.641064 13.235000 0.133000 13.525562 -0.406014 10.877695 1.951291 0.133000 2.357305 0.133000 1.312369  -1   1  -1 
59420.988150 2.795370 0.643204 11.459445 0.109000 12.712780 -0.424918 10.208466 0.826061 0.109000 1.250979 0.109000 1.312369  -1   3  -1 
59420.990293 2.797513 0.643245 8.740445 0.109000 12.712780 -0.425277 10.208741 -1.893573 0.109000 -1.468296 0.109000 1.312369  -1   3  -1 
59420.991383 2.798603 0.643266 9.562445 0.109000 12.712780 -0.425459 10.208846 -1.071860 0.109000 -0.646401 0.109000 1.312369  -1   3  -1 
59421.112099 2.919319 0.645565 4.962016 0.109000 11.002702 -0.445596 8.370052 -3.853632 0.109000 -3.408036 0.109000 1.312369  -1   0  -1 
59421.130285 2.937505 0.645911 6.401016 0.109000 11.002702 -0.448615 8.328878 -2.376478 0.109000 -1.927862 0.109000 1.312369  -1   0  -1 
59421.136709 2.943929 0.646033 5.004016 0.109000 11.002702 -0.449681 8.313178 -3.758843 0.109000 -3.309162 0.109000 1.312369  -1   0  -1 
59422.687448 4.494668 0.675565 11.492036 0.105000 12.547867 -0.691534 10.266553 0.533949 0.105000 1.225483 0.105000 1.312369  -1   2  -1 
59422.694983 4.502203 0.675708 12.344036 0.105000 12.547867 -0.692628 10.248176 1.403232 0.105000 2.095860 0.105000 1.312369  -1   2  -1 
59422.702516 4.509736 0.675851 10.777036 0.105000 12.547867 -0.693722 10.230570 -0.147256 0.105000 0.546466 0.105000 1.312369  -1   2  -1 
59422.871553 4.678773 0.679070 10.382000 0.132000 13.525562 -0.718036 11.082934 -1.418970 0.132000 -0.700934 0.132000 1.312369  -1   1  -1 
59422.873670 4.680890 0.679111 9.373000 0.132000 13.525562 -0.718338 11.085199 -2.430536 0.132000 -1.712199 0.132000 1.312369  -1   1  -1 
59422.874376 4.681596 0.679124 10.685000 0.132000 13.525562 -0.718438 11.085976 -1.119414 0.132000 -0.400976 0.132000 1.312369  -1   1  -1 
59423.678423 5.485643 0.694436 12.215036 0.105000 12.547867 -0.828100 12.369871 -0.982935 0.105000 -0.154835 0.105000 1.312369  -1   2  -1 
59423.685999 5.493219 0.694580 12.980036 0.105000 12.547867 -0.829085 12.351104 -0.200153 0.105000 0.628932 0.105000 1.312369  -1   2  -1 
59423.689751 5.496971 0.694652 12.776036 0.105000 12.547867 -0.829573 12.341499 -0.395036 0.105000 0.434537 0.105000 1.312369  -1   2  -1 
