# time Tc_folded Tref_folded value value_err offset model full_model val_compare val_compare_err residuals residuals_err jitter jitter_flag offset_flag subset_flag 
59334.700184 0.000000 0.000000 -54.716667 0.950000 -49.928921 -1.358637 -51.287558 -4.787746 0.950000 -3.429109 0.950000 1.868113  -1   2  -1 
59334.703954 0.000000 0.000000 -53.866667 0.950000 -49.928921 -1.358788 -51.287708 -3.937746 0.950000 -2.578959 0.950000 1.868113  -1   2  -1 
59334.711459 0.000000 0.000000 -54.216667 0.950000 -49.928921 -1.359081 -51.288001 -4.287746 0.950000 -2.928666 0.950000 1.868113  -1   2  -1 
59334.934601 0.000000 0.000000 -59.983333 0.950000 -57.799522 -1.363349 -59.162871 -2.183811 0.950000 -0.820462 0.950000 1.868113  -1   3  -1 
59334.935678 0.000000 0.000000 -60.633333 0.950000 -57.799522 -1.363348 -59.162870 -2.833811 0.950000 -1.470463 0.950000 1.868113  -1   3  -1 
59334.936754 0.000000 0.000000 -59.216667 0.950000 -57.799522 -1.363347 -59.162869 -1.417145 0.950000 -0.053798 0.950000 1.868113  -1   3  -1 
59336.069824 0.000000 0.000000 -61.100000 0.950000 -57.799522 -1.235183 -59.034705 -3.300478 0.950000 -2.065295 0.950000 1.868113  -1   3  -1 
59336.071983 0.000000 0.000000 -60.883333 0.950000 -57.799522 -1.234693 -59.034215 -3.083811 0.950000 -1.849118 0.950000 1.868113  -1   3  -1 
59336.073065 0.000000 0.000000 -56.733333 0.950000 -57.799522 -1.234447 -59.033969 1.066189 0.950000 2.300636 0.950000 1.868113  -1   3  -1 
59336.087932 0.000000 0.000000 -73.800000 0.950000 -72.393292 -1.231047 -73.624339 -1.406708 0.950000 -0.175661 0.950000 1.868113  -1   0  -1 
59336.113567 0.000000 0.000000 -74.433333 0.950000 -72.393292 -1.225086 -73.618378 -2.040041 0.950000 -0.814955 0.950000 1.868113  -1   0  -1 
59336.116529 0.000000 0.000000 -72.733333 0.950000 -72.393292 -1.224389 -73.617681 -0.340041 0.950000 0.884348 0.950000 1.868113  -1   0  -1 
59337.794690 0.000000 0.000000 -49.966667 0.950000 -49.928921 -0.651658 -50.580578 -0.037746 0.950000 0.613911 0.950000 1.868113  -1   2  -1 
59337.802213 0.000000 0.000000 -50.250000 0.950000 -49.928921 -0.648818 -50.577738 -0.321079 0.950000 0.327738 0.950000 1.868113  -1   2  -1 
59337.805964 0.000000 0.000000 -52.816667 0.950000 -49.928921 -0.647403 -50.576323 -2.887746 0.950000 -2.240344 0.950000 1.868113  -1   2  -1 
59338.101617 0.000000 0.000000 -73.116667 0.950000 -72.393292 -0.539106 -72.932399 -0.723375 0.950000 -0.184268 0.950000 1.868113  -1   0  -1 
59338.106766 0.000000 0.000000 -76.166667 0.950000 -72.393292 -0.537291 -72.930583 -3.773375 0.950000 -3.236084 0.950000 1.868113  -1   0  -1 
59338.111894 0.000000 0.000000 -72.666667 0.950000 -72.393292 -0.535486 -72.928778 -0.273375 0.950000 0.262111 0.950000 1.868113  -1   0  -1 
59340.098120 0.000000 0.000000 -60.116667 0.950000 -57.799522 -0.220996 -58.020518 -2.317145 0.950000 -2.096149 0.950000 1.868113  -1   3  -1 
59340.099194 0.000000 0.000000 -59.983333 0.950000 -57.799522 -0.221081 -58.020603 -2.183811 0.950000 -1.962730 0.950000 1.868113  -1   3  -1 
59340.101354 0.000000 0.000000 -60.550000 0.950000 -57.799522 -0.221253 -58.020775 -2.750478 0.950000 -2.529225 0.950000 1.868113  -1   3  -1 
59340.125153 0.000000 0.000000 -70.300000 0.950000 -72.393292 -0.223217 -72.616509 2.093292 0.950000 2.316509 0.950000 1.868113  -1   0  -1 
59340.134329 0.000000 0.000000 -72.866667 0.950000 -72.393292 -0.224010 -72.617302 -0.473375 0.950000 -0.249365 0.950000 1.868113  -1   0  -1 
59340.148161 0.000000 0.000000 -68.533333 0.950000 -72.393292 -0.225242 -72.618534 3.859959 0.950000 4.085201 0.950000 1.868113  -1   0  -1 
59341.954385 0.000000 0.000000 -59.533333 0.950000 -57.799522 -0.631573 -58.431095 -1.733811 0.950000 -1.102238 0.950000 1.868113  -1   3  -1 
59341.957620 0.000000 0.000000 -59.716667 0.950000 -57.799522 -0.632433 -58.431955 -1.917145 0.950000 -1.284712 0.950000 1.868113  -1   3  -1 
59341.958695 0.000000 0.000000 -55.016667 0.950000 -57.799522 -0.632719 -58.432241 2.782855 0.950000 3.415574 0.950000 1.868113  -1   3  -1 
59341.996746 0.000000 0.000000 -71.316667 0.950000 -72.393292 -0.642778 -73.036071 1.076625 0.950000 1.719404 0.950000 1.868113  -1   0  -1 
59342.000684 0.000000 0.000000 -72.216667 0.950000 -72.393292 -0.643814 -73.037106 0.176625 0.950000 0.820439 0.950000 1.868113  -1   0  -1 
59343.674792 0.000000 0.000000 -53.333333 0.950000 -49.928921 -0.877443 -50.806364 -3.404412 0.950000 -2.526969 0.950000 1.868113  -1   2  -1 
59343.682301 0.000000 0.000000 -51.850000 0.950000 -49.928921 -0.877299 -50.806220 -1.921079 0.950000 -1.043780 0.950000 1.868113  -1   2  -1 
59343.689815 0.000000 0.000000 -50.800000 0.950000 -49.928921 -0.877144 -50.806065 -0.871079 0.950000 0.006065 0.950000 1.868113  -1   2  -1 
59344.038460 0.000000 0.000000 -77.833333 0.950000 -72.393292 -0.858421 -73.251713 -5.440041 0.950000 -4.581620 0.950000 1.868113  -1   0  -1 
59344.047124 0.000000 0.000000 -75.633333 0.950000 -72.393292 -0.857684 -73.250976 -3.240041 0.950000 -2.382357 0.950000 1.868113  -1   0  -1 
59344.054785 0.000000 0.000000 -73.050000 0.950000 -72.393292 -0.857022 -73.250315 -0.656708 0.950000 0.200315 0.950000 1.868113  -1   0  -1 
59344.090520 0.000000 0.000000 -59.566667 0.950000 -57.799522 -0.853811 -58.653333 -1.767145 0.950000 -0.913334 0.950000 1.868113  -1   3  -1 
59344.093753 0.000000 0.000000 -57.016667 0.950000 -57.799522 -0.853510 -58.653032 0.782855 0.950000 1.636365 0.950000 1.868113  -1   3  -1 
59344.094826 0.000000 0.000000 -55.883333 0.950000 -57.799522 -0.853410 -58.652932 1.916189 0.950000 2.769599 0.950000 1.868113  -1   3  -1 
59345.052239 0.000000 0.000000 -71.833333 0.950000 -72.393292 -0.712744 -73.106036 0.559959 0.950000 1.272703 0.950000 1.868113  -1   0  -1 
59345.054836 0.000000 0.000000 -71.700000 0.950000 -72.393292 -0.712289 -73.105582 0.693292 0.950000 1.405582 0.950000 1.868113  -1   0  -1 
59345.062635 0.000000 0.000000 -71.133333 0.950000 -72.393292 -0.710924 -73.104216 1.259959 0.950000 1.970883 0.950000 1.868113  -1   0  -1 
59348.691508 0.000000 0.000000 -48.633333 0.950000 -49.928921 -1.075289 -51.004210 1.295588 0.950000 2.370877 0.950000 1.868113  -1   2  -1 
59348.699020 0.000000 0.000000 -49.933333 0.950000 -49.928921 -1.078210 -51.007131 -0.004412 0.950000 1.073798 0.950000 1.868113  -1   2  -1 
59348.702790 0.000000 0.000000 -55.850000 0.950000 -49.928921 -1.079676 -51.008597 -5.921079 0.950000 -4.841403 0.950000 1.868113  -1   2  -1 
59349.021951 0.000000 0.000000 -74.950000 0.950000 -72.393292 -1.202979 -73.596272 -2.556708 0.950000 -1.353728 0.950000 1.868113  -1   0  -1 
59349.026999 0.000000 0.000000 -73.216667 0.950000 -72.393292 -1.204897 -73.598189 -0.823375 0.950000 0.381522 0.950000 1.868113  -1   0  -1 
59349.032064 0.000000 0.000000 -72.666667 0.950000 -72.393292 -1.206820 -73.600112 -0.273375 0.950000 0.933445 0.950000 1.868113  -1   0  -1 
59350.089948 0.000000 0.000000 -72.450000 0.950000 -72.393292 -1.531124 -73.924416 -0.056708 0.950000 1.474416 0.950000 1.868113  -1   0  -1 
59350.092419 0.000000 0.000000 -71.983333 0.950000 -72.393292 -1.531616 -73.924908 0.409959 0.950000 1.941575 0.950000 1.868113  -1   0  -1 
59350.106715 0.000000 0.000000 -74.616667 0.950000 -72.393292 -1.534434 -73.927726 -2.223375 0.950000 -0.688941 0.950000 1.868113  -1   0  -1 
59350.920251 0.000000 0.000000 -71.933333 0.950000 -72.393292 -1.600482 -73.993774 0.459959 0.950000 2.060441 0.950000 1.868113  -1   0  -1 
59351.708087 0.000000 0.000000 -55.500000 0.950000 -49.928921 -1.484875 -51.413796 -5.571079 0.950000 -4.086204 0.950000 1.868113  -1   2  -1 
59351.715613 0.000000 0.000000 -55.816667 0.950000 -49.928921 -1.483024 -51.411944 -5.887746 0.950000 -4.404723 0.950000 1.868113  -1   2  -1 
59351.726880 0.000000 0.000000 -51.000000 0.950000 -49.928921 -1.480229 -51.409149 -1.071079 0.950000 0.409149 0.950000 1.868113  -1   2  -1 
59352.098517 0.000000 0.000000 -71.966667 0.950000 -72.393292 -1.374497 -73.767789 0.426625 0.950000 1.801122 0.950000 1.868113  -1   0  -1 
59352.108322 0.000000 0.000000 -72.800000 0.950000 -72.393292 -1.371397 -73.764690 -0.406708 0.950000 0.964690 0.950000 1.868113  -1   0  -1 
59352.122068 0.000000 0.000000 -72.483333 0.950000 -72.393292 -1.367030 -73.760322 -0.090041 0.950000 1.276989 0.950000 1.868113  -1   0  -1 
59353.715347 0.000000 0.000000 -52.500000 0.950000 -49.928921 -0.839841 -50.768762 -2.571079 0.950000 -1.731238 0.950000 1.868113  -1   2  -1 
59353.719104 0.000000 0.000000 -51.050000 0.950000 -49.928921 -0.838914 -50.767835 -1.121079 0.950000 -0.282165 0.950000 1.868113  -1   2  -1 
59353.722869 0.000000 0.000000 -48.066667 0.950000 -49.928921 -0.837988 -50.766908 1.862254 0.950000 2.700241 0.950000 1.868113  -1   2  -1 
59354.076145 0.000000 0.000000 -71.883333 0.950000 -72.393292 -0.765875 -73.159167 0.509959 0.950000 1.275834 0.950000 1.868113  -1   0  -1 
59354.101312 0.000000 0.000000 -72.616667 0.950000 -72.393292 -0.761941 -73.155234 -0.223375 0.950000 0.538567 0.950000 1.868113  -1   0  -1 
59354.104255 0.000000 0.000000 -73.250000 0.950000 -72.393292 -0.761493 -73.154785 -0.856708 0.950000 -0.095215 0.950000 1.868113  -1   0  -1 
59356.710684 0.000000 0.000000 -49.516667 0.950000 -49.928921 -1.297673 -51.226594 0.412254 0.950000 1.709927 0.950000 1.868113  -1   2  -1 
59356.721985 0.000000 0.000000 -52.666667 0.950000 -49.928921 -1.302874 -51.231795 -2.737746 0.950000 -1.434872 0.950000 1.868113  -1   2  -1 
59356.725745 0.000000 0.000000 -51.733333 0.950000 -49.928921 -1.304606 -51.233526 -1.804412 0.950000 -0.499807 0.950000 1.868113  -1   2  -1 
59357.087914 0.000000 0.000000 -60.000000 0.950000 -57.799522 -1.473233 -59.272755 -2.200478 0.950000 -0.727245 0.950000 1.868113  -1   3  -1 
59357.090082 0.000000 0.000000 -60.383333 0.950000 -57.799522 -1.474244 -59.273766 -2.583811 0.950000 -1.109567 0.950000 1.868113  -1   3  -1 
59357.092248 0.000000 0.000000 -62.016667 0.950000 -57.799522 -1.475254 -59.274776 -4.217145 0.950000 -2.741891 0.950000 1.868113  -1   3  -1 
59358.923301 0.000000 0.000000 -73.616667 0.950000 -72.393292 -2.144156 -74.537449 -1.223375 0.950000 0.920782 0.950000 1.868113  -1   0  -1 
59358.931249 0.000000 0.000000 -73.250000 0.950000 -72.393292 -2.145810 -74.539102 -0.856708 0.950000 1.289102 0.950000 1.868113  -1   0  -1 
59358.937426 0.000000 0.000000 -73.483333 0.950000 -72.393292 -2.147087 -74.540379 -1.090041 0.950000 1.057046 0.950000 1.868113  -1   0  -1 
59358.952972 0.000000 0.000000 -62.200000 0.950000 -57.799522 -2.150266 -59.949788 -4.400478 0.950000 -2.250212 0.950000 1.868113  -1   3  -1 
59358.954053 0.000000 0.000000 -59.366667 0.950000 -57.799522 -2.150485 -59.950007 -1.567145 0.950000 0.583340 0.950000 1.868113  -1   3  -1 
59358.956208 0.000000 0.000000 -59.716667 0.950000 -57.799522 -2.150922 -59.950444 -1.917145 0.950000 0.233777 0.950000 1.868113  -1   3  -1 
59361.683491 0.000000 0.000000 -50.250000 0.950000 -49.928921 -2.166194 -52.095114 -0.321079 0.950000 1.845114 0.950000 1.868113  -1   2  -1 
59361.687248 0.000000 0.000000 -56.883333 0.950000 -49.928921 -2.165827 -52.094748 -6.954412 0.950000 -4.788585 0.950000 1.868113  -1   2  -1 
59361.691012 0.000000 0.000000 -50.800000 0.950000 -49.928921 -2.165459 -52.094380 -0.871079 0.950000 1.294380 0.950000 1.868113  -1   2  -1 
59361.944566 0.000000 0.000000 -79.083333 0.950000 -72.393292 -2.140124 -74.533417 -6.690041 0.950000 -4.549916 0.950000 1.868113  -1   0  -1 
59361.947357 0.000000 0.000000 -74.766667 0.950000 -72.393292 -2.139840 -74.533132 -2.373375 0.950000 -0.233535 0.950000 1.868113  -1   0  -1 
59361.957166 0.000000 0.000000 -74.333333 0.950000 -72.393292 -2.138839 -74.532131 -1.940041 0.950000 0.198798 0.950000 1.868113  -1   0  -1 
59362.136140 0.000000 0.000000 -60.316667 0.950000 -57.799522 -2.120336 -59.919858 -2.517145 0.950000 -0.396809 0.950000 1.868113  -1   3  -1 
59362.137220 0.000000 0.000000 -59.983333 0.950000 -57.799522 -2.120223 -59.919745 -2.183811 0.950000 -0.063588 0.950000 1.868113  -1   3  -1 
59362.138308 0.000000 0.000000 -59.283333 0.950000 -57.799522 -2.120109 -59.919631 -1.483811 0.950000 0.636298 0.950000 1.868113  -1   3  -1 
59364.917885 0.000000 0.000000 -60.483333 0.950000 -57.799522 -1.663758 -59.463280 -2.683811 0.950000 -1.020053 0.950000 1.868113  -1   3  -1 
59364.918966 0.000000 0.000000 -64.483333 0.950000 -57.799522 -1.663478 -59.463000 -6.683811 0.950000 -5.020333 0.950000 1.868113  -1   3  -1 
59364.921142 0.000000 0.000000 -61.950000 0.950000 -57.799522 -1.662913 -59.462435 -4.150478 0.950000 -2.487565 0.950000 1.868113  -1   3  -1 
59365.067320 0.000000 0.000000 -76.000000 0.950000 -72.393292 -1.624254 -74.017546 -3.606708 0.950000 -1.982454 0.950000 1.868113  -1   0  -1 
59365.069993 0.000000 0.000000 -75.566667 0.950000 -72.393292 -1.623534 -74.016827 -3.173375 0.950000 -1.549840 0.950000 1.868113  -1   0  -1 
59365.075398 0.000000 0.000000 -73.750000 0.950000 -72.393292 -1.622079 -74.015371 -1.356708 0.950000 0.265371 0.950000 1.868113  -1   0  -1 
59365.648355 0.000000 0.000000 -53.250000 0.950000 -49.928921 -1.460802 -51.389723 -3.321079 0.950000 -1.860277 0.950000 1.868113  -1   2  -1 
59365.652118 0.000000 0.000000 -49.583333 0.950000 -49.928921 -1.459717 -51.388637 0.345588 0.950000 1.805304 0.950000 1.868113  -1   2  -1 
59365.659667 0.000000 0.000000 -50.516667 0.950000 -49.928921 -1.457539 -51.386460 -0.587746 0.950000 0.869793 0.950000 1.868113  -1   2  -1 
59365.941188 0.000000 0.000000 -72.800000 0.950000 -72.393292 -1.376675 -73.769967 -0.406708 0.950000 0.969967 0.950000 1.868113  -1   0  -1 
59365.959824 0.000000 0.000000 -71.450000 0.950000 -72.393292 -1.371382 -73.764674 0.943292 0.950000 2.314674 0.950000 1.868113  -1   0  -1 
59369.761210 0.000000 0.000000 -51.666667 0.950000 -49.928921 -1.636090 -51.565010 -1.737746 0.950000 -0.101657 0.950000 1.868113  -1   2  -1 
59369.768738 0.000000 0.000000 -48.800000 0.950000 -49.928921 -1.640032 -51.568953 1.128921 0.950000 2.768953 0.950000 1.868113  -1   2  -1 
59369.776263 0.000000 0.000000 -49.616667 0.950000 -49.928921 -1.643981 -51.572902 0.312254 0.950000 1.956235 0.950000 1.868113  -1   2  -1 
59369.910940 0.000000 0.000000 -58.650000 0.950000 -57.799522 -1.715978 -59.515500 -0.850478 0.950000 0.865500 0.950000 1.868113  -1   3  -1 
59369.912028 0.000000 0.000000 -61.266667 0.950000 -57.799522 -1.716569 -59.516091 -3.467145 0.950000 -1.750576 0.950000 1.868113  -1   3  -1 
59369.913108 0.000000 0.000000 -60.633333 0.950000 -57.799522 -1.717156 -59.516678 -2.833811 0.950000 -1.116655 0.950000 1.868113  -1   3  -1 
59370.023276 0.000000 0.000000 -73.100000 0.950000 -72.393292 -1.777706 -74.170999 -0.706708 0.950000 1.070999 0.950000 1.868113  -1   0  -1 
59370.025654 0.000000 0.000000 -72.283333 0.950000 -72.393292 -1.779027 -74.172319 0.109959 0.950000 1.888986 0.950000 1.868113  -1   0  -1 
59370.030553 0.000000 0.000000 -75.700000 0.950000 -72.393292 -1.781750 -74.175042 -3.306708 0.950000 -1.524958 0.950000 1.868113  -1   0  -1 
59374.802541 0.000000 0.000000 -55.016667 0.950000 -49.928921 -2.899130 -52.828050 -5.087746 0.950000 -2.188617 0.950000 1.868113  -1   2  -1 
59374.806302 0.000000 0.000000 -54.700000 0.950000 -49.928921 -2.898547 -52.827468 -4.771079 0.950000 -1.872532 0.950000 1.868113  -1   2  -1 
59374.810063 0.000000 0.000000 -54.816667 0.950000 -49.928921 -2.897965 -52.826885 -4.887746 0.950000 -1.989782 0.950000 1.868113  -1   2  -1 
59376.787767 0.000000 0.000000 -50.866667 0.950000 -49.928921 -2.752937 -52.681857 -0.937746 0.950000 1.815190 0.950000 1.868113  -1   2  -1 
59376.791518 0.000000 0.000000 -51.600000 0.950000 -49.928921 -2.753110 -52.682030 -1.671079 0.950000 1.082030 0.950000 1.868113  -1   2  -1 
59376.799035 0.000000 0.000000 -52.550000 0.950000 -49.928921 -2.753462 -52.682383 -2.621079 0.950000 0.132383 0.950000 1.868113  -1   2  -1 
59376.948922 0.000000 0.000000 -56.850000 0.950000 -57.799522 -2.761827 -60.561349 0.949522 0.950000 3.711349 0.950000 1.868113  -1   3  -1 
59376.951075 0.000000 0.000000 -63.950000 0.950000 -57.799522 -2.761965 -60.561487 -6.150478 0.950000 -3.388513 0.950000 1.868113  -1   3  -1 
59376.952157 0.000000 0.000000 -58.733333 0.950000 -57.799522 -2.762035 -60.561557 -0.933811 0.950000 1.828224 0.950000 1.868113  -1   3  -1 
59377.106321 0.000000 0.000000 -73.850000 0.950000 -72.393292 -2.773169 -75.166461 -1.456708 0.950000 1.316461 0.950000 1.868113  -1   0  -1 
59377.108935 0.000000 0.000000 -73.916667 0.950000 -72.393292 -2.773378 -75.166670 -1.523375 0.950000 1.250003 0.950000 1.868113  -1   0  -1 
59377.116326 0.000000 0.000000 -76.050000 0.950000 -72.393292 -2.773971 -75.167263 -3.656708 0.950000 -0.882737 0.950000 1.868113  -1   0  -1 
59377.628949 0.000000 0.000000 -49.950000 0.950000 -49.928921 -2.824819 -52.753739 -0.021079 0.950000 2.803739 0.950000 1.868113  -1   2  -1 
59377.636479 0.000000 0.000000 -49.500000 0.950000 -49.928921 -2.825668 -52.754589 0.428921 0.950000 3.254589 0.950000 1.868113  -1   2  -1 
59377.640253 0.000000 0.000000 -53.566667 0.950000 -49.928921 -2.826094 -52.755015 -3.637746 0.950000 -0.811652 0.950000 1.868113  -1   2  -1 
59378.026109 0.000000 0.000000 -79.550000 0.950000 -72.393292 -2.870655 -75.263947 -7.156708 0.950000 -4.286053 0.950000 1.868113  -1   0  -1 
59378.031599 0.000000 0.000000 -79.350000 0.950000 -72.393292 -2.871284 -75.264576 -6.956708 0.950000 -4.085424 0.950000 1.868113  -1   0  -1 
59378.035635 0.000000 0.000000 -79.200000 0.950000 -72.393292 -2.871746 -75.265038 -6.806708 0.950000 -3.934962 0.950000 1.868113  -1   0  -1 
59379.024886 0.000000 0.000000 -78.300000 0.950000 -72.393292 -2.952851 -75.346144 -5.906708 0.950000 -2.953856 0.950000 1.868113  -1   0  -1 
59379.027585 0.000000 0.000000 -77.933333 0.950000 -72.393292 -2.952934 -75.346226 -5.540041 0.950000 -2.587107 0.950000 1.868113  -1   0  -1 
59379.734125 0.000000 0.000000 -57.433333 0.950000 -49.928921 -2.937016 -52.865937 -7.504412 0.950000 -4.567396 0.950000 1.868113  -1   2  -1 
59379.737891 0.000000 0.000000 -56.033333 0.950000 -49.928921 -2.936719 -52.865640 -6.104412 0.950000 -3.167693 0.950000 1.868113  -1   2  -1 
59379.749170 0.000000 0.000000 -57.450000 0.950000 -49.928921 -2.935817 -52.864738 -7.521079 0.950000 -4.585262 0.950000 1.868113  -1   2  -1 
59379.927944 0.000000 0.000000 -75.900000 0.950000 -72.393292 -2.918782 -75.312074 -3.506708 0.950000 -0.587926 0.950000 1.868113  -1   0  -1 
59379.940910 0.000000 0.000000 -73.533333 0.950000 -72.393292 -2.917348 -75.310640 -1.140041 0.950000 1.777307 0.950000 1.868113  -1   0  -1 
59379.943737 0.000000 0.000000 -79.350000 0.950000 -72.393292 -2.917032 -75.310324 -6.956708 0.950000 -4.039676 0.950000 1.868113  -1   0  -1 
59380.041449 0.000000 0.000000 -59.933333 0.950000 -57.799522 -2.905335 -60.704857 -2.133811 0.950000 0.771524 0.950000 1.868113  -1   3  -1 
59380.044695 0.000000 0.000000 -58.583333 0.950000 -57.799522 -2.904921 -60.704443 -0.783811 0.950000 2.121110 0.950000 1.868113  -1   3  -1 
59380.045775 0.000000 0.000000 -59.016667 0.950000 -57.799522 -2.904783 -60.704305 -1.217145 0.950000 1.687638 0.950000 1.868113  -1   3  -1 
59381.742082 0.000000 0.000000 -50.483333 0.950000 -49.928921 -2.540711 -52.469632 -0.554412 0.950000 1.986299 0.950000 1.868113  -1   2  -1 
59381.745840 0.000000 0.000000 -49.400000 0.950000 -49.928921 -2.539806 -52.468727 0.528921 0.950000 3.068727 0.950000 1.868113  -1   2  -1 
59381.749613 0.000000 0.000000 -52.583333 0.950000 -49.928921 -2.538898 -52.467819 -2.654412 0.950000 -0.115514 0.950000 1.868113  -1   2  -1 
59381.964035 0.000000 0.000000 -74.200000 0.950000 -72.393292 -2.488819 -74.882112 -1.806708 0.950000 0.682112 0.950000 1.868113  -1   0  -1 
59381.966642 0.000000 0.000000 -73.750000 0.950000 -72.393292 -2.488232 -74.881524 -1.356708 0.950000 1.131524 0.950000 1.868113  -1   0  -1 
59381.969218 0.000000 0.000000 -70.400000 0.950000 -72.393292 -2.487652 -74.880945 1.993292 0.950000 4.480945 0.950000 1.868113  -1   0  -1 
59382.115350 0.000000 0.000000 -62.633333 0.950000 -57.799522 -2.455796 -60.255318 -4.833811 0.950000 -2.378015 0.950000 1.868113  -1   3  -1 
59382.116432 0.000000 0.000000 -61.450000 0.950000 -57.799522 -2.455568 -60.255090 -3.650478 0.950000 -1.194910 0.950000 1.868113  -1   3  -1 
59382.117507 0.000000 0.000000 -61.900000 0.950000 -57.799522 -2.455342 -60.254864 -4.100478 0.950000 -1.645136 0.950000 1.868113  -1   3  -1 
59383.644277 0.000000 0.000000 -51.500000 0.950000 -49.928921 -2.328230 -52.257151 -1.571079 0.950000 0.757151 0.950000 1.868113  -1   2  -1 
59383.648053 0.000000 0.000000 -54.066667 0.950000 -49.928921 -2.328504 -52.257425 -4.137746 0.950000 -1.809242 0.950000 1.868113  -1   2  -1 
59383.655584 0.000000 0.000000 -51.733333 0.950000 -49.928921 -2.329059 -52.257980 -1.804412 0.950000 0.524647 0.950000 1.868113  -1   2  -1 
59383.978595 0.000000 0.000000 -60.683333 0.950000 -57.799522 -2.364286 -60.163808 -2.883811 0.950000 -0.519525 0.950000 1.868113  -1   3  -1 
59383.979676 0.000000 0.000000 -59.300000 0.950000 -57.799522 -2.364440 -60.163962 -1.500478 0.950000 0.863962 0.950000 1.868113  -1   3  -1 
59383.981846 0.000000 0.000000 -60.383333 0.950000 -57.799522 -2.364751 -60.164273 -2.583811 0.950000 -0.219060 0.950000 1.868113  -1   3  -1 
59383.992473 0.000000 0.000000 -72.050000 0.950000 -72.393292 -2.366288 -74.759580 0.343292 0.950000 2.709580 0.950000 1.868113  -1   0  -1 
59384.002278 0.000000 0.000000 -76.266667 0.950000 -72.393292 -2.367726 -74.761018 -3.873375 0.950000 -1.505649 0.950000 1.868113  -1   0  -1 
59384.007238 0.000000 0.000000 -75.783333 0.950000 -72.393292 -2.368461 -74.761753 -3.390041 0.950000 -1.021580 0.950000 1.868113  -1   0  -1 
59384.628010 0.000000 0.000000 -53.200000 0.950000 -49.928921 -2.496317 -52.425238 -3.271079 0.950000 -0.774762 0.950000 1.868113  -1   2  -1 
59384.631782 0.000000 0.000000 -51.700000 0.950000 -49.928921 -2.497287 -52.426208 -1.771079 0.950000 0.726208 0.950000 1.868113  -1   2  -1 
59384.635541 0.000000 0.000000 -53.383333 0.950000 -49.928921 -2.498256 -52.427176 -3.454412 0.950000 -0.956157 0.950000 1.868113  -1   2  -1 
59385.055212 0.000000 0.000000 -75.566667 0.950000 -72.393292 -2.617105 -75.010397 -3.173375 0.950000 -0.556270 0.950000 1.868113  -1   0  -1 
59385.061472 0.000000 0.000000 -74.666667 0.950000 -72.393292 -2.619011 -75.012303 -2.273375 0.950000 0.345636 0.950000 1.868113  -1   0  -1 
59385.063906 0.000000 0.000000 -72.983333 0.950000 -72.393292 -2.619753 -75.013045 -0.590041 0.950000 2.029712 0.950000 1.868113  -1   0  -1 
59387.920967 0.000000 0.000000 -79.733333 0.950000 -72.393292 -3.260793 -75.654085 -7.340041 0.950000 -4.079248 0.950000 1.868113  -1   0  -1 
59387.926477 0.000000 0.000000 -76.583333 0.950000 -72.393292 -3.260840 -75.654132 -4.190041 0.950000 -0.929201 0.950000 1.868113  -1   0  -1 
59387.929412 0.000000 0.000000 -74.383333 0.950000 -72.393292 -3.260863 -75.654155 -1.990041 0.950000 1.270822 0.950000 1.868113  -1   0  -1 
59388.644350 0.000000 0.000000 -52.116667 0.950000 -49.928921 -3.222307 -53.151228 -2.187746 0.950000 1.034561 0.950000 1.868113  -1   2  -1 
59388.659397 0.000000 0.000000 -52.433333 0.950000 -49.928921 -3.220637 -53.149558 -2.504412 0.950000 0.716225 0.950000 1.868113  -1   2  -1 
59388.663148 0.000000 0.000000 -54.700000 0.950000 -49.928921 -3.220216 -53.149136 -4.771079 0.950000 -1.550864 0.950000 1.868113  -1   2  -1 
59388.965674 0.000000 0.000000 -75.300000 0.950000 -72.393292 -3.180294 -75.573586 -2.906708 0.950000 0.273586 0.950000 1.868113  -1   0  -1 
59388.967365 0.000000 0.000000 -59.800000 0.950000 -57.799522 -3.180040 -60.979562 -2.000478 0.950000 1.179562 0.950000 1.868113  -1   3  -1 
59388.968252 0.000000 0.000000 -77.066667 0.950000 -72.393292 -3.179907 -75.573199 -4.673375 0.950000 -1.493468 0.950000 1.868113  -1   0  -1 
59388.968449 0.000000 0.000000 -59.683333 0.950000 -57.799522 -3.179877 -60.979399 -1.883811 0.950000 1.296066 0.950000 1.868113  -1   3  -1 
59388.969524 0.000000 0.000000 -58.966667 0.950000 -57.799522 -3.179716 -60.979238 -1.167145 0.950000 2.012571 0.950000 1.868113  -1   3  -1 
59388.970854 0.000000 0.000000 -78.350000 0.950000 -72.393292 -3.179516 -75.572808 -5.956708 0.950000 -2.777192 0.950000 1.868113  -1   0  -1 
59389.809335 0.000000 0.000000 -51.683333 0.950000 -49.928921 -3.024258 -52.953179 -1.754412 0.950000 1.269846 0.950000 1.868113  -1   2  -1 
59389.828264 0.000000 0.000000 -48.516667 0.950000 -49.928921 -3.020298 -52.949219 1.412254 0.950000 4.432552 0.950000 1.868113  -1   2  -1 
59389.832028 0.000000 0.000000 -53.383333 0.950000 -49.928921 -3.019510 -52.948430 -3.454412 0.950000 -0.434903 0.950000 1.868113  -1   2  -1 
59389.926150 0.000000 0.000000 -61.300000 0.950000 -57.799522 -2.999660 -60.799182 -3.500478 0.950000 -0.500818 0.950000 1.868113  -1   3  -1 
59389.928313 0.000000 0.000000 -57.466667 0.950000 -57.799522 -2.999202 -60.798723 0.332855 0.950000 3.332056 0.950000 1.868113  -1   3  -1 
59389.929388 0.000000 0.000000 -61.800000 0.950000 -57.799522 -2.998973 -60.798495 -4.000478 0.950000 -1.001505 0.950000 1.868113  -1   3  -1 
59389.952568 0.000000 0.000000 -75.333333 0.950000 -72.393292 -2.994050 -75.387342 -2.940041 0.950000 0.054009 0.950000 1.868113  -1   0  -1 
59389.957794 0.000000 0.000000 -76.033333 0.950000 -72.393292 -2.992938 -75.386230 -3.640041 0.950000 -0.647103 0.950000 1.868113  -1   0  -1 
59389.966851 0.000000 0.000000 -75.283333 0.950000 -72.393292 -2.991010 -75.384303 -2.890041 0.950000 0.100970 0.950000 1.868113  -1   0  -1 
59392.835547 0.000000 0.000000 -50.666667 0.950000 -49.928921 -2.396435 -52.325356 -0.737746 0.950000 1.658689 0.950000 1.868113  -1   2  -1 
59392.843066 0.000000 0.000000 -55.566667 0.950000 -49.928921 -2.394715 -52.323636 -5.637746 0.950000 -3.243031 0.950000 1.868113  -1   2  -1 
59392.846825 0.000000 0.000000 -50.666667 0.950000 -49.928921 -2.393854 -52.322775 -0.737746 0.950000 1.656108 0.950000 1.868113  -1   2  -1 
59393.111566 0.000000 0.000000 -75.316667 0.950000 -72.393292 -2.330839 -74.724131 -2.923375 0.950000 -0.592536 0.950000 1.868113  -1   0  -1 
59393.114447 0.000000 0.000000 -75.133333 0.950000 -72.393292 -2.330126 -74.723418 -2.740041 0.950000 -0.409915 0.950000 1.868113  -1   0  -1 
59393.123097 0.000000 0.000000 -73.050000 0.950000 -72.393292 -2.327981 -74.721273 -0.656708 0.950000 1.671273 0.950000 1.868113  -1   0  -1 
59397.703574 0.000000 0.000000 -50.333333 0.950000 -49.928921 -1.020584 -50.949505 -0.404412 0.950000 0.616172 0.950000 1.868113  -1   2  -1 
59397.714844 0.000000 0.000000 -51.400000 0.950000 -49.928921 -1.020784 -50.949705 -1.471079 0.950000 -0.450295 0.950000 1.868113  -1   2  -1 
59397.718600 0.000000 0.000000 -50.700000 0.950000 -49.928921 -1.020858 -50.949779 -0.771079 0.950000 0.249779 0.950000 1.868113  -1   2  -1 
59397.891478 0.000000 0.000000 -71.750000 0.950000 -72.393292 -1.028512 -73.421804 0.643292 0.950000 1.671804 0.950000 1.868113  -1   0  -1 
59397.896665 0.000000 0.000000 -68.800000 0.950000 -72.393292 -1.028870 -73.422162 3.593292 0.950000 4.622162 0.950000 1.868113  -1   0  -1 
59397.899199 0.000000 0.000000 -72.683333 0.950000 -72.393292 -1.029047 -73.422339 -0.290041 0.950000 0.739006 0.950000 1.868113  -1   0  -1 
59398.093478 0.000000 0.000000 -58.283333 0.950000 -57.799522 -1.047952 -58.847474 -0.483811 0.950000 0.564141 0.950000 1.868113  -1   3  -1 
59398.094558 0.000000 0.000000 -60.966667 0.950000 -57.799522 -1.048086 -58.847608 -3.167145 0.950000 -2.119059 0.950000 1.868113  -1   3  -1 
59398.096718 0.000000 0.000000 -58.016667 0.950000 -57.799522 -1.048355 -58.847877 -0.217145 0.950000 0.831210 0.950000 1.868113  -1   3  -1 
59401.792180 0.000000 0.000000 -54.366667 0.950000 -49.928921 -2.387942 -52.316863 -4.437746 0.950000 -2.049804 0.950000 1.868113  -1   2  -1 
59401.795940 0.000000 0.000000 -52.266667 0.950000 -49.928921 -2.388866 -52.317786 -2.337746 0.950000 0.051119 0.950000 1.868113  -1   2  -1 
59401.799701 0.000000 0.000000 -52.916667 0.950000 -49.928921 -2.389786 -52.318707 -2.987746 0.950000 -0.597960 0.950000 1.868113  -1   2  -1 
59401.885991 0.000000 0.000000 -73.916667 0.950000 -72.393292 -2.410002 -74.803294 -1.523375 0.950000 0.886627 0.950000 1.868113  -1   0  -1 
59401.888644 0.000000 0.000000 -75.066667 0.950000 -72.393292 -2.410596 -74.803888 -2.673375 0.950000 -0.262779 0.950000 1.868113  -1   0  -1 
59401.892602 0.000000 0.000000 -74.466667 0.950000 -72.393292 -2.411479 -74.804771 -2.073375 0.950000 0.338104 0.950000 1.868113  -1   0  -1 
59401.927059 0.000000 0.000000 -47.833333 0.950000 -41.410256 -2.419007 -43.829264 -6.423077 0.950000 -4.004069 0.950000 1.868113  -1   1  -1 
59401.927765 0.000000 0.000000 -44.100000 0.950000 -41.410256 -2.419159 -43.829415 -2.689744 0.950000 -0.270585 0.950000 1.868113  -1   1  -1 
59401.929177 0.000000 0.000000 -45.033333 0.950000 -41.410256 -2.419461 -43.829717 -3.623077 0.950000 -1.203616 0.950000 1.868113  -1   1  -1 
59401.992049 0.000000 0.000000 -59.000000 0.950000 -57.799522 -2.432435 -60.231957 -1.200478 0.950000 1.231957 0.950000 1.868113  -1   3  -1 
59401.994207 0.000000 0.000000 -58.350000 0.950000 -57.799522 -2.432864 -60.232386 -0.550478 0.950000 1.882386 0.950000 1.868113  -1   3  -1 
59401.995280 0.000000 0.000000 -59.700000 0.950000 -57.799522 -2.433076 -60.232598 -1.900478 0.950000 0.532598 0.950000 1.868113  -1   3  -1 
59402.794210 0.000000 0.000000 -54.100000 0.950000 -49.928921 -2.512840 -52.441761 -4.171079 0.950000 -1.658239 0.950000 1.868113  -1   2  -1 
59402.797974 0.000000 0.000000 -54.250000 0.950000 -49.928921 -2.512848 -52.441769 -4.321079 0.950000 -1.808231 0.950000 1.868113  -1   2  -1 
59402.801729 0.000000 0.000000 -55.116667 0.950000 -49.928921 -2.512852 -52.441773 -5.187746 0.950000 -2.674894 0.950000 1.868113  -1   2  -1 
59402.966503 0.000000 0.000000 -43.950000 0.950000 -41.410256 -2.509814 -43.920070 -2.539744 0.950000 -0.029930 0.950000 1.868113  -1   1  -1 
59402.968621 0.000000 0.000000 -46.066667 0.950000 -41.410256 -2.509735 -43.919991 -4.656411 0.950000 -2.146676 0.950000 1.868113  -1   1  -1 
59402.969327 0.000000 0.000000 -46.750000 0.950000 -41.410256 -2.509708 -43.919964 -5.339744 0.950000 -2.830036 0.950000 1.868113  -1   1  -1 
59402.970612 0.000000 0.000000 -56.050000 0.950000 -57.799522 -2.509659 -60.309181 1.749522 0.950000 4.259181 0.950000 1.868113  -1   3  -1 
59402.971692 0.000000 0.000000 -59.216667 0.950000 -57.799522 -2.509618 -60.309140 -1.417145 0.950000 1.092473 0.950000 1.868113  -1   3  -1 
59402.972765 0.000000 0.000000 -57.500000 0.950000 -57.799522 -2.509576 -60.309098 0.299522 0.950000 2.809098 0.950000 1.868113  -1   3  -1 
59403.889282 0.000000 0.000000 -42.350000 0.950000 -41.410256 -2.391132 -43.801388 -0.939744 0.950000 1.451388 0.950000 1.868113  -1   1  -1 
59403.890693 0.000000 0.000000 -40.566667 0.950000 -41.410256 -2.390842 -43.801099 0.843589 0.950000 3.234432 0.950000 1.868113  -1   1  -1 
59403.891398 0.000000 0.000000 -46.333333 0.950000 -41.410256 -2.390698 -43.800954 -4.923077 0.950000 -2.532379 0.950000 1.868113  -1   1  -1 
59403.992215 0.000000 0.000000 -76.600000 0.950000 -72.393292 -2.369364 -74.762657 -4.206708 0.950000 -1.837343 0.950000 1.868113  -1   0  -1 
59404.001960 0.000000 0.000000 -77.133333 0.950000 -72.393292 -2.367238 -74.760530 -4.740041 0.950000 -2.372803 0.950000 1.868113  -1   0  -1 
59404.004362 0.000000 0.000000 -75.083333 0.950000 -72.393292 -2.366712 -74.760004 -2.690041 0.950000 -0.323329 0.950000 1.868113  -1   0  -1 
59404.084675 0.000000 0.000000 -58.583333 0.950000 -57.799522 -2.348761 -60.148283 -0.783811 0.950000 1.564950 0.950000 1.868113  -1   3  -1 
59404.085749 0.000000 0.000000 -62.383333 0.950000 -57.799522 -2.348516 -60.148038 -4.583811 0.950000 -2.235295 0.950000 1.868113  -1   3  -1 
59404.086835 0.000000 0.000000 -63.116667 0.950000 -57.799522 -2.348269 -60.147791 -5.317145 0.950000 -2.968876 0.950000 1.868113  -1   3  -1 
59405.737353 0.000000 0.000000 -50.933333 0.950000 -49.928921 -1.927599 -51.856519 -1.004412 0.950000 0.923186 0.950000 1.868113  -1   2  -1 
59405.748644 0.000000 0.000000 -51.200000 0.950000 -49.928921 -1.925019 -51.853940 -1.271079 0.950000 0.653940 0.950000 1.868113  -1   2  -1 
59405.756176 0.000000 0.000000 -50.850000 0.950000 -49.928921 -1.923304 -51.852225 -0.921079 0.950000 1.002225 0.950000 1.868113  -1   2  -1 
59405.855588 0.000000 0.000000 -41.950000 0.950000 -41.410256 -1.901135 -43.311391 -0.539744 0.950000 1.361391 0.950000 1.868113  -1   1  -1 
59405.857000 0.000000 0.000000 -42.366667 0.950000 -41.410256 -1.900826 -43.311083 -0.956411 0.950000 0.944416 0.950000 1.868113  -1   1  -1 
59405.857706 0.000000 0.000000 -42.366667 0.950000 -41.410256 -1.900672 -43.310929 -0.956411 0.950000 0.944262 0.950000 1.868113  -1   1  -1 
59406.106963 0.000000 0.000000 -62.100000 0.950000 -57.799522 -1.849259 -59.648781 -4.300478 0.950000 -2.451219 0.950000 1.868113  -1   3  -1 
59406.108044 0.000000 0.000000 -59.283333 0.950000 -57.799522 -1.849050 -59.648572 -1.483811 0.950000 0.365239 0.950000 1.868113  -1   3  -1 
59406.109128 0.000000 0.000000 -62.150000 0.950000 -57.799522 -1.848840 -59.648362 -4.350478 0.950000 -2.501638 0.950000 1.868113  -1   3  -1 
59407.864238 0.000000 0.000000 -41.416667 0.950000 -41.410256 -1.683029 -43.093285 -0.006411 0.950000 1.676618 0.950000 1.868113  -1   1  -1 
59407.866356 0.000000 0.000000 -41.233333 0.950000 -41.410256 -1.683024 -43.093281 0.176923 0.950000 1.859948 0.950000 1.868113  -1   1  -1 
59407.867063 0.000000 0.000000 -42.033333 0.950000 -41.410256 -1.683023 -43.093279 -0.623077 0.950000 1.059946 0.950000 1.868113  -1   1  -1 
59408.161045 0.000000 0.000000 -74.566667 0.950000 -72.393292 -1.686043 -74.079335 -2.173375 0.950000 -0.487332 0.950000 1.868113  -1   0  -1 
59408.163430 0.000000 0.000000 -75.000000 0.950000 -72.393292 -1.686095 -74.079387 -2.606708 0.950000 -0.920613 0.950000 1.868113  -1   0  -1 
59408.165807 0.000000 0.000000 -75.500000 0.950000 -72.393292 -1.686147 -74.079439 -3.106708 0.950000 -1.420561 0.950000 1.868113  -1   0  -1 
59411.082909 0.000000 0.000000 -61.283333 0.950000 -57.799522 -1.899612 -59.699134 -3.483811 0.950000 -1.584199 0.950000 1.868113  -1   3  -1 
59411.083984 0.000000 0.000000 -62.950000 0.950000 -57.799522 -1.899710 -59.699232 -5.150478 0.950000 -3.250768 0.950000 1.868113  -1   3  -1 
59411.085060 0.000000 0.000000 -58.866667 0.950000 -57.799522 -1.899809 -59.699331 -1.067145 0.950000 0.832664 0.950000 1.868113  -1   3  -1 
59411.109436 0.000000 0.000000 -75.433333 0.950000 -72.393292 -1.902046 -74.295338 -3.040041 0.950000 -1.137995 0.950000 1.868113  -1   0  -1 
59411.114634 0.000000 0.000000 -73.466667 0.950000 -72.393292 -1.902523 -74.295815 -1.073375 0.950000 0.829148 0.950000 1.868113  -1   0  -1 
59411.121738 0.000000 0.000000 -75.900000 0.950000 -72.393292 -1.903175 -74.296468 -3.506708 0.950000 -1.603532 0.950000 1.868113  -1   0  -1 
59418.956092 0.000000 0.000000 -71.200000 0.950000 -72.393292 -1.758937 -74.152229 1.193292 0.950000 2.952229 0.950000 1.868113  -1   0  -1 
59418.958787 0.000000 0.000000 -74.966667 0.950000 -72.393292 -1.759165 -74.152457 -2.573375 0.950000 -0.814210 0.950000 1.868113  -1   0  -1 
59418.965560 0.000000 0.000000 -73.500000 0.950000 -72.393292 -1.759742 -74.153035 -1.106708 0.950000 0.653035 0.950000 1.868113  -1   0  -1 
59418.981323 0.000000 0.000000 -59.316667 0.950000 -57.799522 -1.761115 -59.560637 -1.517145 0.950000 0.243970 0.950000 1.868113  -1   3  -1 
59418.982407 0.000000 0.000000 -60.583333 0.950000 -57.799522 -1.761211 -59.560733 -2.783811 0.950000 -1.022600 0.950000 1.868113  -1   3  -1 
59418.983485 0.000000 0.000000 -58.850000 0.950000 -57.799522 -1.761307 -59.560829 -1.050478 0.950000 0.710829 0.950000 1.868113  -1   3  -1 
59419.756507 0.000000 0.000000 -47.250000 0.950000 -49.928921 -1.874019 -51.802939 2.678921 0.950000 4.552939 0.950000 1.868113  -1   2  -1 
59419.775306 0.000000 0.000000 -51.166667 0.950000 -49.928921 -1.877736 -51.806657 -1.237746 0.950000 0.639990 0.950000 1.868113  -1   2  -1 
59419.779068 0.000000 0.000000 -48.016667 0.950000 -49.928921 -1.878484 -51.807405 1.912254 0.950000 3.790738 0.950000 1.868113  -1   2  -1 
59419.947893 0.000000 0.000000 -76.383333 0.950000 -72.393292 -1.913553 -74.306845 -3.990041 0.950000 -2.076488 0.950000 1.868113  -1   0  -1 
59419.986504 0.000000 0.000000 -75.650000 0.950000 -72.393292 -1.921946 -74.315238 -3.256708 0.950000 -1.334762 0.950000 1.868113  -1   0  -1 
59419.990052 0.000000 0.000000 -75.816667 0.950000 -72.393292 -1.922724 -74.316016 -3.423375 0.950000 -1.500651 0.950000 1.868113  -1   0  -1 
59420.037408 0.000000 0.000000 -55.450000 0.950000 -57.799522 -1.933201 -59.732723 2.349522 0.950000 4.282723 0.950000 1.868113  -1   3  -1 
59420.038492 0.000000 0.000000 -55.883333 0.950000 -57.799522 -1.933442 -59.732964 1.916189 0.950000 3.849631 0.950000 1.868113  -1   3  -1 
59420.040662 0.000000 0.000000 -57.750000 0.950000 -57.799522 -1.933927 -59.733449 0.049522 0.950000 1.983449 0.950000 1.868113  -1   3  -1 
59420.700637 0.000000 0.000000 -54.666667 0.950000 -49.928921 -2.090859 -52.019780 -4.737746 0.950000 -2.646887 0.950000 1.868113  -1   2  -1 
59420.708153 0.000000 0.000000 -50.533333 0.950000 -49.928921 -2.092667 -52.021588 -0.604412 0.950000 1.488255 0.950000 1.868113  -1   2  -1 
59420.715676 0.000000 0.000000 -53.483333 0.950000 -49.928921 -2.094475 -52.023396 -3.554412 0.950000 -1.459937 0.950000 1.868113  -1   2  -1 
59420.873617 0.000000 0.000000 -42.016667 0.950000 -41.410256 -2.131910 -43.542166 -0.606411 0.950000 1.525499 0.950000 1.868113  -1   1  -1 
59420.874323 0.000000 0.000000 -43.250000 0.950000 -41.410256 -2.132074 -43.542330 -1.839744 0.950000 0.292330 0.950000 1.868113  -1   1  -1 
59420.875735 0.000000 0.000000 -45.050000 0.950000 -41.410256 -2.132403 -43.542659 -3.639744 0.950000 -1.507341 0.950000 1.868113  -1   1  -1 
59420.988150 0.000000 0.000000 -59.450000 0.950000 -57.799522 -2.158162 -59.957684 -1.650478 0.950000 0.507684 0.950000 1.868113  -1   3  -1 
59420.990293 0.000000 0.000000 -57.933333 0.950000 -57.799522 -2.158644 -59.958166 -0.133811 0.950000 2.024833 0.950000 1.868113  -1   3  -1 
59420.991383 0.000000 0.000000 -59.983333 0.950000 -57.799522 -2.158889 -59.958411 -2.183811 0.950000 -0.024922 0.950000 1.868113  -1   3  -1 
59421.112099 0.000000 0.000000 -74.666667 0.950000 -72.393292 -2.185366 -74.578658 -2.273375 0.950000 -0.088009 0.950000 1.868113  -1   0  -1 
59421.130285 0.000000 0.000000 -73.016667 0.950000 -72.393292 -2.189232 -74.582524 -0.623375 0.950000 1.565857 0.950000 1.868113  -1   0  -1 
59421.136709 0.000000 0.000000 -72.583333 0.950000 -72.393292 -2.190589 -74.583881 -0.190041 0.950000 2.000548 0.950000 1.868113  -1   0  -1 
59422.687448 0.000000 0.000000 -48.050000 0.950000 -49.928921 -2.280286 -52.209207 1.878921 0.950000 4.159207 0.950000 1.868113  -1   2  -1 
59422.694983 0.000000 0.000000 -51.216667 0.950000 -49.928921 -2.279124 -52.208045 -1.287746 0.950000 0.991378 0.950000 1.868113  -1   2  -1 
59422.702516 0.000000 0.000000 -50.683333 0.950000 -49.928921 -2.277944 -52.206865 -0.754412 0.950000 1.523532 0.950000 1.868113  -1   2  -1 
59422.871553 0.000000 0.000000 -43.083333 0.950000 -41.410256 -2.246546 -43.656803 -1.673077 0.950000 0.573470 0.950000 1.868113  -1   1  -1 
59422.873670 0.000000 0.000000 -45.716667 0.950000 -41.410256 -2.246093 -43.656349 -4.306411 0.950000 -2.060318 0.950000 1.868113  -1   1  -1 
59422.874376 0.000000 0.000000 -42.216667 0.950000 -41.410256 -2.245942 -43.656198 -0.806411 0.950000 1.439531 0.950000 1.868113  -1   1  -1 
59423.678423 0.000000 0.000000 -50.516667 0.950000 -49.928921 -1.965936 -51.894857 -0.587746 0.950000 1.378190 0.950000 1.868113  -1   2  -1 
59423.685999 0.000000 0.000000 -47.600000 0.950000 -49.928921 -1.962310 -51.891231 2.328921 0.950000 4.291231 0.950000 1.868113  -1   2  -1 
59423.689751 0.000000 0.000000 -47.383333 0.950000 -49.928921 -1.960508 -51.889429 2.545588 0.950000 4.506096 0.950000 1.868113  -1   2  -1 
