59334.700184 6852.522386 0.005000 0 2 -1
59334.703954 6855.722869 0.005000 0 2 -1
59334.711459 6850.182255 0.005000 0 2 -1
59334.934601 6890.230508 0.005000 0 3 -1
59334.935678 6897.336916 0.005000 0 3 -1
59334.936754 6896.094579 0.005000 0 3 -1
59336.069824 6893.334465 0.005000 0 3 -1
59336.071983 6896.387194 0.005000 0 3 -1
59336.073065 6891.411235 0.005000 0 3 -1
59336.087932 6681.335790 0.005000 0 0 -1
59336.113567 6686.731307 0.005000 0 0 -1
59336.116529 6685.603000 0.005000 0 0 -1
59337.794690 6856.465609 0.005000 0 2 -1
59337.802213 6857.637029 0.005000 0 2 -1
59337.805964 6858.741886 0.005000 0 2 -1
59338.101617 6692.177724 0.005000 0 0 -1
59338.106766 6692.967185 0.005000 0 0 -1
59338.111894 6692.070870 0.005000 0 0 -1
59340.098120 6892.126876 0.005000 0 3 -1
59340.099194 6896.829084 0.005000 0 3 -1
59340.101354 6893.834795 0.005000 0 3 -1
59340.125153 6682.874064 0.005000 0 0 -1
59340.134329 6687.260355 0.005000 0 0 -1
59340.148161 6683.088440 0.005000 0 0 -1
59341.954385 6893.646653 0.005000 0 3 -1
59341.957620 6892.865659 0.005000 0 3 -1
59341.958695 6897.370526 0.005000 0 3 -1
59341.996746 6685.038975 0.005000 0 0 -1
59342.000684 6684.168256 0.005000 0 0 -1
59343.674792 6857.254502 0.005000 0 2 -1
59343.682301 6852.889912 0.005000 0 2 -1
59343.689815 6852.745623 0.005000 0 2 -1
59344.038460 6686.251356 0.005000 0 0 -1
59344.047124 6683.938585 0.005000 0 0 -1
59344.054785 6688.957767 0.005000 0 0 -1
59344.090520 6891.637683 0.005000 0 3 -1
59344.093753 6893.882052 0.005000 0 3 -1
59344.094826 6890.999455 0.005000 0 3 -1
59345.052239 6685.877453 0.005000 0 0 -1
59345.054836 6686.784501 0.005000 0 0 -1
59345.062635 6686.079975 0.005000 0 0 -1
59348.691508 6856.394356 0.005000 0 2 -1
59348.699020 6857.007844 0.005000 0 2 -1
59348.702790 6855.599980 0.005000 0 2 -1
59349.021951 6689.111065 0.005000 0 0 -1
59349.026999 6690.060168 0.005000 0 0 -1
59349.032064 6692.450358 0.005000 0 0 -1
59350.089948 6692.511275 0.005000 0 0 -1
59350.092419 6687.825778 0.005000 0 0 -1
59350.106715 6687.267657 0.005000 0 0 -1
59350.920251 6688.425008 0.005000 0 0 -1
59351.708087 6853.934528 0.005000 0 2 -1
59351.715613 6850.995264 0.005000 0 2 -1
59351.726880 6854.054458 0.005000 0 2 -1
59352.098517 6689.384447 0.005000 0 0 -1
59352.108322 6691.855731 0.005000 0 0 -1
59352.122068 6688.550215 0.005000 0 0 -1
59353.715347 6859.434076 0.005000 0 2 -1
59353.719104 6853.686294 0.005000 0 2 -1
59353.722869 6855.032764 0.005000 0 2 -1
59354.076145 6689.025781 0.005000 0 0 -1
59354.101312 6690.386100 0.005000 0 0 -1
59354.104255 6688.391884 0.005000 0 0 -1
59356.710684 6859.949818 0.005000 0 2 -1
59356.721985 6855.415525 0.005000 0 2 -1
59356.725745 6860.251219 0.005000 0 2 -1
59357.087914 6892.909569 0.005000 0 3 -1
59357.090082 6897.328260 0.005000 0 3 -1
59357.092248 6896.510171 0.005000 0 3 -1
59358.923301 6688.745119 0.005000 0 0 -1
59358.931249 6688.713632 0.005000 0 0 -1
59358.937426 6684.042779 0.005000 0 0 -1
59358.952972 6901.093083 0.005000 0 3 -1
59358.954053 6892.820877 0.005000 0 3 -1
59358.956208 6896.208913 0.005000 0 3 -1
59361.683491 6854.447682 0.005000 0 2 -1
59361.687248 6853.073668 0.005000 0 2 -1
59361.691012 6856.537508 0.005000 0 2 -1
59361.944566 6688.800158 0.005000 0 0 -1
59361.947357 6689.299800 0.005000 0 0 -1
59361.957166 6690.606123 0.005000 0 0 -1
59362.136140 6896.320834 0.005000 0 3 -1
59362.137220 6896.927296 0.005000 0 3 -1
59362.138308 6897.230335 0.005000 0 3 -1
59364.917885 6898.826009 0.005000 0 3 -1
59364.918966 6899.039696 0.005000 0 3 -1
59364.921142 6900.702393 0.005000 0 3 -1
59365.067320 6687.987565 0.005000 0 0 -1
59365.069993 6689.213398 0.005000 0 0 -1
59365.075398 6695.845911 0.005000 0 0 -1
59365.648355 6860.203548 0.005000 0 2 -1
59365.652118 6859.809107 0.005000 0 2 -1
59365.659667 6859.632524 0.005000 0 2 -1
59365.941188 6691.324832 0.005000 0 0 -1
59365.959824 6694.336894 0.005000 0 0 -1
59369.761210 6853.907520 0.005000 0 2 -1
59369.768738 6854.968323 0.005000 0 2 -1
59369.776263 6854.818837 0.005000 0 2 -1
59369.910940 6895.710062 0.005000 0 3 -1
59369.912028 6894.195494 0.005000 0 3 -1
59369.913108 6900.465635 0.005000 0 3 -1
59370.023276 6700.497683 0.005000 0 0 -1
59370.025654 6699.556074 0.005000 0 0 -1
59370.030553 6701.206650 0.005000 0 0 -1
59374.802541 6857.927116 0.005000 0 2 -1
59374.806302 6854.022433 0.005000 0 2 -1
59374.810063 6859.091293 0.005000 0 2 -1
59376.787767 6858.498226 0.005000 0 2 -1
59376.791518 6857.820538 0.005000 0 2 -1
59376.799035 6860.475265 0.005000 0 2 -1
59376.948922 6900.924416 0.005000 0 3 -1
59376.951075 6898.303785 0.005000 0 3 -1
59376.952157 6902.094242 0.005000 0 3 -1
59377.106321 6702.772036 0.005000 0 0 -1
59377.108935 6700.706566 0.005000 0 0 -1
59377.116326 6699.933803 0.005000 0 0 -1
59377.628949 6861.675341 0.005000 0 2 -1
59377.636479 6854.767923 0.005000 0 2 -1
59377.640253 6855.350266 0.005000 0 2 -1
59378.026109 6706.690055 0.005000 0 0 -1
59378.031599 6703.859757 0.005000 0 0 -1
59378.035635 6704.701456 0.005000 0 0 -1
59379.024886 6704.974781 0.005000 0 0 -1
59379.027585 6703.024008 0.005000 0 0 -1
59379.734125 6859.685247 0.005000 0 2 -1
59379.737891 6860.686597 0.005000 0 2 -1
59379.749170 6861.041326 0.005000 0 2 -1
59379.927944 6701.733075 0.005000 0 0 -1
59379.940910 6702.009155 0.005000 0 0 -1
59379.943737 6702.896868 0.005000 0 0 -1
59380.041449 6897.588881 0.005000 0 3 -1
59380.044695 6901.706786 0.005000 0 3 -1
59380.045775 6897.241923 0.005000 0 3 -1
59381.742082 6856.751734 0.005000 0 2 -1
59381.745840 6863.715604 0.005000 0 2 -1
59381.749613 6864.806042 0.005000 0 2 -1
59381.964035 6707.593547 0.005000 0 0 -1
59381.966642 6705.803224 0.005000 0 0 -1
59381.969218 6704.764923 0.005000 0 0 -1
59382.115350 6898.394433 0.005000 0 3 -1
59382.116432 6896.317561 0.005000 0 3 -1
59382.117507 6899.469244 0.005000 0 3 -1
59383.644277 6863.968820 0.005000 0 2 -1
59383.648053 6863.703890 0.005000 0 2 -1
59383.655584 6860.777688 0.005000 0 2 -1
59383.978595 6900.287723 0.005000 0 3 -1
59383.979676 6900.853976 0.005000 0 3 -1
59383.981846 6899.054781 0.005000 0 3 -1
59383.992473 6704.894639 0.005000 0 0 -1
59384.002278 6708.371848 0.005000 0 0 -1
59384.007238 6706.842853 0.005000 0 0 -1
59384.628010 6857.887629 0.005000 0 2 -1
59384.631782 6862.709111 0.005000 0 2 -1
59384.635541 6863.139151 0.005000 0 2 -1
59385.055212 6706.114750 0.005000 0 0 -1
59385.061472 6704.118163 0.005000 0 0 -1
59385.063906 6705.954751 0.005000 0 0 -1
59387.920967 6706.638651 0.005000 0 0 -1
59387.926477 6705.834416 0.005000 0 0 -1
59387.929412 6705.066752 0.005000 0 0 -1
59388.644350 6862.224706 0.005000 0 2 -1
59388.659397 6860.254063 0.005000 0 2 -1
59388.663148 6858.870814 0.005000 0 2 -1
59388.965674 6703.383388 0.005000 0 0 -1
59388.967365 6897.950394 0.005000 0 3 -1
59388.968252 6706.378068 0.005000 0 0 -1
59388.968449 6898.021045 0.005000 0 3 -1
59388.969524 6899.799406 0.005000 0 3 -1
59388.970854 6706.491697 0.005000 0 0 -1
59389.809335 6859.548172 0.005000 0 2 -1
59389.828264 6858.141897 0.005000 0 2 -1
59389.832028 6858.112209 0.005000 0 2 -1
59389.926150 6898.542365 0.005000 0 3 -1
59389.928313 6896.757916 0.005000 0 3 -1
59389.929388 6900.918942 0.005000 0 3 -1
59389.952568 6704.152783 0.005000 0 0 -1
59389.957794 6702.572337 0.005000 0 0 -1
59389.966851 6704.007190 0.005000 0 0 -1
59392.835547 6855.181920 0.005000 0 2 -1
59392.843066 6863.099090 0.005000 0 2 -1
59392.846825 6861.142801 0.005000 0 2 -1
59393.111566 6694.863674 0.005000 0 0 -1
59393.114447 6697.479327 0.005000 0 0 -1
59393.123097 6695.776696 0.005000 0 0 -1
59397.703574 6857.081488 0.005000 0 2 -1
59397.714844 6860.594624 0.005000 0 2 -1
59397.718600 6860.161046 0.005000 0 2 -1
59397.891478 6692.161276 0.005000 0 0 -1
59397.896665 6694.960515 0.005000 0 0 -1
59397.899199 6691.717776 0.005000 0 0 -1
59398.093478 6903.220454 0.005000 0 3 -1
59398.094558 6896.730308 0.005000 0 3 -1
59398.096718 6901.327946 0.005000 0 3 -1
59401.792180 6860.348664 0.005000 0 2 -1
59401.795940 6866.109610 0.005000 0 2 -1
59401.799701 6864.536255 0.005000 0 2 -1
59401.885991 6692.176336 0.005000 0 0 -1
59401.888644 6693.727546 0.005000 0 0 -1
59401.892602 6696.702853 0.005000 0 0 -1
59401.927059 6935.048342 0.005000 0 1 -1
59401.927765 6932.480362 0.005000 0 1 -1
59401.929177 6938.928610 0.005000 0 1 -1
59401.992049 6903.192670 0.005000 0 3 -1
59401.994207 6899.182750 0.005000 0 3 -1
59401.995280 6902.031370 0.005000 0 3 -1
59402.794210 6859.435145 0.005000 0 2 -1
59402.797974 6861.366233 0.005000 0 2 -1
59402.801729 6860.352777 0.005000 0 2 -1
59402.966503 6944.302769 0.005000 0 1 -1
59402.968621 6944.448687 0.005000 0 1 -1
59402.969327 6945.273839 0.005000 0 1 -1
59402.970612 6899.831990 0.005000 0 3 -1
59402.971692 6898.128414 0.005000 0 3 -1
59402.972765 6901.444422 0.005000 0 3 -1
59403.889282 6939.980070 0.005000 0 1 -1
59403.890693 6944.334356 0.005000 0 1 -1
59403.891398 6943.834634 0.005000 0 1 -1
59403.992215 6694.251168 0.005000 0 0 -1
59404.001960 6694.083423 0.005000 0 0 -1
59404.004362 6695.180241 0.005000 0 0 -1
59404.084675 6898.123046 0.005000 0 3 -1
59404.085749 6896.264679 0.005000 0 3 -1
59404.086835 6900.613030 0.005000 0 3 -1
59405.737353 6860.131178 0.005000 0 2 -1
59405.748644 6858.836390 0.005000 0 2 -1
59405.756176 6858.071624 0.005000 0 2 -1
59405.855588 6946.162797 0.005000 0 1 -1
59405.857000 6948.368859 0.005000 0 1 -1
59405.857706 6948.077845 0.005000 0 1 -1
59406.106963 6893.632502 0.005000 0 3 -1
59406.108044 6893.420341 0.005000 0 3 -1
59406.109128 6893.099435 0.005000 0 3 -1
59407.864238 6947.898876 0.005000 0 1 -1
59407.866356 6950.245404 0.005000 0 1 -1
59407.867063 6951.276220 0.005000 0 1 -1
59408.161045 6698.829274 0.005000 0 0 -1
59408.163430 6698.230451 0.005000 0 0 -1
59408.165807 6703.504550 0.005000 0 0 -1
59411.082909 6899.153579 0.005000 0 3 -1
59411.083984 6901.305156 0.005000 0 3 -1
59411.085060 6900.895801 0.005000 0 3 -1
59411.109436 6696.350570 0.005000 0 0 -1
59411.114634 6697.468021 0.005000 0 0 -1
59411.121738 6696.824401 0.005000 0 0 -1
59418.956092 6696.465900 0.005000 0 0 -1
59418.958787 6696.612270 0.005000 0 0 -1
59418.965560 6694.591742 0.005000 0 0 -1
59418.981323 6900.843714 0.005000 0 3 -1
59418.982407 6900.533258 0.005000 0 3 -1
59418.983485 6894.368958 0.005000 0 3 -1
59419.756507 6865.153893 0.005000 0 2 -1
59419.775306 6859.701525 0.005000 0 2 -1
59419.779068 6863.736508 0.005000 0 2 -1
59419.947893 6693.113633 0.005000 0 0 -1
59419.986504 6694.850399 0.005000 0 0 -1
59419.990052 6693.505750 0.005000 0 0 -1
59420.037408 6897.578579 0.005000 0 3 -1
59420.038492 6897.262876 0.005000 0 3 -1
59420.040662 6898.747377 0.005000 0 3 -1
59420.700637 6859.631126 0.005000 0 2 -1
59420.708153 6865.836489 0.005000 0 2 -1
59420.715676 6861.268969 0.005000 0 2 -1
59420.873617 6939.461437 0.005000 0 1 -1
59420.874323 6941.696785 0.005000 0 1 -1
59420.875735 6943.554000 0.005000 0 1 -1
59420.988150 6901.891527 0.005000 0 3 -1
59420.990293 6900.790775 0.005000 0 3 -1
59420.991383 6902.195529 0.005000 0 3 -1
59421.112099 6701.838407 0.005000 0 0 -1
59421.130285 6698.415144 0.005000 0 0 -1
59421.136709 6697.608727 0.005000 0 0 -1
59422.687448 6860.214863 0.005000 0 2 -1
59422.694983 6860.947147 0.005000 0 2 -1
59422.702516 6855.579951 0.005000 0 2 -1
59422.871553 6938.620833 0.005000 0 1 -1
59422.873670 6941.540564 0.005000 0 1 -1
59422.874376 6942.284711 0.005000 0 1 -1
59423.678423 6862.250715 0.005000 0 2 -1
59423.685999 6861.409947 0.005000 0 2 -1
59423.689751 6857.490485 0.005000 0 2 -1
