# time Tc_folded Tref_folded value value_err offset model full_model val_compare val_compare_err residuals residuals_err jitter jitter_flag offset_flag subset_flag 
59334.700184 0.000000 0.000000 6852.522386 5.000000 6855.860266 -3.780307 6852.079959 -3.337880 5.000000 0.442427 5.000000 0.629377  -1   2  -1 
59334.703954 0.000000 0.000000 6855.722869 5.000000 6855.860266 -3.775754 6852.084512 -0.137397 5.000000 3.638357 5.000000 0.629377  -1   2  -1 
59334.711459 0.000000 0.000000 6850.182255 5.000000 6855.860266 -3.766689 6852.093577 -5.678011 5.000000 -1.911322 5.000000 0.629377  -1   2  -1 
59334.934601 0.000000 0.000000 6890.230508 5.000000 6895.031486 -3.496897 6891.534589 -4.800978 5.000000 -1.304081 5.000000 0.629377  -1   3  -1 
59334.935678 0.000000 0.000000 6897.336916 5.000000 6895.031486 -3.495595 6891.535890 2.305430 5.000000 5.801026 5.000000 0.629377  -1   3  -1 
59334.936754 0.000000 0.000000 6896.094579 5.000000 6895.031486 -3.494295 6891.537190 1.063093 5.000000 4.557389 5.000000 0.629377  -1   3  -1 
59336.069824 0.000000 0.000000 6893.334465 5.000000 6895.031486 -2.192597 6892.838889 -1.697021 5.000000 0.495576 5.000000 0.629377  -1   3  -1 
59336.071983 0.000000 0.000000 6896.387194 5.000000 6895.031486 -2.190356 6892.841130 1.355708 5.000000 3.546064 5.000000 0.629377  -1   3  -1 
59336.073065 0.000000 0.000000 6891.411235 5.000000 6895.031486 -2.189233 6892.842252 -3.620251 5.000000 -1.431017 5.000000 0.629377  -1   3  -1 
59336.087932 0.000000 0.000000 6681.335790 5.000000 6692.448269 -2.173844 6690.274425 -11.112479 5.000000 -8.938635 5.000000 0.629377  -1   0  -1 
59336.113567 0.000000 0.000000 6686.731307 5.000000 6692.448269 -2.147460 6690.300808 -5.716962 5.000000 -3.569501 5.000000 0.629377  -1   0  -1 
59336.116529 0.000000 0.000000 6685.603000 5.000000 6692.448269 -2.144425 6690.303844 -6.845269 5.000000 -4.700844 5.000000 0.629377  -1   0  -1 
59337.794690 0.000000 0.000000 6856.465609 5.000000 6855.860266 -1.038727 6854.821539 0.605343 5.000000 1.644070 5.000000 0.629377  -1   2  -1 
59337.802213 0.000000 0.000000 6857.637029 5.000000 6855.860266 -1.037285 6854.822981 1.776763 5.000000 2.814048 5.000000 0.629377  -1   2  -1 
59337.805964 0.000000 0.000000 6858.741886 5.000000 6855.860266 -1.036580 6854.823687 2.881620 5.000000 3.918199 5.000000 0.629377  -1   2  -1 
59338.101617 0.000000 0.000000 6692.177724 5.000000 6692.448269 -1.009916 6691.438353 -0.270545 5.000000 0.739371 5.000000 0.629377  -1   0  -1 
59338.106766 0.000000 0.000000 6692.967185 5.000000 6692.448269 -1.009963 6691.438306 0.518916 5.000000 1.528879 5.000000 0.629377  -1   0  -1 
59338.111894 0.000000 0.000000 6692.070870 5.000000 6692.448269 -1.010027 6691.438242 -0.377399 5.000000 0.632628 5.000000 0.629377  -1   0  -1 
59340.098120 0.000000 0.000000 6892.126876 5.000000 6895.031486 -2.218480 6892.813006 -2.904610 5.000000 -0.686130 5.000000 0.629377  -1   3  -1 
59340.099194 0.000000 0.000000 6896.829084 5.000000 6895.031486 -2.219607 6892.811879 1.797598 5.000000 4.017205 5.000000 0.629377  -1   3  -1 
59340.101354 0.000000 0.000000 6893.834795 5.000000 6895.031486 -2.221874 6892.809612 -1.196691 5.000000 1.025183 5.000000 0.629377  -1   3  -1 
59340.125153 0.000000 0.000000 6682.874064 5.000000 6692.448269 -2.246916 6690.201353 -9.574205 5.000000 -7.327289 5.000000 0.629377  -1   0  -1 
59340.134329 0.000000 0.000000 6687.260355 5.000000 6692.448269 -2.256601 6690.191668 -5.187914 5.000000 -2.931313 5.000000 0.629377  -1   0  -1 
59340.148161 0.000000 0.000000 6683.088440 5.000000 6692.448269 -2.271230 6690.177039 -9.359829 5.000000 -7.088599 5.000000 0.629377  -1   0  -1 
59341.954385 0.000000 0.000000 6893.646653 5.000000 6895.031486 -3.982205 6891.049281 -1.384833 5.000000 2.597372 5.000000 0.629377  -1   3  -1 
59341.957620 0.000000 0.000000 6892.865659 5.000000 6895.031486 -3.984022 6891.047464 -2.165827 5.000000 1.818195 5.000000 0.629377  -1   3  -1 
59341.958695 0.000000 0.000000 6897.370526 5.000000 6895.031486 -3.984624 6891.046861 2.339040 5.000000 6.323665 5.000000 0.629377  -1   3  -1 
59341.996746 0.000000 0.000000 6685.038975 5.000000 6692.448269 -4.005420 6688.442849 -7.409294 5.000000 -3.403874 5.000000 0.629377  -1   0  -1 
59342.000684 0.000000 0.000000 6684.168256 5.000000 6692.448269 -4.007514 6688.440755 -8.280013 5.000000 -4.272499 5.000000 0.629377  -1   0  -1 
59343.674792 0.000000 0.000000 6857.254502 5.000000 6855.860266 -3.736831 6852.123435 1.394236 5.000000 5.131067 5.000000 0.629377  -1   2  -1 
59343.682301 0.000000 0.000000 6852.889912 5.000000 6855.860266 -3.730264 6852.130002 -2.970354 5.000000 0.759910 5.000000 0.629377  -1   2  -1 
59343.689815 0.000000 0.000000 6852.745623 5.000000 6855.860266 -3.723649 6852.136617 -3.114643 5.000000 0.609006 5.000000 0.629377  -1   2  -1 
59344.038460 0.000000 0.000000 6686.251356 5.000000 6692.448269 -3.371242 6689.077026 -6.196913 5.000000 -2.825670 5.000000 0.629377  -1   0  -1 
59344.047124 0.000000 0.000000 6683.938585 5.000000 6692.448269 -3.361420 6689.086849 -8.509684 5.000000 -5.148264 5.000000 0.629377  -1   0  -1 
59344.054785 0.000000 0.000000 6688.957767 5.000000 6692.448269 -3.352695 6689.095574 -3.490502 5.000000 -0.137807 5.000000 0.629377  -1   0  -1 
59344.090520 0.000000 0.000000 6891.637683 5.000000 6895.031486 -3.311506 6891.719980 -3.393803 5.000000 -0.082297 5.000000 0.629377  -1   3  -1 
59344.093753 0.000000 0.000000 6893.882052 5.000000 6895.031486 -3.307740 6891.723745 -1.149434 5.000000 2.158307 5.000000 0.629377  -1   3  -1 
59344.094826 0.000000 0.000000 6890.999455 5.000000 6895.031486 -3.306489 6891.724997 -4.032031 5.000000 -0.725542 5.000000 0.629377  -1   3  -1 
59345.052239 0.000000 0.000000 6685.877453 5.000000 6692.448269 -1.979502 6690.468767 -6.570816 5.000000 -4.591314 5.000000 0.629377  -1   0  -1 
59345.054836 0.000000 0.000000 6686.784501 5.000000 6692.448269 -1.975550 6690.472719 -5.663768 5.000000 -3.688218 5.000000 0.629377  -1   0  -1 
59345.062635 0.000000 0.000000 6686.079975 5.000000 6692.448269 -1.963678 6690.484591 -6.368294 5.000000 -4.404616 5.000000 0.629377  -1   0  -1 
59348.691508 0.000000 0.000000 6856.394356 5.000000 6855.860266 0.597093 6856.457359 0.534090 5.000000 -0.063003 5.000000 0.629377  -1   2  -1 
59348.699020 0.000000 0.000000 6857.007844 5.000000 6855.860266 0.593439 6856.453705 1.147578 5.000000 0.554139 5.000000 0.629377  -1   2  -1 
59348.702790 0.000000 0.000000 6855.599980 5.000000 6855.860266 0.591596 6856.451862 -0.260286 5.000000 -0.851882 5.000000 0.629377  -1   2  -1 
59349.021951 0.000000 0.000000 6689.111065 5.000000 6692.448269 0.413563 6692.861832 -3.337204 5.000000 -3.750767 5.000000 0.629377  -1   0  -1 
59349.026999 0.000000 0.000000 6690.060168 5.000000 6692.448269 0.410438 6692.858707 -2.388101 5.000000 -2.798539 5.000000 0.629377  -1   0  -1 
59349.032064 0.000000 0.000000 6692.450358 5.000000 6692.448269 0.407295 6692.855563 0.002089 5.000000 -0.405205 5.000000 0.629377  -1   0  -1 
59350.089948 0.000000 0.000000 6692.511275 5.000000 6692.448269 -0.339248 6692.109021 0.063006 5.000000 0.402254 5.000000 0.629377  -1   0  -1 
59350.092419 0.000000 0.000000 6687.825778 5.000000 6692.448269 -0.340988 6692.107281 -4.622491 5.000000 -4.281503 5.000000 0.629377  -1   0  -1 
59350.106715 0.000000 0.000000 6687.267657 5.000000 6692.448269 -0.351036 6692.097233 -5.180612 5.000000 -4.829576 5.000000 0.629377  -1   0  -1 
59350.920251 0.000000 0.000000 6688.425008 5.000000 6692.448269 -0.837276 6691.610993 -4.023261 5.000000 -3.185985 5.000000 0.629377  -1   0  -1 
59351.708087 0.000000 0.000000 6853.934528 5.000000 6855.860266 -1.066200 6854.794066 -1.925738 5.000000 -0.859538 5.000000 0.629377  -1   2  -1 
59351.715613 0.000000 0.000000 6850.995264 5.000000 6855.860266 -1.067041 6854.793225 -4.865002 5.000000 -3.797961 5.000000 0.629377  -1   2  -1 
59351.726880 0.000000 0.000000 6854.054458 5.000000 6855.860266 -1.068252 6854.792014 -1.805808 5.000000 -0.737556 5.000000 0.629377  -1   2  -1 
59352.098517 0.000000 0.000000 6689.384447 5.000000 6692.448269 -1.076883 6691.371386 -3.063822 5.000000 -1.986939 5.000000 0.629377  -1   0  -1 
59352.108322 0.000000 0.000000 6691.855731 5.000000 6692.448269 -1.076313 6691.371956 -0.592538 5.000000 0.483775 5.000000 0.629377  -1   0  -1 
59352.122068 0.000000 0.000000 6688.550215 5.000000 6692.448269 -1.075447 6691.372821 -3.898054 5.000000 -2.822606 5.000000 0.629377  -1   0  -1 
59353.715347 0.000000 0.000000 6859.434076 5.000000 6855.860266 -0.603191 6855.257075 3.573810 5.000000 4.177001 5.000000 0.629377  -1   2  -1 
59353.719104 0.000000 0.000000 6853.686294 5.000000 6855.860266 -0.601633 6855.258633 -2.173972 5.000000 -1.572339 5.000000 0.629377  -1   2  -1 
59353.722869 0.000000 0.000000 6855.032764 5.000000 6855.860266 -0.600071 6855.260195 -0.827502 5.000000 -0.227431 5.000000 0.629377  -1   2  -1 
59354.076145 0.000000 0.000000 6689.025781 5.000000 6692.448269 -0.455791 6691.992478 -3.422488 5.000000 -2.966697 5.000000 0.629377  -1   0  -1 
59354.101312 0.000000 0.000000 6690.386100 5.000000 6692.448269 -0.445843 6692.002426 -2.062169 5.000000 -1.616326 5.000000 0.629377  -1   0  -1 
59354.104255 0.000000 0.000000 6688.391884 5.000000 6692.448269 -0.444684 6692.003585 -4.056385 5.000000 -3.611701 5.000000 0.629377  -1   0  -1 
59356.710684 0.000000 0.000000 6859.949818 5.000000 6855.860266 -0.182402 6855.677864 4.089552 5.000000 4.271954 5.000000 0.629377  -1   2  -1 
59356.721985 0.000000 0.000000 6855.415525 5.000000 6855.860266 -0.184990 6855.675277 -0.444741 5.000000 -0.259752 5.000000 0.629377  -1   2  -1 
59356.725745 0.000000 0.000000 6860.251219 5.000000 6855.860266 -0.185856 6855.674410 4.390953 5.000000 4.576809 5.000000 0.629377  -1   2  -1 
59357.087914 0.000000 0.000000 6892.909569 5.000000 6895.031486 -0.280863 6894.750623 -2.121917 5.000000 -1.841054 5.000000 0.629377  -1   3  -1 
59357.090082 0.000000 0.000000 6897.328260 5.000000 6895.031486 -0.281493 6894.749993 2.296774 5.000000 2.578267 5.000000 0.629377  -1   3  -1 
59357.092248 0.000000 0.000000 6896.510171 5.000000 6895.031486 -0.282123 6894.749363 1.478685 5.000000 1.760808 5.000000 0.629377  -1   3  -1 
59358.923301 0.000000 0.000000 6688.745119 5.000000 6692.448269 -0.868967 6691.579302 -3.703150 5.000000 -2.834183 5.000000 0.629377  -1   0  -1 
59358.931249 0.000000 0.000000 6688.713632 5.000000 6692.448269 -0.871014 6691.577255 -3.734637 5.000000 -2.863623 5.000000 0.629377  -1   0  -1 
59358.937426 0.000000 0.000000 6684.042779 5.000000 6692.448269 -0.872598 6691.575671 -8.405490 5.000000 -7.532892 5.000000 0.629377  -1   0  -1 
59358.952972 0.000000 0.000000 6901.093083 5.000000 6895.031486 -0.876556 6894.154930 6.061597 5.000000 6.938153 5.000000 0.629377  -1   3  -1 
59358.954053 0.000000 0.000000 6892.820877 5.000000 6895.031486 -0.876830 6894.154656 -2.210609 5.000000 -1.333779 5.000000 0.629377  -1   3  -1 
59358.956208 0.000000 0.000000 6896.208913 5.000000 6895.031486 -0.877375 6894.154111 1.177427 5.000000 2.054802 5.000000 0.629377  -1   3  -1 
59361.683491 0.000000 0.000000 6854.447682 5.000000 6855.860266 -0.592331 6855.267935 -1.412584 5.000000 -0.820253 5.000000 0.629377  -1   2  -1 
59361.687248 0.000000 0.000000 6853.073668 5.000000 6855.860266 -0.590239 6855.270027 -2.786598 5.000000 -2.196359 5.000000 0.629377  -1   2  -1 
59361.691012 0.000000 0.000000 6856.537508 5.000000 6855.860266 -0.588138 6855.272128 0.677242 5.000000 1.265380 5.000000 0.629377  -1   2  -1 
59361.944566 0.000000 0.000000 6688.800158 5.000000 6692.448269 -0.434673 6692.013595 -3.648111 5.000000 -3.213437 5.000000 0.629377  -1   0  -1 
59361.947357 0.000000 0.000000 6689.299800 5.000000 6692.448269 -0.432854 6692.015415 -3.148469 5.000000 -2.715615 5.000000 0.629377  -1   0  -1 
59361.957166 0.000000 0.000000 6690.606123 5.000000 6692.448269 -0.426437 6692.021832 -1.842146 5.000000 -1.415709 5.000000 0.629377  -1   0  -1 
59362.136140 0.000000 0.000000 6896.320834 5.000000 6895.031486 -0.303280 6894.728205 1.289348 5.000000 1.592629 5.000000 0.629377  -1   3  -1 
59362.137220 0.000000 0.000000 6896.927296 5.000000 6895.031486 -0.302502 6894.728983 1.895810 5.000000 2.198313 5.000000 0.629377  -1   3  -1 
59362.138308 0.000000 0.000000 6897.230335 5.000000 6895.031486 -0.301718 6894.729767 2.198849 5.000000 2.500568 5.000000 0.629377  -1   3  -1 
59364.917885 0.000000 0.000000 6898.826009 5.000000 6895.031486 2.549116 6897.580602 3.794523 5.000000 1.245407 5.000000 0.629377  -1   3  -1 
59364.918966 0.000000 0.000000 6899.039696 5.000000 6895.031486 2.550234 6897.581719 4.008210 5.000000 1.457977 5.000000 0.629377  -1   3  -1 
59364.921142 0.000000 0.000000 6900.702393 5.000000 6895.031486 2.552483 6897.583968 5.670907 5.000000 3.118425 5.000000 0.629377  -1   3  -1 
59365.067320 0.000000 0.000000 6687.987565 5.000000 6692.448269 2.700454 6695.148723 -4.460704 5.000000 -7.161158 5.000000 0.629377  -1   0  -1 
59365.069993 0.000000 0.000000 6689.213398 5.000000 6692.448269 2.703100 6695.151369 -3.234871 5.000000 -5.937971 5.000000 0.629377  -1   0  -1 
59365.075398 0.000000 0.000000 6695.845911 5.000000 6692.448269 2.708443 6695.156711 3.397642 5.000000 0.689200 5.000000 0.629377  -1   0  -1 
59365.648355 0.000000 0.000000 6860.203548 5.000000 6855.860266 3.211875 6859.072141 4.343282 5.000000 1.131407 5.000000 0.629377  -1   2  -1 
59365.652118 0.000000 0.000000 6859.809107 5.000000 6855.860266 3.214706 6859.074972 3.948841 5.000000 0.734135 5.000000 0.629377  -1   2  -1 
59365.659667 0.000000 0.000000 6859.632524 5.000000 6855.860266 3.220364 6859.080630 3.772258 5.000000 0.551894 5.000000 0.629377  -1   2  -1 
59365.941188 0.000000 0.000000 6691.324832 5.000000 6692.448269 3.410272 6695.858541 -1.123437 5.000000 -4.533709 5.000000 0.629377  -1   0  -1 
59365.959824 0.000000 0.000000 6694.336894 5.000000 6692.448269 3.421324 6695.869592 1.888625 5.000000 -1.532698 5.000000 0.629377  -1   0  -1 
59369.761210 0.000000 0.000000 6853.907520 5.000000 6855.860266 1.711566 6857.571832 -1.952746 5.000000 -3.664312 5.000000 0.629377  -1   2  -1 
59369.768738 0.000000 0.000000 6854.968323 5.000000 6855.860266 1.704687 6857.564953 -0.891943 5.000000 -2.596630 5.000000 0.629377  -1   2  -1 
59369.776263 0.000000 0.000000 6854.818837 5.000000 6855.860266 1.697825 6857.558091 -1.041429 5.000000 -2.739254 5.000000 0.629377  -1   2  -1 
59369.910940 0.000000 0.000000 6895.710062 5.000000 6895.031486 1.577574 6896.609059 0.678576 5.000000 -0.898997 5.000000 0.629377  -1   3  -1 
59369.912028 0.000000 0.000000 6894.195494 5.000000 6895.031486 1.576624 6896.608109 -0.835992 5.000000 -2.412615 5.000000 0.629377  -1   3  -1 
59369.913108 0.000000 0.000000 6900.465635 5.000000 6895.031486 1.575681 6896.607166 5.434149 5.000000 3.858469 5.000000 0.629377  -1   3  -1 
59370.023276 0.000000 0.000000 6700.497683 5.000000 6692.448269 1.481454 6693.929723 8.049414 5.000000 6.567960 5.000000 0.629377  -1   0  -1 
59370.025654 0.000000 0.000000 6699.556074 5.000000 6692.448269 1.479465 6693.927734 7.107805 5.000000 5.628340 5.000000 0.629377  -1   0  -1 
59370.030553 0.000000 0.000000 6701.206650 5.000000 6692.448269 1.475373 6693.923642 8.758381 5.000000 7.283008 5.000000 0.629377  -1   0  -1 
59374.802541 0.000000 0.000000 6857.927116 5.000000 6855.860266 3.188157 6859.048423 2.066850 5.000000 -1.121307 5.000000 0.629377  -1   2  -1 
59374.806302 0.000000 0.000000 6854.022433 5.000000 6855.860266 3.192107 6859.052374 -1.837833 5.000000 -5.029941 5.000000 0.629377  -1   2  -1 
59374.810063 0.000000 0.000000 6859.091293 5.000000 6855.860266 3.196057 6859.056323 3.231027 5.000000 0.034970 5.000000 0.629377  -1   2  -1 
59376.787767 0.000000 0.000000 6858.498226 5.000000 6855.860266 5.046367 6860.906633 2.637960 5.000000 -2.408407 5.000000 0.629377  -1   2  -1 
59376.791518 0.000000 0.000000 6857.820538 5.000000 6855.860266 5.049417 6860.909683 1.960272 5.000000 -3.089145 5.000000 0.629377  -1   2  -1 
59376.799035 0.000000 0.000000 6860.475265 5.000000 6855.860266 5.055524 6860.915790 4.614999 5.000000 -0.440525 5.000000 0.629377  -1   2  -1 
59376.948922 0.000000 0.000000 6900.924416 5.000000 6895.031486 5.176164 6900.207650 5.892930 5.000000 0.716766 5.000000 0.629377  -1   3  -1 
59376.951075 0.000000 0.000000 6898.303785 5.000000 6895.031486 5.177882 6900.209368 3.272299 5.000000 -1.905583 5.000000 0.629377  -1   3  -1 
59376.952157 0.000000 0.000000 6902.094242 5.000000 6895.031486 5.178745 6900.210231 7.062756 5.000000 1.884011 5.000000 0.629377  -1   3  -1 
59377.106321 0.000000 0.000000 6702.772036 5.000000 6692.448269 5.300668 6697.748936 10.323767 5.000000 5.023100 5.000000 0.629377  -1   0  -1 
59377.108935 0.000000 0.000000 6700.706566 5.000000 6692.448269 5.302718 6697.750987 8.258297 5.000000 2.955579 5.000000 0.629377  -1   0  -1 
59377.116326 0.000000 0.000000 6699.933803 5.000000 6692.448269 5.308512 6697.756780 7.485534 5.000000 2.177023 5.000000 0.629377  -1   0  -1 
59377.628949 0.000000 0.000000 6861.675341 5.000000 6855.860266 5.700832 6861.561098 5.815075 5.000000 0.114243 5.000000 0.629377  -1   2  -1 
59377.636479 0.000000 0.000000 6854.767923 5.000000 6855.860266 5.706472 6861.566738 -1.092343 5.000000 -6.798815 5.000000 0.629377  -1   2  -1 
59377.640253 0.000000 0.000000 6855.350266 5.000000 6855.860266 5.709297 6861.569563 -0.510000 5.000000 -6.219297 5.000000 0.629377  -1   2  -1 
59378.026109 0.000000 0.000000 6706.690055 5.000000 6692.448269 5.994127 6698.442396 14.241786 5.000000 8.247659 5.000000 0.629377  -1   0  -1 
59378.031599 0.000000 0.000000 6703.859757 5.000000 6692.448269 5.998124 6698.446393 11.411488 5.000000 5.413364 5.000000 0.629377  -1   0  -1 
59378.035635 0.000000 0.000000 6704.701456 5.000000 6692.448269 6.001062 6698.449331 12.253187 5.000000 6.252125 5.000000 0.629377  -1   0  -1 
59379.024886 0.000000 0.000000 6704.974781 5.000000 6692.448269 6.691923 6699.140192 12.526512 5.000000 5.834589 5.000000 0.629377  -1   0  -1 
59379.027585 0.000000 0.000000 6703.024008 5.000000 6692.448269 6.693707 6699.141976 10.575739 5.000000 3.882032 5.000000 0.629377  -1   0  -1 
59379.734125 0.000000 0.000000 6859.685247 5.000000 6855.860266 7.130303 6862.990569 3.824981 5.000000 -3.305322 5.000000 0.629377  -1   2  -1 
59379.737891 0.000000 0.000000 6860.686597 5.000000 6855.860266 7.132435 6862.992701 4.826331 5.000000 -2.306104 5.000000 0.629377  -1   2  -1 
59379.749170 0.000000 0.000000 6861.041326 5.000000 6855.860266 7.138806 6862.999072 5.181060 5.000000 -1.957746 5.000000 0.629377  -1   2  -1 
59379.927944 0.000000 0.000000 6701.733075 5.000000 6692.448269 7.236752 6699.685021 9.284806 5.000000 2.048054 5.000000 0.629377  -1   0  -1 
59379.940910 0.000000 0.000000 6702.009155 5.000000 6692.448269 7.243624 6699.691893 9.560886 5.000000 2.317262 5.000000 0.629377  -1   0  -1 
59379.943737 0.000000 0.000000 6702.896868 5.000000 6692.448269 7.245118 6699.693387 10.448599 5.000000 3.203481 5.000000 0.629377  -1   0  -1 
59380.041449 0.000000 0.000000 6897.588881 5.000000 6895.031486 7.295793 6902.327278 2.557395 5.000000 -4.738397 5.000000 0.629377  -1   3  -1 
59380.044695 0.000000 0.000000 6901.706786 5.000000 6895.031486 7.297443 6902.328929 6.675300 5.000000 -0.622143 5.000000 0.629377  -1   3  -1 
59380.045775 0.000000 0.000000 6897.241923 5.000000 6895.031486 7.297992 6902.329478 2.210437 5.000000 -5.087555 5.000000 0.629377  -1   3  -1 
59381.742082 0.000000 0.000000 6856.751734 5.000000 6855.860266 7.806436 6863.666702 0.891468 5.000000 -6.914968 5.000000 0.629377  -1   2  -1 
59381.745840 0.000000 0.000000 6863.715604 5.000000 6855.860266 7.806720 6863.666986 7.855338 5.000000 0.048618 5.000000 0.629377  -1   2  -1 
59381.749613 0.000000 0.000000 6864.806042 5.000000 6855.860266 7.807002 6863.667268 8.945776 5.000000 1.138774 5.000000 0.629377  -1   2  -1 
59381.964035 0.000000 0.000000 6707.593547 5.000000 6692.448269 7.817192 6700.265461 15.145278 5.000000 7.328086 5.000000 0.629377  -1   0  -1 
59381.966642 0.000000 0.000000 6705.803224 5.000000 6692.448269 7.817247 6700.265516 13.354955 5.000000 5.537708 5.000000 0.629377  -1   0  -1 
59381.969218 0.000000 0.000000 6704.764923 5.000000 6692.448269 7.817300 6700.265569 12.316654 5.000000 4.499354 5.000000 0.629377  -1   0  -1 
59382.115350 0.000000 0.000000 6898.394433 5.000000 6895.031486 7.817792 6902.849277 3.362947 5.000000 -4.454844 5.000000 0.629377  -1   3  -1 
59382.116432 0.000000 0.000000 6896.317561 5.000000 6895.031486 7.817777 6902.849263 1.286075 5.000000 -6.531702 5.000000 0.629377  -1   3  -1 
59382.117507 0.000000 0.000000 6899.469244 5.000000 6895.031486 7.817763 6902.849248 4.437758 5.000000 -3.380004 5.000000 0.629377  -1   3  -1 
59383.644277 0.000000 0.000000 6863.968820 5.000000 6855.860266 7.622074 6863.482340 8.108554 5.000000 0.486480 5.000000 0.629377  -1   2  -1 
59383.648053 0.000000 0.000000 6863.703890 5.000000 6855.860266 7.621385 6863.481652 7.843624 5.000000 0.222238 5.000000 0.629377  -1   2  -1 
59383.655584 0.000000 0.000000 6860.777688 5.000000 6855.860266 7.620013 6863.480280 4.917422 5.000000 -2.702592 5.000000 0.629377  -1   2  -1 
59383.978595 0.000000 0.000000 6900.287723 5.000000 6895.031486 7.562568 6902.594053 5.256237 5.000000 -2.306330 5.000000 0.629377  -1   3  -1 
59383.979676 0.000000 0.000000 6900.853976 5.000000 6895.031486 7.562382 6902.593868 5.822490 5.000000 -1.739892 5.000000 0.629377  -1   3  -1 
59383.981846 0.000000 0.000000 6899.054781 5.000000 6895.031486 7.562011 6902.593497 4.023295 5.000000 -3.538716 5.000000 0.629377  -1   3  -1 
59383.992473 0.000000 0.000000 6704.894639 5.000000 6692.448269 7.560197 6700.008465 12.446370 5.000000 4.886174 5.000000 0.629377  -1   0  -1 
59384.002278 0.000000 0.000000 6708.371848 5.000000 6692.448269 7.558528 6700.006797 15.923579 5.000000 8.365051 5.000000 0.629377  -1   0  -1 
59384.007238 0.000000 0.000000 6706.842853 5.000000 6692.448269 7.557686 6700.005955 14.394584 5.000000 6.836898 5.000000 0.629377  -1   0  -1 
59384.628010 0.000000 0.000000 6857.887629 5.000000 6855.860266 7.467465 6863.327731 2.027363 5.000000 -5.440102 5.000000 0.629377  -1   2  -1 
59384.631782 0.000000 0.000000 6862.709111 5.000000 6855.860266 7.467028 6863.327294 6.848845 5.000000 -0.618183 5.000000 0.629377  -1   2  -1 
59384.635541 0.000000 0.000000 6863.139151 5.000000 6855.860266 7.466594 6863.326860 7.278885 5.000000 -0.187709 5.000000 0.629377  -1   2  -1 
59385.055212 0.000000 0.000000 6706.114750 5.000000 6692.448269 7.427900 6699.876168 13.666481 5.000000 6.238582 5.000000 0.629377  -1   0  -1 
59385.061472 0.000000 0.000000 6704.118163 5.000000 6692.448269 7.427469 6699.875738 11.669894 5.000000 4.242425 5.000000 0.629377  -1   0  -1 
59385.063906 0.000000 0.000000 6705.954751 5.000000 6692.448269 7.427303 6699.875572 13.506482 5.000000 6.079179 5.000000 0.629377  -1   0  -1 
59387.920967 0.000000 0.000000 6706.638651 5.000000 6692.448269 7.256043 6699.704312 14.190382 5.000000 6.934339 5.000000 0.629377  -1   0  -1 
59387.926477 0.000000 0.000000 6705.834416 5.000000 6692.448269 7.254657 6699.702926 13.386147 5.000000 6.131490 5.000000 0.629377  -1   0  -1 
59387.929412 0.000000 0.000000 6705.066752 5.000000 6692.448269 7.253916 6699.702184 12.618483 5.000000 5.364568 5.000000 0.629377  -1   0  -1 
59388.644350 0.000000 0.000000 6862.224706 5.000000 6855.860266 7.002500 6862.862766 6.364440 5.000000 -0.638060 5.000000 0.629377  -1   2  -1 
59388.659397 0.000000 0.000000 6860.254063 5.000000 6855.860266 6.995665 6862.855931 4.393797 5.000000 -2.601868 5.000000 0.629377  -1   2  -1 
59388.663148 0.000000 0.000000 6858.870814 5.000000 6855.860266 6.993951 6862.854218 3.010548 5.000000 -3.983404 5.000000 0.629377  -1   2  -1 
59388.965674 0.000000 0.000000 6703.383388 5.000000 6692.448269 6.843063 6699.291332 10.935119 5.000000 4.092056 5.000000 0.629377  -1   0  -1 
59388.967365 0.000000 0.000000 6897.950394 5.000000 6895.031486 6.842151 6901.873636 2.918908 5.000000 -3.923242 5.000000 0.629377  -1   3  -1 
59388.968252 0.000000 0.000000 6706.378068 5.000000 6692.448269 6.841672 6699.289941 13.929799 5.000000 7.088127 5.000000 0.629377  -1   0  -1 
59388.968449 0.000000 0.000000 6898.021045 5.000000 6895.031486 6.841566 6901.873051 2.989559 5.000000 -3.852006 5.000000 0.629377  -1   3  -1 
59388.969524 0.000000 0.000000 6899.799406 5.000000 6895.031486 6.840985 6901.872471 4.767920 5.000000 -2.073065 5.000000 0.629377  -1   3  -1 
59388.970854 0.000000 0.000000 6706.491697 5.000000 6692.448269 6.840266 6699.288535 14.043428 5.000000 7.203162 5.000000 0.629377  -1   0  -1 
59389.809335 0.000000 0.000000 6859.548172 5.000000 6855.860266 6.306951 6862.167217 3.687906 5.000000 -2.619045 5.000000 0.629377  -1   2  -1 
59389.828264 0.000000 0.000000 6858.141897 5.000000 6855.860266 6.293389 6862.153655 2.281631 5.000000 -4.011758 5.000000 0.629377  -1   2  -1 
59389.832028 0.000000 0.000000 6858.112209 5.000000 6855.860266 6.290686 6862.150952 2.251943 5.000000 -4.038743 5.000000 0.629377  -1   2  -1 
59389.926150 0.000000 0.000000 6898.542365 5.000000 6895.031486 6.222486 6901.253972 3.510879 5.000000 -2.711607 5.000000 0.629377  -1   3  -1 
59389.928313 0.000000 0.000000 6896.757916 5.000000 6895.031486 6.220906 6901.252391 1.726430 5.000000 -4.494475 5.000000 0.629377  -1   3  -1 
59389.929388 0.000000 0.000000 6900.918942 5.000000 6895.031486 6.220120 6901.251605 5.887456 5.000000 -0.332663 5.000000 0.629377  -1   3  -1 
59389.952568 0.000000 0.000000 6704.152783 5.000000 6692.448269 6.203144 6698.651412 11.704514 5.000000 5.501371 5.000000 0.629377  -1   0  -1 
59389.957794 0.000000 0.000000 6702.572337 5.000000 6692.448269 6.199307 6698.647576 10.124068 5.000000 3.924761 5.000000 0.629377  -1   0  -1 
59389.966851 0.000000 0.000000 6704.007190 5.000000 6692.448269 6.192652 6698.640921 11.558921 5.000000 5.366269 5.000000 0.629377  -1   0  -1 
59392.835547 0.000000 0.000000 6855.181920 5.000000 6855.860266 4.311923 6860.172189 -0.678346 5.000000 -4.990269 5.000000 0.629377  -1   2  -1 
59392.843066 0.000000 0.000000 6863.099090 5.000000 6855.860266 4.308847 6860.169113 7.238824 5.000000 2.929977 5.000000 0.629377  -1   2  -1 
59392.846825 0.000000 0.000000 6861.142801 5.000000 6855.860266 4.307314 6860.167580 5.282535 5.000000 0.975221 5.000000 0.629377  -1   2  -1 
59393.111566 0.000000 0.000000 6694.863674 5.000000 6692.448269 4.206425 6696.654694 2.415405 5.000000 -1.791020 5.000000 0.629377  -1   0  -1 
59393.114447 0.000000 0.000000 6697.479327 5.000000 6692.448269 4.205402 6696.653671 5.031058 5.000000 0.825656 5.000000 0.629377  -1   0  -1 
59393.123097 0.000000 0.000000 6695.776696 5.000000 6692.448269 4.202339 6696.650608 3.328427 5.000000 -0.873912 5.000000 0.629377  -1   0  -1 
59397.703574 0.000000 0.000000 6857.081488 5.000000 6855.860266 2.981628 6858.841894 1.221222 5.000000 -1.760406 5.000000 0.629377  -1   2  -1 
59397.714844 0.000000 0.000000 6860.594624 5.000000 6855.860266 2.978243 6858.838509 4.734358 5.000000 1.756115 5.000000 0.629377  -1   2  -1 
59397.718600 0.000000 0.000000 6860.161046 5.000000 6855.860266 2.977116 6858.837382 4.300780 5.000000 1.323664 5.000000 0.629377  -1   2  -1 
59397.891478 0.000000 0.000000 6692.161276 5.000000 6692.448269 2.926268 6695.374536 -0.286993 5.000000 -3.213260 5.000000 0.629377  -1   0  -1 
59397.896665 0.000000 0.000000 6694.960515 5.000000 6692.448269 2.924775 6695.373044 2.512246 5.000000 -0.412529 5.000000 0.629377  -1   0  -1 
59397.899199 0.000000 0.000000 6691.717776 5.000000 6692.448269 2.924047 6695.372316 -0.730493 5.000000 -3.654540 5.000000 0.629377  -1   0  -1 
59398.093478 0.000000 0.000000 6903.220454 5.000000 6895.031486 2.869815 6897.901300 8.188968 5.000000 5.319154 5.000000 0.629377  -1   3  -1 
59398.094558 0.000000 0.000000 6896.730308 5.000000 6895.031486 2.869523 6897.901008 1.698822 5.000000 -1.170700 5.000000 0.629377  -1   3  -1 
59398.096718 0.000000 0.000000 6901.327946 5.000000 6895.031486 2.868939 6897.900425 6.296460 5.000000 3.427521 5.000000 0.629377  -1   3  -1 
59401.792180 0.000000 0.000000 6860.348664 5.000000 6855.860266 2.887416 6858.747682 4.488398 5.000000 1.600982 5.000000 0.629377  -1   2  -1 
59401.795940 0.000000 0.000000 6866.109610 5.000000 6855.860266 2.888537 6858.748803 10.249344 5.000000 7.360807 5.000000 0.629377  -1   2  -1 
59401.799701 0.000000 0.000000 6864.536255 5.000000 6855.860266 2.889661 6858.749927 8.675989 5.000000 5.786328 5.000000 0.629377  -1   2  -1 
59401.885991 0.000000 0.000000 6692.176336 5.000000 6692.448269 2.916064 6695.364333 -0.271933 5.000000 -3.187997 5.000000 0.629377  -1   0  -1 
59401.888644 0.000000 0.000000 6693.727546 5.000000 6692.448269 2.916895 6695.365164 1.279277 5.000000 -1.637618 5.000000 0.629377  -1   0  -1 
59401.892602 0.000000 0.000000 6696.702853 5.000000 6692.448269 2.918136 6695.366405 4.254584 5.000000 1.336448 5.000000 0.629377  -1   0  -1 
59401.927059 0.000000 0.000000 6935.048342 5.000000 6939.949684 2.929048 6942.878732 -4.901342 5.000000 -7.830390 5.000000 0.629377  -1   1  -1 
59401.927765 0.000000 0.000000 6932.480362 5.000000 6939.949684 2.929273 6942.878957 -7.469322 5.000000 -10.398595 5.000000 0.629377  -1   1  -1 
59401.929177 0.000000 0.000000 6938.928610 5.000000 6939.949684 2.929725 6942.879409 -1.021074 5.000000 -3.950799 5.000000 0.629377  -1   1  -1 
59401.992049 0.000000 0.000000 6903.192670 5.000000 6895.031486 2.950150 6897.981635 8.161184 5.000000 5.211035 5.000000 0.629377  -1   3  -1 
59401.994207 0.000000 0.000000 6899.182750 5.000000 6895.031486 2.950862 6897.982348 4.151264 5.000000 1.200402 5.000000 0.629377  -1   3  -1 
59401.995280 0.000000 0.000000 6902.031370 5.000000 6895.031486 2.951217 6897.982702 6.999884 5.000000 4.048668 5.000000 0.629377  -1   3  -1 
59402.794210 0.000000 0.000000 6859.435145 5.000000 6855.860266 3.270072 6859.130338 3.574879 5.000000 0.304807 5.000000 0.629377  -1   2  -1 
59402.797974 0.000000 0.000000 6861.366233 5.000000 6855.860266 3.271849 6859.132115 5.505967 5.000000 2.234118 5.000000 0.629377  -1   2  -1 
59402.801729 0.000000 0.000000 6860.352777 5.000000 6855.860266 3.273625 6859.133891 4.492511 5.000000 1.218886 5.000000 0.629377  -1   2  -1 
59402.966503 0.000000 0.000000 6944.302769 5.000000 6939.949684 3.354279 6943.303963 4.353085 5.000000 0.998806 5.000000 0.629377  -1   1  -1 
59402.968621 0.000000 0.000000 6944.448687 5.000000 6939.949684 3.355351 6943.305035 4.499003 5.000000 1.143652 5.000000 0.629377  -1   1  -1 
59402.969327 0.000000 0.000000 6945.273839 5.000000 6939.949684 3.355709 6943.305393 5.324155 5.000000 1.968446 5.000000 0.629377  -1   1  -1 
59402.970612 0.000000 0.000000 6899.831990 5.000000 6895.031486 3.356360 6898.387845 4.800504 5.000000 1.444145 5.000000 0.629377  -1   3  -1 
59402.971692 0.000000 0.000000 6898.128414 5.000000 6895.031486 3.356907 6898.388393 3.096928 5.000000 -0.259979 5.000000 0.629377  -1   3  -1 
59402.972765 0.000000 0.000000 6901.444422 5.000000 6895.031486 3.357451 6898.388937 6.412936 5.000000 3.055485 5.000000 0.629377  -1   3  -1 
59403.889282 0.000000 0.000000 6939.980070 5.000000 6939.949684 3.911196 6943.860880 0.030386 5.000000 -3.880810 5.000000 0.629377  -1   1  -1 
59403.890693 0.000000 0.000000 6944.334356 5.000000 6939.949684 3.912191 6943.861875 4.384672 5.000000 0.472481 5.000000 0.629377  -1   1  -1 
59403.891398 0.000000 0.000000 6943.834634 5.000000 6939.949684 3.912688 6943.862372 3.884950 5.000000 -0.027738 5.000000 0.629377  -1   1  -1 
59403.992215 0.000000 0.000000 6694.251168 5.000000 6692.448269 3.984901 6696.433170 1.802899 5.000000 -2.182002 5.000000 0.629377  -1   0  -1 
59404.001960 0.000000 0.000000 6694.083423 5.000000 6692.448269 3.992000 6696.440269 1.635154 5.000000 -2.356846 5.000000 0.629377  -1   0  -1 
59404.004362 0.000000 0.000000 6695.180241 5.000000 6692.448269 3.993753 6696.442022 2.731972 5.000000 -1.261781 5.000000 0.629377  -1   0  -1 
59404.084675 0.000000 0.000000 6898.123046 5.000000 6895.031486 4.053100 6899.084585 3.091560 5.000000 -0.961539 5.000000 0.629377  -1   3  -1 
59404.085749 0.000000 0.000000 6896.264679 5.000000 6895.031486 4.053903 6899.085389 1.233193 5.000000 -2.820710 5.000000 0.629377  -1   3  -1 
59404.086835 0.000000 0.000000 6900.613030 5.000000 6895.031486 4.054715 6899.086201 5.581544 5.000000 1.526829 5.000000 0.629377  -1   3  -1 
59405.737353 0.000000 0.000000 6860.131178 5.000000 6855.860266 5.528034 6861.388300 4.270912 5.000000 -1.257122 5.000000 0.629377  -1   2  -1 
59405.748644 0.000000 0.000000 6858.836390 5.000000 6855.860266 5.539065 6861.399331 2.976124 5.000000 -2.562941 5.000000 0.629377  -1   2  -1 
59405.756176 0.000000 0.000000 6858.071624 5.000000 6855.860266 5.546424 6861.406690 2.211358 5.000000 -3.335066 5.000000 0.629377  -1   2  -1 
59405.855588 0.000000 0.000000 6946.162797 5.000000 6939.949684 5.643494 6945.593177 6.213113 5.000000 0.569620 5.000000 0.629377  -1   1  -1 
59405.857000 0.000000 0.000000 6948.368859 5.000000 6939.949684 5.644871 6945.594555 8.419175 5.000000 2.774304 5.000000 0.629377  -1   1  -1 
59405.857706 0.000000 0.000000 6948.077845 5.000000 6939.949684 5.645560 6945.595244 8.128161 5.000000 2.482601 5.000000 0.629377  -1   1  -1 
59406.106963 0.000000 0.000000 6893.632502 5.000000 6895.031486 5.887200 6900.918686 -1.398984 5.000000 -7.286184 5.000000 0.629377  -1   3  -1 
59406.108044 0.000000 0.000000 6893.420341 5.000000 6895.031486 5.888239 6900.919725 -1.611145 5.000000 -7.499384 5.000000 0.629377  -1   3  -1 
59406.109128 0.000000 0.000000 6893.099435 5.000000 6895.031486 5.889281 6900.920766 -1.932051 5.000000 -7.821331 5.000000 0.629377  -1   3  -1 
59407.864238 0.000000 0.000000 6947.898876 5.000000 6939.949684 7.206876 6947.156560 7.949192 5.000000 0.742316 5.000000 0.629377  -1   1  -1 
59407.866356 0.000000 0.000000 6950.245404 5.000000 6939.949684 7.207774 6947.157457 10.295720 5.000000 3.087947 5.000000 0.629377  -1   1  -1 
59407.867063 0.000000 0.000000 6951.276220 5.000000 6939.949684 7.208073 6947.157756 11.326536 5.000000 4.118464 5.000000 0.629377  -1   1  -1 
59408.161045 0.000000 0.000000 6698.829274 5.000000 6692.448269 7.311519 6699.759787 6.381005 5.000000 -0.930513 5.000000 0.629377  -1   0  -1 
59408.163430 0.000000 0.000000 6698.230451 5.000000 6692.448269 7.312185 6699.760454 5.782182 5.000000 -1.530003 5.000000 0.629377  -1   0  -1 
59408.165807 0.000000 0.000000 6703.504550 5.000000 6692.448269 7.312846 6699.761115 11.056281 5.000000 3.743435 5.000000 0.629377  -1   0  -1 
59411.082909 0.000000 0.000000 6899.153579 5.000000 6895.031486 6.660577 6901.692062 4.122093 5.000000 -2.538483 5.000000 0.629377  -1   3  -1 
59411.083984 0.000000 0.000000 6901.305156 5.000000 6895.031486 6.660259 6901.691745 6.273670 5.000000 -0.386589 5.000000 0.629377  -1   3  -1 
59411.085060 0.000000 0.000000 6900.895801 5.000000 6895.031486 6.659941 6901.691427 5.864315 5.000000 -0.795626 5.000000 0.629377  -1   3  -1 
59411.109436 0.000000 0.000000 6696.350570 5.000000 6692.448269 6.652846 6699.101115 3.902301 5.000000 -2.750545 5.000000 0.629377  -1   0  -1 
59411.114634 0.000000 0.000000 6697.468021 5.000000 6692.448269 6.651359 6699.099628 5.019752 5.000000 -1.631607 5.000000 0.629377  -1   0  -1 
59411.121738 0.000000 0.000000 6696.824401 5.000000 6692.448269 6.649342 6699.097610 4.376132 5.000000 -2.273209 5.000000 0.629377  -1   0  -1 
59418.956092 0.000000 0.000000 6696.465900 5.000000 6692.448269 7.504510 6699.952779 4.017631 5.000000 -3.486879 5.000000 0.629377  -1   0  -1 
59418.958787 0.000000 0.000000 6696.612270 5.000000 6692.448269 7.498738 6699.947007 4.164001 5.000000 -3.334737 5.000000 0.629377  -1   0  -1 
59418.965560 0.000000 0.000000 6694.591742 5.000000 6692.448269 7.484218 6699.932487 2.143473 5.000000 -5.340745 5.000000 0.629377  -1   0  -1 
59418.981323 0.000000 0.000000 6900.843714 5.000000 6895.031486 7.450340 6902.481825 5.812228 5.000000 -1.638111 5.000000 0.629377  -1   3  -1 
59418.982407 0.000000 0.000000 6900.533258 5.000000 6895.031486 7.448006 6902.479491 5.501772 5.000000 -1.946233 5.000000 0.629377  -1   3  -1 
59418.983485 0.000000 0.000000 6894.368958 5.000000 6895.031486 7.445684 6902.477170 -0.662528 5.000000 -8.108212 5.000000 0.629377  -1   3  -1 
59419.756507 0.000000 0.000000 6865.153893 5.000000 6855.860266 5.683938 6861.544204 9.293627 5.000000 3.609689 5.000000 0.629377  -1   2  -1 
59419.775306 0.000000 0.000000 6859.701525 5.000000 6855.860266 5.639791 6861.500057 3.841259 5.000000 -1.798532 5.000000 0.629377  -1   2  -1 
59419.779068 0.000000 0.000000 6863.736508 5.000000 6855.860266 5.630956 6861.491222 7.876242 5.000000 2.245286 5.000000 0.629377  -1   2  -1 
59419.947893 0.000000 0.000000 6693.113633 5.000000 6692.448269 5.234592 6697.682861 0.665364 5.000000 -4.569228 5.000000 0.629377  -1   0  -1 
59419.986504 0.000000 0.000000 6694.850399 5.000000 6692.448269 5.144136 6697.592405 2.402130 5.000000 -2.742006 5.000000 0.629377  -1   0  -1 
59419.990052 0.000000 0.000000 6693.505750 5.000000 6692.448269 5.135830 6697.584099 1.057481 5.000000 -4.078349 5.000000 0.629377  -1   0  -1 
59420.037408 0.000000 0.000000 6897.578579 5.000000 6895.031486 5.025098 6900.056583 2.547093 5.000000 -2.478004 5.000000 0.629377  -1   3  -1 
59420.038492 0.000000 0.000000 6897.262876 5.000000 6895.031486 5.022566 6900.054052 2.231390 5.000000 -2.791176 5.000000 0.629377  -1   3  -1 
59420.040662 0.000000 0.000000 6898.747377 5.000000 6895.031486 5.017498 6900.048984 3.715891 5.000000 -1.301607 5.000000 0.629377  -1   3  -1 
59420.700637 0.000000 0.000000 6859.631126 5.000000 6855.860266 3.527317 6859.387583 3.770860 5.000000 0.243543 5.000000 0.629377  -1   2  -1 
59420.708153 0.000000 0.000000 6865.836489 5.000000 6855.860266 3.511204 6859.371470 9.976223 5.000000 6.465019 5.000000 0.629377  -1   2  -1 
59420.715676 0.000000 0.000000 6861.268969 5.000000 6855.860266 3.495101 6859.355367 5.408703 5.000000 1.913602 5.000000 0.629377  -1   2  -1 
59420.873617 0.000000 0.000000 6939.461437 5.000000 6939.949684 3.163141 6943.112825 -0.488247 5.000000 -3.651388 5.000000 0.629377  -1   1  -1 
59420.874323 0.000000 0.000000 6941.696785 5.000000 6939.949684 3.161685 6943.111368 1.747101 5.000000 -1.414583 5.000000 0.629377  -1   1  -1 
59420.875735 0.000000 0.000000 6943.554000 5.000000 6939.949684 3.158772 6943.108456 3.604316 5.000000 0.445544 5.000000 0.629377  -1   1  -1 
59420.988150 0.000000 0.000000 6901.891527 5.000000 6895.031486 2.930289 6897.961775 6.860041 5.000000 3.929752 5.000000 0.629377  -1   3  -1 
59420.990293 0.000000 0.000000 6900.790775 5.000000 6895.031486 2.926000 6897.957486 5.759289 5.000000 2.833289 5.000000 0.629377  -1   3  -1 
59420.991383 0.000000 0.000000 6902.195529 5.000000 6895.031486 2.923819 6897.955305 7.164043 5.000000 4.240224 5.000000 0.629377  -1   3  -1 
59421.112099 0.000000 0.000000 6701.838407 5.000000 6692.448269 2.686480 6695.134749 9.390138 5.000000 6.703658 5.000000 0.629377  -1   0  -1 
59421.130285 0.000000 0.000000 6698.415144 5.000000 6692.448269 2.651463 6695.099732 5.966875 5.000000 3.315412 5.000000 0.629377  -1   0  -1 
59421.136709 0.000000 0.000000 6697.608727 5.000000 6692.448269 2.639141 6695.087409 5.160458 5.000000 2.521318 5.000000 0.629377  -1   0  -1 
59422.687448 0.000000 0.000000 6860.214863 5.000000 6855.860266 0.531379 6856.391645 4.354597 5.000000 3.823218 5.000000 0.629377  -1   2  -1 
59422.694983 0.000000 0.000000 6860.947147 5.000000 6855.860266 0.525728 6856.385994 5.086881 5.000000 4.561153 5.000000 0.629377  -1   2  -1 
59422.702516 0.000000 0.000000 6855.579951 5.000000 6855.860266 0.520124 6856.380390 -0.280315 5.000000 -0.800439 5.000000 0.629377  -1   2  -1 
59422.871553 0.000000 0.000000 6938.620833 5.000000 6939.949684 0.406170 6940.355854 -1.328851 5.000000 -1.735021 5.000000 0.629377  -1   1  -1 
59422.873670 0.000000 0.000000 6941.540564 5.000000 6939.949684 0.404886 6940.354569 1.590880 5.000000 1.185995 5.000000 0.629377  -1   1  -1 
59422.874376 0.000000 0.000000 6942.284711 5.000000 6939.949684 0.404458 6940.354142 2.335027 5.000000 1.930569 5.000000 0.629377  -1   1  -1 
59423.678423 0.000000 0.000000 6862.250715 5.000000 6855.860266 0.157398 6856.017664 6.390449 5.000000 6.233051 5.000000 0.629377  -1   2  -1 
59423.685999 0.000000 0.000000 6861.409947 5.000000 6855.860266 0.157205 6856.017471 5.549681 5.000000 5.392476 5.000000 0.629377  -1   2  -1 
59423.689751 0.000000 0.000000 6857.490485 5.000000 6855.860266 0.157123 6856.017389 1.630219 5.000000 1.473096 5.000000 0.629377  -1   2  -1 
