# Tc_folded model 
-1.500000 0.933044 
-1.499000 0.940212 
-1.498000 0.947347 
-1.497000 0.954448 
-1.496000 0.961516 
-1.495000 0.968550 
-1.494000 0.975551 
-1.493000 0.982519 
-1.492000 0.989454 
-1.491000 0.996356 
-1.490000 1.003224 
-1.489000 1.010060 
-1.488000 1.016862 
-1.487000 1.023632 
-1.486000 1.030369 
-1.485000 1.037073 
-1.484000 1.043744 
-1.483000 1.050383 
-1.482000 1.056989 
-1.481000 1.063562 
-1.480000 1.070103 
-1.479000 1.076611 
-1.478000 1.083087 
-1.477000 1.089530 
-1.476000 1.095941 
-1.475000 1.102319 
-1.474000 1.108666 
-1.473000 1.114980 
-1.472000 1.121262 
-1.471000 1.127511 
-1.470000 1.133729 
-1.469000 1.139914 
-1.468000 1.146068 
-1.467000 1.152189 
-1.466000 1.158279 
-1.465000 1.164337 
-1.464000 1.170362 
-1.463000 1.176356 
-1.462000 1.182318 
-1.461000 1.188249 
-1.460000 1.194147 
-1.459000 1.200014 
-1.458000 1.205849 
-1.457000 1.211653 
-1.456000 1.217425 
-1.455000 1.223166 
-1.454000 1.228875 
-1.453000 1.234552 
-1.452000 1.240198 
-1.451000 1.245813 
-1.450000 1.251396 
-1.449000 1.256948 
-1.448000 1.262469 
-1.447000 1.267958 
-1.446000 1.273416 
-1.445000 1.278843 
-1.444000 1.284238 
-1.443000 1.289602 
-1.442000 1.294936 
-1.441000 1.300238 
-1.440000 1.305508 
-1.439000 1.310748 
-1.438000 1.315957 
-1.437000 1.321135 
-1.436000 1.326281 
-1.435000 1.331397 
-1.434000 1.336482 
-1.433000 1.341535 
-1.432000 1.346558 
-1.431000 1.351550 
-1.430000 1.356511 
-1.429000 1.361441 
-1.428000 1.366340 
-1.427000 1.371208 
-1.426000 1.376046 
-1.425000 1.380852 
-1.424000 1.385628 
-1.423000 1.390373 
-1.422000 1.395087 
-1.421000 1.399770 
-1.420000 1.404423 
-1.419000 1.409045 
-1.418000 1.413636 
-1.417000 1.418196 
-1.416000 1.422726 
-1.415000 1.427225 
-1.414000 1.431693 
-1.413000 1.436131 
-1.412000 1.440537 
-1.411000 1.444913 
-1.410000 1.449259 
-1.409000 1.453573 
-1.408000 1.457857 
-1.407000 1.462111 
-1.406000 1.466333 
-1.405000 1.470525 
-1.404000 1.474686 
-1.403000 1.478817 
-1.402000 1.482917 
-1.401000 1.486986 
-1.400000 1.491024 
-1.399000 1.495032 
-1.398000 1.499009 
-1.397000 1.502955 
-1.396000 1.506871 
-1.395000 1.510756 
-1.394000 1.514610 
-1.393000 1.518433 
-1.392000 1.522225 
-1.391000 1.525987 
-1.390000 1.529718 
-1.389000 1.533418 
-1.388000 1.537088 
-1.387000 1.540726 
-1.386000 1.544334 
-1.385000 1.547911 
-1.384000 1.551458 
-1.383000 1.554974 
-1.382000 1.558458 
-1.381000 1.561911 
-1.380000 1.565334 
-1.379000 1.568725 
-1.378000 1.572085 
-1.377000 1.575415 
-1.376000 1.578713 
-1.375000 1.581981 
-1.374000 1.585217 
-1.373000 1.588422 
-1.372000 1.591597 
-1.371000 1.594739 
-1.370000 1.597851 
-1.369000 1.600932 
-1.368000 1.603981 
-1.367000 1.606999 
-1.366000 1.609986 
-1.365000 1.612942 
-1.364000 1.615866 
-1.363000 1.618759 
-1.362000 1.621620 
-1.361000 1.624450 
-1.360000 1.627248 
-1.359000 1.630015 
-1.358000 1.632750 
-1.357000 1.635454 
-1.356000 1.638126 
-1.355000 1.640766 
-1.354000 1.643375 
-1.353000 1.645952 
-1.352000 1.648497 
-1.351000 1.651010 
-1.350000 1.653491 
-1.349000 1.655940 
-1.348000 1.658358 
-1.347000 1.660743 
-1.346000 1.663096 
-1.345000 1.665417 
-1.344000 1.667706 
-1.343000 1.669962 
-1.342000 1.672187 
-1.341000 1.674378 
-1.340000 1.676538 
-1.339000 1.678665 
-1.338000 1.680759 
-1.337000 1.682821 
-1.336000 1.684851 
-1.335000 1.686847 
-1.334000 1.688811 
-1.333000 1.690742 
-1.332000 1.692640 
-1.331000 1.694505 
-1.330000 1.696337 
-1.329000 1.698137 
-1.328000 1.699902 
-1.327000 1.701635 
-1.326000 1.703335 
-1.325000 1.705001 
-1.324000 1.706634 
-1.323000 1.708233 
-1.322000 1.709798 
-1.321000 1.711330 
-1.320000 1.712829 
-1.319000 1.714293 
-1.318000 1.715724 
-1.317000 1.717121 
-1.316000 1.718483 
-1.315000 1.719812 
-1.314000 1.721106 
-1.313000 1.722367 
-1.312000 1.723592 
-1.311000 1.724784 
-1.310000 1.725941 
-1.309000 1.727063 
-1.308000 1.728151 
-1.307000 1.729203 
-1.306000 1.730221 
-1.305000 1.731204 
-1.304000 1.732152 
-1.303000 1.733065 
-1.302000 1.733942 
-1.301000 1.734785 
-1.300000 1.735591 
-1.299000 1.736363 
-1.298000 1.737098 
-1.297000 1.737798 
-1.296000 1.738462 
-1.295000 1.739090 
-1.294000 1.739682 
-1.293000 1.740238 
-1.292000 1.740758 
-1.291000 1.741241 
-1.290000 1.741688 
-1.289000 1.742098 
-1.288000 1.742471 
-1.287000 1.742808 
-1.286000 1.743108 
-1.285000 1.743370 
-1.284000 1.743596 
-1.283000 1.743784 
-1.282000 1.743935 
-1.281000 1.744049 
-1.280000 1.744124 
-1.279000 1.744162 
-1.278000 1.744163 
-1.277000 1.744125 
-1.276000 1.744049 
-1.275000 1.743934 
-1.274000 1.743782 
-1.273000 1.743591 
-1.272000 1.743361 
-1.271000 1.743092 
-1.270000 1.742784 
-1.269000 1.742438 
-1.268000 1.742052 
-1.267000 1.741627 
-1.266000 1.741162 
-1.265000 1.740658 
-1.264000 1.740114 
-1.263000 1.739530 
-1.262000 1.738906 
-1.261000 1.738242 
-1.260000 1.737537 
-1.259000 1.736792 
-1.258000 1.736006 
-1.257000 1.735179 
-1.256000 1.734312 
-1.255000 1.733403 
-1.254000 1.732453 
-1.253000 1.731462 
-1.252000 1.730429 
-1.251000 1.729354 
-1.250000 1.728237 
-1.249000 1.727078 
-1.248000 1.725877 
-1.247000 1.724634 
-1.246000 1.723348 
-1.245000 1.722019 
-1.244000 1.720647 
-1.243000 1.719232 
-1.242000 1.717773 
-1.241000 1.716272 
-1.240000 1.714726 
-1.239000 1.713137 
-1.238000 1.711503 
-1.237000 1.709826 
-1.236000 1.708104 
-1.235000 1.706337 
-1.234000 1.704526 
-1.233000 1.702670 
-1.232000 1.700768 
-1.231000 1.698821 
-1.230000 1.696829 
-1.229000 1.694791 
-1.228000 1.692707 
-1.227000 1.690576 
-1.226000 1.688400 
-1.225000 1.686177 
-1.224000 1.683907 
-1.223000 1.681590 
-1.222000 1.679226 
-1.221000 1.676814 
-1.220000 1.674355 
-1.219000 1.671848 
-1.218000 1.669293 
-1.217000 1.666690 
-1.216000 1.664038 
-1.215000 1.661338 
-1.214000 1.658588 
-1.213000 1.655790 
-1.212000 1.652942 
-1.211000 1.650044 
-1.210000 1.647097 
-1.209000 1.644099 
-1.208000 1.641051 
-1.207000 1.637953 
-1.206000 1.634804 
-1.205000 1.631604 
-1.204000 1.628352 
-1.203000 1.625049 
-1.202000 1.621695 
-1.201000 1.618288 
-1.200000 1.614829 
-1.199000 1.611317 
-1.198000 1.607753 
-1.197000 1.604136 
-1.196000 1.600465 
-1.195000 1.596741 
-1.194000 1.592963 
-1.193000 1.589131 
-1.192000 1.585245 
-1.191000 1.581304 
-1.190000 1.577308 
-1.189000 1.573257 
-1.188000 1.569151 
-1.187000 1.564989 
-1.186000 1.560771 
-1.185000 1.556497 
-1.184000 1.552166 
-1.183000 1.547779 
-1.182000 1.543335 
-1.181000 1.538833 
-1.180000 1.534273 
-1.179000 1.529656 
-1.178000 1.524980 
-1.177000 1.520246 
-1.176000 1.515453 
-1.175000 1.510601 
-1.174000 1.505690 
-1.173000 1.500719 
-1.172000 1.495687 
-1.171000 1.490596 
-1.170000 1.485444 
-1.169000 1.480231 
-1.168000 1.474957 
-1.167000 1.469621 
-1.166000 1.464224 
-1.165000 1.458764 
-1.164000 1.453242 
-1.163000 1.447657 
-1.162000 1.442009 
-1.161000 1.436297 
-1.160000 1.430522 
-1.159000 1.424683 
-1.158000 1.418779 
-1.157000 1.412810 
-1.156000 1.406777 
-1.155000 1.400678 
-1.154000 1.394513 
-1.153000 1.388283 
-1.152000 1.381986 
-1.151000 1.375622 
-1.150000 1.369191 
-1.149000 1.362693 
-1.148000 1.356127 
-1.147000 1.349493 
-1.146000 1.342790 
-1.145000 1.336019 
-1.144000 1.329179 
-1.143000 1.322269 
-1.142000 1.315289 
-1.141000 1.308239 
-1.140000 1.301119 
-1.139000 1.293928 
-1.138000 1.286665 
-1.137000 1.279331 
-1.136000 1.271926 
-1.135000 1.264447 
-1.134000 1.256897 
-1.133000 1.249273 
-1.132000 1.241576 
-1.131000 1.233805 
-1.130000 1.225960 
-1.129000 1.218040 
-1.128000 1.210046 
-1.127000 1.201977 
-1.126000 1.193832 
-1.125000 1.185611 
-1.124000 1.177314 
-1.123000 1.168940 
-1.122000 1.160490 
-1.121000 1.151962 
-1.120000 1.143356 
-1.119000 1.134672 
-1.118000 1.125910 
-1.117000 1.117069 
-1.116000 1.108149 
-1.115000 1.099149 
-1.114000 1.090069 
-1.113000 1.080909 
-1.112000 1.071669 
-1.111000 1.062347 
-1.110000 1.052944 
-1.109000 1.043460 
-1.108000 1.033893 
-1.107000 1.024244 
-1.106000 1.014512 
-1.105000 1.004697 
-1.104000 0.994799 
-1.103000 0.984816 
-1.102000 0.974750 
-1.101000 0.964599 
-1.100000 0.954363 
-1.099000 0.944042 
-1.098000 0.933635 
-1.097000 0.923142 
-1.096000 0.912563 
-1.095000 0.901897 
-1.094000 0.891144 
-1.093000 0.880304 
-1.092000 0.869377 
-1.091000 0.858361 
-1.090000 0.847258 
-1.089000 0.836065 
-1.088000 0.824784 
-1.087000 0.813413 
-1.086000 0.801953 
-1.085000 0.790403 
-1.084000 0.778763 
-1.083000 0.767033 
-1.082000 0.755212 
-1.081000 0.743300 
-1.080000 0.731296 
-1.079000 0.719201 
-1.078000 0.707014 
-1.077000 0.694735 
-1.076000 0.682364 
-1.075000 0.669900 
-1.074000 0.657343 
-1.073000 0.644693 
-1.072000 0.631950 
-1.071000 0.619113 
-1.070000 0.606182 
-1.069000 0.593158 
-1.068000 0.580039 
-1.067000 0.566825 
-1.066000 0.553517 
-1.065000 0.540115 
-1.064000 0.526617 
-1.063000 0.513024 
-1.062000 0.499336 
-1.061000 0.485553 
-1.060000 0.471674 
-1.059000 0.457699 
-1.058000 0.443629 
-1.057000 0.429463 
-1.056000 0.415200 
-1.055000 0.400842 
-1.054000 0.386388 
-1.053000 0.371837 
-1.052000 0.357191 
-1.051000 0.342448 
-1.050000 0.327608 
-1.049000 0.312673 
-1.048000 0.297641 
-1.047000 0.282513 
-1.046000 0.267289 
-1.045000 0.251969 
-1.044000 0.236553 
-1.043000 0.221041 
-1.042000 0.205433 
-1.041000 0.189729 
-1.040000 0.173930 
-1.039000 0.158035 
-1.038000 0.142045 
-1.037000 0.125961 
-1.036000 0.109781 
-1.035000 0.093506 
-1.034000 0.077138 
-1.033000 0.060675 
-1.032000 0.044118 
-1.031000 0.027468 
-1.030000 0.010725 
-1.029000 -0.006110 
-1.028000 -0.023039 
-1.027000 -0.040059 
-1.026000 -0.057171 
-1.025000 -0.074373 
-1.024000 -0.091667 
-1.023000 -0.109050 
-1.022000 -0.126524 
-1.021000 -0.144086 
-1.020000 -0.161736 
-1.019000 -0.179475 
-1.018000 -0.197300 
-1.017000 -0.215213 
-1.016000 -0.233211 
-1.015000 -0.251294 
-1.014000 -0.269461 
-1.013000 -0.287712 
-1.012000 -0.306046 
-1.011000 -0.324462 
-1.010000 -0.342959 
-1.009000 -0.361536 
-1.008000 -0.380192 
-1.007000 -0.398927 
-1.006000 -0.417739 
-1.005000 -0.436627 
-1.004000 -0.455590 
-1.003000 -0.474627 
-1.002000 -0.493737 
-1.001000 -0.512918 
-1.000000 -0.532170 
-0.999000 -0.551492 
-0.998000 -0.570881 
-0.997000 -0.590337 
-0.996000 -0.609858 
-0.995000 -0.629443 
-0.994000 -0.649090 
-0.993000 -0.668799 
-0.992000 -0.688566 
-0.991000 -0.708392 
-0.990000 -0.728273 
-0.989000 -0.748209 
-0.988000 -0.768198 
-0.987000 -0.788239 
-0.986000 -0.808328 
-0.985000 -0.828465 
-0.984000 -0.848648 
-0.983000 -0.868875 
-0.982000 -0.889144 
-0.981000 -0.909452 
-0.980000 -0.929799 
-0.979000 -0.950181 
-0.978000 -0.970597 
-0.977000 -0.991045 
-0.976000 -1.011522 
-0.975000 -1.032026 
-0.974000 -1.052555 
-0.973000 -1.073106 
-0.972000 -1.093678 
-0.971000 -1.114267 
-0.970000 -1.134872 
-0.969000 -1.155489 
-0.968000 -1.176117 
-0.967000 -1.196752 
-0.966000 -1.217393 
-0.965000 -1.238036 
-0.964000 -1.258678 
-0.963000 -1.279318 
-0.962000 -1.299951 
-0.961000 -1.320576 
-0.960000 -1.341190 
-0.959000 -1.361789 
-0.958000 -1.382370 
-0.957000 -1.402931 
-0.956000 -1.423469 
-0.955000 -1.443980 
-0.954000 -1.464462 
-0.953000 -1.484911 
-0.952000 -1.505325 
-0.951000 -1.525699 
-0.950000 -1.546031 
-0.949000 -1.566317 
-0.948000 -1.586555 
-0.947000 -1.606740 
-0.946000 -1.626870 
-0.945000 -1.646941 
-0.944000 -1.666950 
-0.943000 -1.686893 
-0.942000 -1.706767 
-0.941000 -1.726568 
-0.940000 -1.746293 
-0.939000 -1.765939 
-0.938000 -1.785501 
-0.937000 -1.804977 
-0.936000 -1.824362 
-0.935000 -1.843654 
-0.934000 -1.862848 
-0.933000 -1.881941 
-0.932000 -1.900930 
-0.931000 -1.919810 
-0.930000 -1.938578 
-0.929000 -1.957231 
-0.928000 -1.975764 
-0.927000 -1.994175 
-0.926000 -2.012460 
-0.925000 -2.030615 
-0.924000 -2.048636 
-0.923000 -2.066519 
-0.922000 -2.084262 
-0.921000 -2.101861 
-0.920000 -2.119312 
-0.919000 -2.136611 
-0.918000 -2.153755 
-0.917000 -2.170741 
-0.916000 -2.187564 
-0.915000 -2.204223 
-0.914000 -2.220712 
-0.913000 -2.237029 
-0.912000 -2.253170 
-0.911000 -2.269132 
-0.910000 -2.284912 
-0.909000 -2.300506 
-0.908000 -2.315912 
-0.907000 -2.331125 
-0.906000 -2.346143 
-0.905000 -2.360963 
-0.904000 -2.375581 
-0.903000 -2.389995 
-0.902000 -2.404202 
-0.901000 -2.418198 
-0.900000 -2.431981 
-0.899000 -2.445548 
-0.898000 -2.458897 
-0.897000 -2.472024 
-0.896000 -2.484928 
-0.895000 -2.497604 
-0.894000 -2.510052 
-0.893000 -2.522269 
-0.892000 -2.534251 
-0.891000 -2.545998 
-0.890000 -2.557506 
-0.889000 -2.568774 
-0.888000 -2.579799 
-0.887000 -2.590580 
-0.886000 -2.601115 
-0.885000 -2.611401 
-0.884000 -2.621441 
-0.883000 -2.631225 
-0.882000 -2.640756 
-0.881000 -2.650033 
-0.880000 -2.659053 
-0.879000 -2.667815 
-0.878000 -2.676319 
-0.877000 -2.684562 
-0.876000 -2.692544 
-0.875000 -2.700264 
-0.874000 -2.707721 
-0.873000 -2.714914 
-0.872000 -2.721842 
-0.871000 -2.728505 
-0.870000 -2.734901 
-0.869000 -2.741031 
-0.868000 -2.746894 
-0.867000 -2.752489 
-0.866000 -2.757817 
-0.865000 -2.762877 
-0.864000 -2.767669 
-0.863000 -2.772193 
-0.862000 -2.776450 
-0.861000 -2.780438 
-0.860000 -2.784159 
-0.859000 -2.787613 
-0.858000 -2.790801 
-0.857000 -2.793722 
-0.856000 -2.796377 
-0.855000 -2.798767 
-0.854000 -2.800893 
-0.853000 -2.802756 
-0.852000 -2.804356 
-0.851000 -2.805694 
-0.850000 -2.806771 
-0.849000 -2.807588 
-0.848000 -2.808148 
-0.847000 -2.808449 
-0.846000 -2.808495 
-0.845000 -2.808286 
-0.844000 -2.807824 
-0.843000 -2.807110 
-0.842000 -2.806146 
-0.841000 -2.804934 
-0.840000 -2.803474 
-0.839000 -2.801769 
-0.838000 -2.799821 
-0.837000 -2.797630 
-0.836000 -2.795201 
-0.835000 -2.792533 
-0.834000 -2.789629 
-0.833000 -2.786492 
-0.832000 -2.783122 
-0.831000 -2.779523 
-0.830000 -2.775697 
-0.829000 -2.771645 
-0.828000 -2.767370 
-0.827000 -2.762874 
-0.826000 -2.758160 
-0.825000 -2.753229 
-0.824000 -2.748084 
-0.823000 -2.742728 
-0.822000 -2.737163 
-0.821000 -2.731391 
-0.820000 -2.725415 
-0.819000 -2.719238 
-0.818000 -2.712861 
-0.817000 -2.706288 
-0.816000 -2.699520 
-0.815000 -2.692562 
-0.814000 -2.685414 
-0.813000 -2.678080 
-0.812000 -2.670563 
-0.811000 -2.662864 
-0.810000 -2.654987 
-0.809000 -2.646935 
-0.808000 -2.638709 
-0.807000 -2.630313 
-0.806000 -2.621749 
-0.805000 -2.613020 
-0.804000 -2.604129 
-0.803000 -2.595078 
-0.802000 -2.585870 
-0.801000 -2.576507 
-0.800000 -2.566993 
-0.799000 -2.557330 
-0.798000 -2.547520 
-0.797000 -2.537567 
-0.796000 -2.527472 
-0.795000 -2.517239 
-0.794000 -2.506870 
-0.793000 -2.496368 
-0.792000 -2.485735 
-0.791000 -2.474974 
-0.790000 -2.464088 
-0.789000 -2.453078 
-0.788000 -2.441949 
-0.787000 -2.430701 
-0.786000 -2.419339 
-0.785000 -2.407863 
-0.784000 -2.396278 
-0.783000 -2.384584 
-0.782000 -2.372785 
-0.781000 -2.360883 
-0.780000 -2.348881 
-0.779000 -2.336780 
-0.778000 -2.324584 
-0.777000 -2.312294 
-0.776000 -2.299914 
-0.775000 -2.287444 
-0.774000 -2.274889 
-0.773000 -2.262249 
-0.772000 -2.249527 
-0.771000 -2.236725 
-0.770000 -2.223846 
-0.769000 -2.210891 
-0.768000 -2.197864 
-0.767000 -2.184765 
-0.766000 -2.171597 
-0.765000 -2.158363 
-0.764000 -2.145063 
-0.763000 -2.131701 
-0.762000 -2.118278 
-0.761000 -2.104797 
-0.760000 -2.091258 
-0.759000 -2.077665 
-0.758000 -2.064018 
-0.757000 -2.050321 
-0.756000 -2.036574 
-0.755000 -2.022780 
-0.754000 -2.008940 
-0.753000 -1.995056 
-0.752000 -1.981130 
-0.751000 -1.967164 
-0.750000 -1.953159 
-0.749000 -1.939117 
-0.748000 -1.925040 
-0.747000 -1.910929 
-0.746000 -1.896787 
-0.745000 -1.882613 
-0.744000 -1.868411 
-0.743000 -1.854181 
-0.742000 -1.839925 
-0.741000 -1.825645 
-0.740000 -1.811342 
-0.739000 -1.797018 
-0.738000 -1.782673 
-0.737000 -1.768309 
-0.736000 -1.753928 
-0.735000 -1.739532 
-0.734000 -1.725120 
-0.733000 -1.710695 
-0.732000 -1.696258 
-0.731000 -1.681810 
-0.730000 -1.667352 
-0.729000 -1.652886 
-0.728000 -1.638413 
-0.727000 -1.623933 
-0.726000 -1.609449 
-0.725000 -1.594960 
-0.724000 -1.580469 
-0.723000 -1.565977 
-0.722000 -1.551483 
-0.721000 -1.536990 
-0.720000 -1.522499 
-0.719000 -1.508010 
-0.718000 -1.493524 
-0.717000 -1.479043 
-0.716000 -1.464567 
-0.715000 -1.450098 
-0.714000 -1.435635 
-0.713000 -1.421181 
-0.712000 -1.406736 
-0.711000 -1.392300 
-0.710000 -1.377875 
-0.709000 -1.363461 
-0.708000 -1.349059 
-0.707000 -1.334671 
-0.706000 -1.320296 
-0.705000 -1.305936 
-0.704000 -1.291591 
-0.703000 -1.277262 
-0.702000 -1.262949 
-0.701000 -1.248654 
-0.700000 -1.234377 
-0.699000 -1.220118 
-0.698000 -1.205879 
-0.697000 -1.191660 
-0.696000 -1.177461 
-0.695000 -1.163284 
-0.694000 -1.149128 
-0.693000 -1.134994 
-0.692000 -1.120883 
-0.691000 -1.106796 
-0.690000 -1.092732 
-0.689000 -1.078693 
-0.688000 -1.064679 
-0.687000 -1.050690 
-0.686000 -1.036727 
-0.685000 -1.022791 
-0.684000 -1.008881 
-0.683000 -0.994999 
-0.682000 -0.981144 
-0.681000 -0.967317 
-0.680000 -0.953519 
-0.679000 -0.939750 
-0.678000 -0.926010 
-0.677000 -0.912300 
-0.676000 -0.898620 
-0.675000 -0.884970 
-0.674000 -0.871351 
-0.673000 -0.857763 
-0.672000 -0.844207 
-0.671000 -0.830682 
-0.670000 -0.817190 
-0.669000 -0.803730 
-0.668000 -0.790302 
-0.667000 -0.776908 
-0.666000 -0.763547 
-0.665000 -0.750219 
-0.664000 -0.736925 
-0.663000 -0.723665 
-0.662000 -0.710439 
-0.661000 -0.697248 
-0.660000 -0.684091 
-0.659000 -0.670970 
-0.658000 -0.657883 
-0.657000 -0.644832 
-0.656000 -0.631817 
-0.655000 -0.618837 
-0.654000 -0.605893 
-0.653000 -0.592986 
-0.652000 -0.580115 
-0.651000 -0.567280 
-0.650000 -0.554482 
-0.649000 -0.541720 
-0.648000 -0.528996 
-0.647000 -0.516309 
-0.646000 -0.503658 
-0.645000 -0.491046 
-0.644000 -0.478470 
-0.643000 -0.465933 
-0.642000 -0.453433 
-0.641000 -0.440971 
-0.640000 -0.428547 
-0.639000 -0.416161 
-0.638000 -0.403813 
-0.637000 -0.391503 
-0.636000 -0.379232 
-0.635000 -0.366999 
-0.634000 -0.354804 
-0.633000 -0.342648 
-0.632000 -0.330531 
-0.631000 -0.318453 
-0.630000 -0.306413 
-0.629000 -0.294412 
-0.628000 -0.282450 
-0.627000 -0.270527 
-0.626000 -0.258642 
-0.625000 -0.246797 
-0.624000 -0.234991 
-0.623000 -0.223224 
-0.622000 -0.211497 
-0.621000 -0.199808 
-0.620000 -0.188159 
-0.619000 -0.176548 
-0.618000 -0.164977 
-0.617000 -0.153446 
-0.616000 -0.141953 
-0.615000 -0.130500 
-0.614000 -0.119087 
-0.613000 -0.107712 
-0.612000 -0.096377 
-0.611000 -0.085081 
-0.610000 -0.073825 
-0.609000 -0.062608 
-0.608000 -0.051430 
-0.607000 -0.040291 
-0.606000 -0.029192 
-0.605000 -0.018132 
-0.604000 -0.007112 
-0.603000 0.003870 
-0.602000 0.014812 
-0.601000 0.025715 
-0.600000 0.036578 
-0.599000 0.047403 
-0.598000 0.058188 
-0.597000 0.068934 
-0.596000 0.079641 
-0.595000 0.090309 
-0.594000 0.100938 
-0.593000 0.111528 
-0.592000 0.122079 
-0.591000 0.132590 
-0.590000 0.143063 
-0.589000 0.153497 
-0.588000 0.163893 
-0.587000 0.174249 
-0.586000 0.184567 
-0.585000 0.194846 
-0.584000 0.205086 
-0.583000 0.215288 
-0.582000 0.225451 
-0.581000 0.235575 
-0.580000 0.245661 
-0.579000 0.255709 
-0.578000 0.265718 
-0.577000 0.275689 
-0.576000 0.285621 
-0.575000 0.295515 
-0.574000 0.305372 
-0.573000 0.315190 
-0.572000 0.324969 
-0.571000 0.334711 
-0.570000 0.344415 
-0.569000 0.354081 
-0.568000 0.363709 
-0.567000 0.373300 
-0.566000 0.382852 
-0.565000 0.392367 
-0.564000 0.401844 
-0.563000 0.411284 
-0.562000 0.420686 
-0.561000 0.430051 
-0.560000 0.439379 
-0.559000 0.448669 
-0.558000 0.457922 
-0.557000 0.467137 
-0.556000 0.476316 
-0.555000 0.485457 
-0.554000 0.494562 
-0.553000 0.503630 
-0.552000 0.512660 
-0.551000 0.521654 
-0.550000 0.530611 
-0.549000 0.539532 
-0.548000 0.548415 
-0.547000 0.557263 
-0.546000 0.566074 
-0.545000 0.574848 
-0.544000 0.583586 
-0.543000 0.592288 
-0.542000 0.600953 
-0.541000 0.609582 
-0.540000 0.618176 
-0.539000 0.626733 
-0.538000 0.635254 
-0.537000 0.643739 
-0.536000 0.652189 
-0.535000 0.660603 
-0.534000 0.668981 
-0.533000 0.677323 
-0.532000 0.685630 
-0.531000 0.693901 
-0.530000 0.702137 
-0.529000 0.710338 
-0.528000 0.718503 
-0.527000 0.726633 
-0.526000 0.734727 
-0.525000 0.742787 
-0.524000 0.750811 
-0.523000 0.758801 
-0.522000 0.766756 
-0.521000 0.774675 
-0.520000 0.782560 
-0.519000 0.790410 
-0.518000 0.798226 
-0.517000 0.806007 
-0.516000 0.813753 
-0.515000 0.821465 
-0.514000 0.829142 
-0.513000 0.836785 
-0.512000 0.844394 
-0.511000 0.851969 
-0.510000 0.859509 
-0.509000 0.867015 
-0.508000 0.874487 
-0.507000 0.881925 
-0.506000 0.889329 
-0.505000 0.896700 
-0.504000 0.904036 
-0.503000 0.911339 
-0.502000 0.918607 
-0.501000 0.925843 
-0.500000 0.933044 
-0.499000 0.940212 
-0.498000 0.947347 
-0.497000 0.954448 
-0.496000 0.961516 
-0.495000 0.968550 
-0.494000 0.975551 
-0.493000 0.982519 
-0.492000 0.989454 
-0.491000 0.996356 
-0.490000 1.003224 
-0.489000 1.010060 
-0.488000 1.016862 
-0.487000 1.023632 
-0.486000 1.030369 
-0.485000 1.037073 
-0.484000 1.043744 
-0.483000 1.050383 
-0.482000 1.056989 
-0.481000 1.063562 
-0.480000 1.070103 
-0.479000 1.076611 
-0.478000 1.083087 
-0.477000 1.089530 
-0.476000 1.095941 
-0.475000 1.102319 
-0.474000 1.108666 
-0.473000 1.114980 
-0.472000 1.121262 
-0.471000 1.127511 
-0.470000 1.133729 
-0.469000 1.139914 
-0.468000 1.146068 
-0.467000 1.152189 
-0.466000 1.158279 
-0.465000 1.164337 
-0.464000 1.170362 
-0.463000 1.176356 
-0.462000 1.182318 
-0.461000 1.188249 
-0.460000 1.194147 
-0.459000 1.200014 
-0.458000 1.205849 
-0.457000 1.211653 
-0.456000 1.217425 
-0.455000 1.223166 
-0.454000 1.228875 
-0.453000 1.234552 
-0.452000 1.240198 
-0.451000 1.245813 
-0.450000 1.251396 
-0.449000 1.256948 
-0.448000 1.262469 
-0.447000 1.267958 
-0.446000 1.273416 
-0.445000 1.278843 
-0.444000 1.284238 
-0.443000 1.289602 
-0.442000 1.294936 
-0.441000 1.300238 
-0.440000 1.305508 
-0.439000 1.310748 
-0.438000 1.315957 
-0.437000 1.321135 
-0.436000 1.326281 
-0.435000 1.331397 
-0.434000 1.336482 
-0.433000 1.341535 
-0.432000 1.346558 
-0.431000 1.351550 
-0.430000 1.356511 
-0.429000 1.361441 
-0.428000 1.366340 
-0.427000 1.371208 
-0.426000 1.376046 
-0.425000 1.380852 
-0.424000 1.385628 
-0.423000 1.390373 
-0.422000 1.395087 
-0.421000 1.399770 
-0.420000 1.404423 
-0.419000 1.409045 
-0.418000 1.413636 
-0.417000 1.418196 
-0.416000 1.422726 
-0.415000 1.427225 
-0.414000 1.431693 
-0.413000 1.436131 
-0.412000 1.440537 
-0.411000 1.444913 
-0.410000 1.449259 
-0.409000 1.453573 
-0.408000 1.457857 
-0.407000 1.462111 
-0.406000 1.466333 
-0.405000 1.470525 
-0.404000 1.474686 
-0.403000 1.478817 
-0.402000 1.482917 
-0.401000 1.486986 
-0.400000 1.491024 
-0.399000 1.495032 
-0.398000 1.499009 
-0.397000 1.502955 
-0.396000 1.506871 
-0.395000 1.510756 
-0.394000 1.514610 
-0.393000 1.518433 
-0.392000 1.522225 
-0.391000 1.525987 
-0.390000 1.529718 
-0.389000 1.533418 
-0.388000 1.537088 
-0.387000 1.540726 
-0.386000 1.544334 
-0.385000 1.547911 
-0.384000 1.551458 
-0.383000 1.554974 
-0.382000 1.558458 
-0.381000 1.561911 
-0.380000 1.565334 
-0.379000 1.568725 
-0.378000 1.572085 
-0.377000 1.575415 
-0.376000 1.578713 
-0.375000 1.581981 
-0.374000 1.585217 
-0.373000 1.588422 
-0.372000 1.591597 
-0.371000 1.594739 
-0.370000 1.597851 
-0.369000 1.600932 
-0.368000 1.603981 
-0.367000 1.606999 
-0.366000 1.609986 
-0.365000 1.612942 
-0.364000 1.615866 
-0.363000 1.618759 
-0.362000 1.621620 
-0.361000 1.624450 
-0.360000 1.627248 
-0.359000 1.630015 
-0.358000 1.632750 
-0.357000 1.635454 
-0.356000 1.638126 
-0.355000 1.640766 
-0.354000 1.643375 
-0.353000 1.645952 
-0.352000 1.648497 
-0.351000 1.651010 
-0.350000 1.653491 
-0.349000 1.655940 
-0.348000 1.658358 
-0.347000 1.660743 
-0.346000 1.663096 
-0.345000 1.665417 
-0.344000 1.667706 
-0.343000 1.669962 
-0.342000 1.672187 
-0.341000 1.674378 
-0.340000 1.676538 
-0.339000 1.678665 
-0.338000 1.680759 
-0.337000 1.682821 
-0.336000 1.684851 
-0.335000 1.686847 
-0.334000 1.688811 
-0.333000 1.690742 
-0.332000 1.692640 
-0.331000 1.694505 
-0.330000 1.696337 
-0.329000 1.698137 
-0.328000 1.699902 
-0.327000 1.701635 
-0.326000 1.703335 
-0.325000 1.705001 
-0.324000 1.706634 
-0.323000 1.708233 
-0.322000 1.709798 
-0.321000 1.711330 
-0.320000 1.712829 
-0.319000 1.714293 
-0.318000 1.715724 
-0.317000 1.717121 
-0.316000 1.718483 
-0.315000 1.719812 
-0.314000 1.721106 
-0.313000 1.722367 
-0.312000 1.723592 
-0.311000 1.724784 
-0.310000 1.725941 
-0.309000 1.727063 
-0.308000 1.728151 
-0.307000 1.729203 
-0.306000 1.730221 
-0.305000 1.731204 
-0.304000 1.732152 
-0.303000 1.733065 
-0.302000 1.733942 
-0.301000 1.734785 
-0.300000 1.735591 
-0.299000 1.736363 
-0.298000 1.737098 
-0.297000 1.737798 
-0.296000 1.738462 
-0.295000 1.739090 
-0.294000 1.739682 
-0.293000 1.740238 
-0.292000 1.740758 
-0.291000 1.741241 
-0.290000 1.741688 
-0.289000 1.742098 
-0.288000 1.742471 
-0.287000 1.742808 
-0.286000 1.743108 
-0.285000 1.743370 
-0.284000 1.743596 
-0.283000 1.743784 
-0.282000 1.743935 
-0.281000 1.744049 
-0.280000 1.744124 
-0.279000 1.744162 
-0.278000 1.744163 
-0.277000 1.744125 
-0.276000 1.744049 
-0.275000 1.743934 
-0.274000 1.743782 
-0.273000 1.743591 
-0.272000 1.743361 
-0.271000 1.743092 
-0.270000 1.742784 
-0.269000 1.742438 
-0.268000 1.742052 
-0.267000 1.741627 
-0.266000 1.741162 
-0.265000 1.740658 
-0.264000 1.740114 
-0.263000 1.739530 
-0.262000 1.738906 
-0.261000 1.738242 
-0.260000 1.737537 
-0.259000 1.736792 
-0.258000 1.736006 
-0.257000 1.735179 
-0.256000 1.734312 
-0.255000 1.733403 
-0.254000 1.732453 
-0.253000 1.731462 
-0.252000 1.730429 
-0.251000 1.729354 
-0.250000 1.728237 
-0.249000 1.727078 
-0.248000 1.725877 
-0.247000 1.724634 
-0.246000 1.723348 
-0.245000 1.722019 
-0.244000 1.720647 
-0.243000 1.719232 
-0.242000 1.717773 
-0.241000 1.716272 
-0.240000 1.714726 
-0.239000 1.713137 
-0.238000 1.711503 
-0.237000 1.709826 
-0.236000 1.708104 
-0.235000 1.706337 
-0.234000 1.704526 
-0.233000 1.702670 
-0.232000 1.700768 
-0.231000 1.698821 
-0.230000 1.696829 
-0.229000 1.694791 
-0.228000 1.692707 
-0.227000 1.690576 
-0.226000 1.688400 
-0.225000 1.686177 
-0.224000 1.683907 
-0.223000 1.681590 
-0.222000 1.679226 
-0.221000 1.676814 
-0.220000 1.674355 
-0.219000 1.671848 
-0.218000 1.669293 
-0.217000 1.666690 
-0.216000 1.664038 
-0.215000 1.661338 
-0.214000 1.658588 
-0.213000 1.655790 
-0.212000 1.652942 
-0.211000 1.650044 
-0.210000 1.647097 
-0.209000 1.644099 
-0.208000 1.641051 
-0.207000 1.637953 
-0.206000 1.634804 
-0.205000 1.631604 
-0.204000 1.628352 
-0.203000 1.625049 
-0.202000 1.621695 
-0.201000 1.618288 
-0.200000 1.614829 
-0.199000 1.611317 
-0.198000 1.607753 
-0.197000 1.604136 
-0.196000 1.600465 
-0.195000 1.596741 
-0.194000 1.592963 
-0.193000 1.589131 
-0.192000 1.585245 
-0.191000 1.581304 
-0.190000 1.577308 
-0.189000 1.573257 
-0.188000 1.569151 
-0.187000 1.564989 
-0.186000 1.560771 
-0.185000 1.556497 
-0.184000 1.552166 
-0.183000 1.547779 
-0.182000 1.543335 
-0.181000 1.538833 
-0.180000 1.534273 
-0.179000 1.529656 
-0.178000 1.524980 
-0.177000 1.520246 
-0.176000 1.515453 
-0.175000 1.510601 
-0.174000 1.505690 
-0.173000 1.500719 
-0.172000 1.495687 
-0.171000 1.490596 
-0.170000 1.485444 
-0.169000 1.480231 
-0.168000 1.474957 
-0.167000 1.469621 
-0.166000 1.464224 
-0.165000 1.458764 
-0.164000 1.453242 
-0.163000 1.447657 
-0.162000 1.442009 
-0.161000 1.436297 
-0.160000 1.430522 
-0.159000 1.424683 
-0.158000 1.418779 
-0.157000 1.412810 
-0.156000 1.406777 
-0.155000 1.400678 
-0.154000 1.394513 
-0.153000 1.388283 
-0.152000 1.381986 
-0.151000 1.375622 
-0.150000 1.369191 
-0.149000 1.362693 
-0.148000 1.356127 
-0.147000 1.349493 
-0.146000 1.342790 
-0.145000 1.336019 
-0.144000 1.329179 
-0.143000 1.322269 
-0.142000 1.315289 
-0.141000 1.308239 
-0.140000 1.301119 
-0.139000 1.293928 
-0.138000 1.286665 
-0.137000 1.279331 
-0.136000 1.271926 
-0.135000 1.264447 
-0.134000 1.256897 
-0.133000 1.249273 
-0.132000 1.241576 
-0.131000 1.233805 
-0.130000 1.225960 
-0.129000 1.218040 
-0.128000 1.210046 
-0.127000 1.201977 
-0.126000 1.193832 
-0.125000 1.185611 
-0.124000 1.177314 
-0.123000 1.168940 
-0.122000 1.160490 
-0.121000 1.151962 
-0.120000 1.143356 
-0.119000 1.134672 
-0.118000 1.125910 
-0.117000 1.117069 
-0.116000 1.108149 
-0.115000 1.099149 
-0.114000 1.090069 
-0.113000 1.080909 
-0.112000 1.071669 
-0.111000 1.062347 
-0.110000 1.052944 
-0.109000 1.043460 
-0.108000 1.033893 
-0.107000 1.024244 
-0.106000 1.014512 
-0.105000 1.004697 
-0.104000 0.994799 
-0.103000 0.984816 
-0.102000 0.974750 
-0.101000 0.964599 
-0.100000 0.954363 
-0.099000 0.944042 
-0.098000 0.933635 
-0.097000 0.923142 
-0.096000 0.912563 
-0.095000 0.901897 
-0.094000 0.891144 
-0.093000 0.880304 
-0.092000 0.869377 
-0.091000 0.858361 
-0.090000 0.847258 
-0.089000 0.836065 
-0.088000 0.824784 
-0.087000 0.813413 
-0.086000 0.801953 
-0.085000 0.790403 
-0.084000 0.778763 
-0.083000 0.767033 
-0.082000 0.755212 
-0.081000 0.743300 
-0.080000 0.731296 
-0.079000 0.719201 
-0.078000 0.707014 
-0.077000 0.694735 
-0.076000 0.682364 
-0.075000 0.669900 
-0.074000 0.657343 
-0.073000 0.644693 
-0.072000 0.631950 
-0.071000 0.619113 
-0.070000 0.606182 
-0.069000 0.593158 
-0.068000 0.580039 
-0.067000 0.566825 
-0.066000 0.553517 
-0.065000 0.540115 
-0.064000 0.526617 
-0.063000 0.513024 
-0.062000 0.499336 
-0.061000 0.485553 
-0.060000 0.471674 
-0.059000 0.457699 
-0.058000 0.443629 
-0.057000 0.429463 
-0.056000 0.415200 
-0.055000 0.400842 
-0.054000 0.386388 
-0.053000 0.371837 
-0.052000 0.357191 
-0.051000 0.342448 
-0.050000 0.327608 
-0.049000 0.312673 
-0.048000 0.297641 
-0.047000 0.282513 
-0.046000 0.267289 
-0.045000 0.251969 
-0.044000 0.236553 
-0.043000 0.221041 
-0.042000 0.205433 
-0.041000 0.189729 
-0.040000 0.173930 
-0.039000 0.158035 
-0.038000 0.142045 
-0.037000 0.125961 
-0.036000 0.109781 
-0.035000 0.093506 
-0.034000 0.077138 
-0.033000 0.060675 
-0.032000 0.044118 
-0.031000 0.027468 
-0.030000 0.010725 
-0.029000 -0.006110 
-0.028000 -0.023039 
-0.027000 -0.040059 
-0.026000 -0.057171 
-0.025000 -0.074373 
-0.024000 -0.091667 
-0.023000 -0.109050 
-0.022000 -0.126524 
-0.021000 -0.144086 
-0.020000 -0.161736 
-0.019000 -0.179475 
-0.018000 -0.197300 
-0.017000 -0.215213 
-0.016000 -0.233211 
-0.015000 -0.251294 
-0.014000 -0.269461 
-0.013000 -0.287712 
-0.012000 -0.306046 
-0.011000 -0.324462 
-0.010000 -0.342959 
-0.009000 -0.361536 
-0.008000 -0.380192 
-0.007000 -0.398927 
-0.006000 -0.417739 
-0.005000 -0.436627 
-0.004000 -0.455590 
-0.003000 -0.474627 
-0.002000 -0.493737 
-0.001000 -0.512918 
-0.000000 -0.532170 
0.001000 -0.551492 
0.002000 -0.570881 
0.003000 -0.590337 
0.004000 -0.609858 
0.005000 -0.629443 
0.006000 -0.649090 
0.007000 -0.668799 
0.008000 -0.688566 
0.009000 -0.708392 
0.010000 -0.728273 
0.011000 -0.748209 
0.012000 -0.768198 
0.013000 -0.788239 
0.014000 -0.808328 
0.015000 -0.828465 
0.016000 -0.848648 
0.017000 -0.868875 
0.018000 -0.889144 
0.019000 -0.909452 
0.020000 -0.929799 
0.021000 -0.950181 
0.022000 -0.970597 
0.023000 -0.991045 
0.024000 -1.011522 
0.025000 -1.032026 
0.026000 -1.052555 
0.027000 -1.073106 
0.028000 -1.093678 
0.029000 -1.114267 
0.030000 -1.134872 
0.031000 -1.155489 
0.032000 -1.176117 
0.033000 -1.196752 
0.034000 -1.217393 
0.035000 -1.238036 
0.036000 -1.258678 
0.037000 -1.279318 
0.038000 -1.299951 
0.039000 -1.320576 
0.040000 -1.341190 
0.041000 -1.361789 
0.042000 -1.382370 
0.043000 -1.402931 
0.044000 -1.423469 
0.045000 -1.443980 
0.046000 -1.464462 
0.047000 -1.484911 
0.048000 -1.505325 
0.049000 -1.525699 
0.050000 -1.546031 
0.051000 -1.566317 
0.052000 -1.586555 
0.053000 -1.606740 
0.054000 -1.626870 
0.055000 -1.646941 
0.056000 -1.666950 
0.057000 -1.686893 
0.058000 -1.706767 
0.059000 -1.726568 
0.060000 -1.746293 
0.061000 -1.765939 
0.062000 -1.785501 
0.063000 -1.804977 
0.064000 -1.824362 
0.065000 -1.843654 
0.066000 -1.862848 
0.067000 -1.881941 
0.068000 -1.900930 
0.069000 -1.919810 
0.070000 -1.938578 
0.071000 -1.957231 
0.072000 -1.975764 
0.073000 -1.994175 
0.074000 -2.012460 
0.075000 -2.030615 
0.076000 -2.048636 
0.077000 -2.066519 
0.078000 -2.084262 
0.079000 -2.101861 
0.080000 -2.119312 
0.081000 -2.136611 
0.082000 -2.153755 
0.083000 -2.170741 
0.084000 -2.187564 
0.085000 -2.204223 
0.086000 -2.220712 
0.087000 -2.237029 
0.088000 -2.253170 
0.089000 -2.269132 
0.090000 -2.284912 
0.091000 -2.300506 
0.092000 -2.315912 
0.093000 -2.331125 
0.094000 -2.346143 
0.095000 -2.360963 
0.096000 -2.375581 
0.097000 -2.389995 
0.098000 -2.404202 
0.099000 -2.418198 
0.100000 -2.431981 
0.101000 -2.445548 
0.102000 -2.458897 
0.103000 -2.472024 
0.104000 -2.484928 
0.105000 -2.497604 
0.106000 -2.510052 
0.107000 -2.522269 
0.108000 -2.534251 
0.109000 -2.545998 
0.110000 -2.557506 
0.111000 -2.568774 
0.112000 -2.579799 
0.113000 -2.590580 
0.114000 -2.601115 
0.115000 -2.611401 
0.116000 -2.621441 
0.117000 -2.631225 
0.118000 -2.640756 
0.119000 -2.650033 
0.120000 -2.659053 
0.121000 -2.667815 
0.122000 -2.676319 
0.123000 -2.684562 
0.124000 -2.692544 
0.125000 -2.700264 
0.126000 -2.707721 
0.127000 -2.714914 
0.128000 -2.721842 
0.129000 -2.728505 
0.130000 -2.734901 
0.131000 -2.741031 
0.132000 -2.746894 
0.133000 -2.752489 
0.134000 -2.757817 
0.135000 -2.762877 
0.136000 -2.767669 
0.137000 -2.772193 
0.138000 -2.776450 
0.139000 -2.780438 
0.140000 -2.784159 
0.141000 -2.787613 
0.142000 -2.790801 
0.143000 -2.793722 
0.144000 -2.796377 
0.145000 -2.798767 
0.146000 -2.800893 
0.147000 -2.802756 
0.148000 -2.804356 
0.149000 -2.805694 
0.150000 -2.806771 
0.151000 -2.807588 
0.152000 -2.808148 
0.153000 -2.808449 
0.154000 -2.808495 
0.155000 -2.808286 
0.156000 -2.807824 
0.157000 -2.807110 
0.158000 -2.806146 
0.159000 -2.804934 
0.160000 -2.803474 
0.161000 -2.801769 
0.162000 -2.799821 
0.163000 -2.797630 
0.164000 -2.795201 
0.165000 -2.792533 
0.166000 -2.789629 
0.167000 -2.786492 
0.168000 -2.783122 
0.169000 -2.779523 
0.170000 -2.775697 
0.171000 -2.771645 
0.172000 -2.767370 
0.173000 -2.762874 
0.174000 -2.758160 
0.175000 -2.753229 
0.176000 -2.748084 
0.177000 -2.742728 
0.178000 -2.737163 
0.179000 -2.731391 
0.180000 -2.725415 
0.181000 -2.719238 
0.182000 -2.712861 
0.183000 -2.706288 
0.184000 -2.699520 
0.185000 -2.692562 
0.186000 -2.685414 
0.187000 -2.678080 
0.188000 -2.670563 
0.189000 -2.662864 
0.190000 -2.654987 
0.191000 -2.646935 
0.192000 -2.638709 
0.193000 -2.630313 
0.194000 -2.621749 
0.195000 -2.613020 
0.196000 -2.604129 
0.197000 -2.595078 
0.198000 -2.585870 
0.199000 -2.576507 
0.200000 -2.566993 
0.201000 -2.557330 
0.202000 -2.547520 
0.203000 -2.537567 
0.204000 -2.527472 
0.205000 -2.517239 
0.206000 -2.506870 
0.207000 -2.496368 
0.208000 -2.485735 
0.209000 -2.474974 
0.210000 -2.464088 
0.211000 -2.453078 
0.212000 -2.441949 
0.213000 -2.430701 
0.214000 -2.419339 
0.215000 -2.407863 
0.216000 -2.396278 
0.217000 -2.384584 
0.218000 -2.372785 
0.219000 -2.360883 
0.220000 -2.348881 
0.221000 -2.336780 
0.222000 -2.324584 
0.223000 -2.312294 
0.224000 -2.299914 
0.225000 -2.287444 
0.226000 -2.274889 
0.227000 -2.262249 
0.228000 -2.249527 
0.229000 -2.236725 
0.230000 -2.223846 
0.231000 -2.210891 
0.232000 -2.197864 
0.233000 -2.184765 
0.234000 -2.171597 
0.235000 -2.158363 
0.236000 -2.145063 
0.237000 -2.131701 
0.238000 -2.118278 
0.239000 -2.104797 
0.240000 -2.091258 
0.241000 -2.077665 
0.242000 -2.064018 
0.243000 -2.050321 
0.244000 -2.036574 
0.245000 -2.022780 
0.246000 -2.008940 
0.247000 -1.995056 
0.248000 -1.981130 
0.249000 -1.967164 
0.250000 -1.953159 
0.251000 -1.939117 
0.252000 -1.925040 
0.253000 -1.910929 
0.254000 -1.896787 
0.255000 -1.882613 
0.256000 -1.868411 
0.257000 -1.854181 
0.258000 -1.839925 
0.259000 -1.825645 
0.260000 -1.811342 
0.261000 -1.797018 
0.262000 -1.782673 
0.263000 -1.768309 
0.264000 -1.753928 
0.265000 -1.739532 
0.266000 -1.725120 
0.267000 -1.710695 
0.268000 -1.696258 
0.269000 -1.681810 
0.270000 -1.667352 
0.271000 -1.652886 
0.272000 -1.638413 
0.273000 -1.623933 
0.274000 -1.609449 
0.275000 -1.594960 
0.276000 -1.580469 
0.277000 -1.565977 
0.278000 -1.551483 
0.279000 -1.536990 
0.280000 -1.522499 
0.281000 -1.508010 
0.282000 -1.493524 
0.283000 -1.479043 
0.284000 -1.464567 
0.285000 -1.450098 
0.286000 -1.435635 
0.287000 -1.421181 
0.288000 -1.406736 
0.289000 -1.392300 
0.290000 -1.377875 
0.291000 -1.363461 
0.292000 -1.349059 
0.293000 -1.334671 
0.294000 -1.320296 
0.295000 -1.305936 
0.296000 -1.291591 
0.297000 -1.277262 
0.298000 -1.262949 
0.299000 -1.248654 
0.300000 -1.234377 
0.301000 -1.220118 
0.302000 -1.205879 
0.303000 -1.191660 
0.304000 -1.177461 
0.305000 -1.163284 
0.306000 -1.149128 
0.307000 -1.134994 
0.308000 -1.120883 
0.309000 -1.106796 
0.310000 -1.092732 
0.311000 -1.078693 
0.312000 -1.064679 
0.313000 -1.050690 
0.314000 -1.036727 
0.315000 -1.022791 
0.316000 -1.008881 
0.317000 -0.994999 
0.318000 -0.981144 
0.319000 -0.967317 
0.320000 -0.953519 
0.321000 -0.939750 
0.322000 -0.926010 
0.323000 -0.912300 
0.324000 -0.898620 
0.325000 -0.884970 
0.326000 -0.871351 
0.327000 -0.857763 
0.328000 -0.844207 
0.329000 -0.830682 
0.330000 -0.817190 
0.331000 -0.803730 
0.332000 -0.790302 
0.333000 -0.776908 
0.334000 -0.763547 
0.335000 -0.750219 
0.336000 -0.736925 
0.337000 -0.723665 
0.338000 -0.710439 
0.339000 -0.697248 
0.340000 -0.684091 
0.341000 -0.670970 
0.342000 -0.657883 
0.343000 -0.644832 
0.344000 -0.631817 
0.345000 -0.618837 
0.346000 -0.605893 
0.347000 -0.592986 
0.348000 -0.580115 
0.349000 -0.567280 
0.350000 -0.554482 
0.351000 -0.541720 
0.352000 -0.528996 
0.353000 -0.516309 
0.354000 -0.503658 
0.355000 -0.491046 
0.356000 -0.478470 
0.357000 -0.465933 
0.358000 -0.453433 
0.359000 -0.440971 
0.360000 -0.428547 
0.361000 -0.416161 
0.362000 -0.403813 
0.363000 -0.391503 
0.364000 -0.379232 
0.365000 -0.366999 
0.366000 -0.354804 
0.367000 -0.342648 
0.368000 -0.330531 
0.369000 -0.318453 
0.370000 -0.306413 
0.371000 -0.294412 
0.372000 -0.282450 
0.373000 -0.270527 
0.374000 -0.258642 
0.375000 -0.246797 
0.376000 -0.234991 
0.377000 -0.223224 
0.378000 -0.211497 
0.379000 -0.199808 
0.380000 -0.188159 
0.381000 -0.176548 
0.382000 -0.164977 
0.383000 -0.153446 
0.384000 -0.141953 
0.385000 -0.130500 
0.386000 -0.119087 
0.387000 -0.107712 
0.388000 -0.096377 
0.389000 -0.085081 
0.390000 -0.073825 
0.391000 -0.062608 
0.392000 -0.051430 
0.393000 -0.040291 
0.394000 -0.029192 
0.395000 -0.018132 
0.396000 -0.007112 
0.397000 0.003870 
0.398000 0.014812 
0.399000 0.025715 
0.400000 0.036578 
0.401000 0.047403 
0.402000 0.058188 
0.403000 0.068934 
0.404000 0.079641 
0.405000 0.090309 
0.406000 0.100938 
0.407000 0.111528 
0.408000 0.122079 
0.409000 0.132590 
0.410000 0.143063 
0.411000 0.153497 
0.412000 0.163893 
0.413000 0.174249 
0.414000 0.184567 
0.415000 0.194846 
0.416000 0.205086 
0.417000 0.215288 
0.418000 0.225451 
0.419000 0.235575 
0.420000 0.245661 
0.421000 0.255709 
0.422000 0.265718 
0.423000 0.275689 
0.424000 0.285621 
0.425000 0.295515 
0.426000 0.305372 
0.427000 0.315190 
0.428000 0.324969 
0.429000 0.334711 
0.430000 0.344415 
0.431000 0.354081 
0.432000 0.363709 
0.433000 0.373300 
0.434000 0.382852 
0.435000 0.392367 
0.436000 0.401844 
0.437000 0.411284 
0.438000 0.420686 
0.439000 0.430051 
0.440000 0.439379 
0.441000 0.448669 
0.442000 0.457922 
0.443000 0.467137 
0.444000 0.476316 
0.445000 0.485457 
0.446000 0.494562 
0.447000 0.503630 
0.448000 0.512660 
0.449000 0.521654 
0.450000 0.530611 
0.451000 0.539532 
0.452000 0.548415 
0.453000 0.557263 
0.454000 0.566074 
0.455000 0.574848 
0.456000 0.583586 
0.457000 0.592288 
0.458000 0.600953 
0.459000 0.609582 
0.460000 0.618176 
0.461000 0.626733 
0.462000 0.635254 
0.463000 0.643739 
0.464000 0.652189 
0.465000 0.660603 
0.466000 0.668981 
0.467000 0.677323 
0.468000 0.685630 
0.469000 0.693901 
0.470000 0.702137 
0.471000 0.710338 
0.472000 0.718503 
0.473000 0.726633 
0.474000 0.734727 
0.475000 0.742787 
0.476000 0.750811 
0.477000 0.758801 
0.478000 0.766756 
0.479000 0.774675 
0.480000 0.782560 
0.481000 0.790410 
0.482000 0.798226 
0.483000 0.806007 
0.484000 0.813753 
0.485000 0.821465 
0.486000 0.829142 
0.487000 0.836785 
0.488000 0.844394 
0.489000 0.851969 
0.490000 0.859509 
0.491000 0.867015 
0.492000 0.874487 
0.493000 0.881925 
0.494000 0.889329 
0.495000 0.896700 
0.496000 0.904036 
0.497000 0.911339 
0.498000 0.918607 
0.499000 0.925843 
0.500000 0.933044 
0.501000 0.940212 
0.502000 0.947347 
0.503000 0.954448 
0.504000 0.961516 
0.505000 0.968550 
0.506000 0.975551 
0.507000 0.982519 
0.508000 0.989454 
0.509000 0.996356 
0.510000 1.003224 
0.511000 1.010060 
0.512000 1.016862 
0.513000 1.023632 
0.514000 1.030369 
0.515000 1.037073 
0.516000 1.043744 
0.517000 1.050383 
0.518000 1.056989 
0.519000 1.063562 
0.520000 1.070103 
0.521000 1.076611 
0.522000 1.083087 
0.523000 1.089530 
0.524000 1.095941 
0.525000 1.102319 
0.526000 1.108666 
0.527000 1.114980 
0.528000 1.121262 
0.529000 1.127511 
0.530000 1.133729 
0.531000 1.139914 
0.532000 1.146068 
0.533000 1.152189 
0.534000 1.158279 
0.535000 1.164337 
0.536000 1.170362 
0.537000 1.176356 
0.538000 1.182318 
0.539000 1.188249 
0.540000 1.194147 
0.541000 1.200014 
0.542000 1.205849 
0.543000 1.211653 
0.544000 1.217425 
0.545000 1.223166 
0.546000 1.228875 
0.547000 1.234552 
0.548000 1.240198 
0.549000 1.245813 
0.550000 1.251396 
0.551000 1.256948 
0.552000 1.262469 
0.553000 1.267958 
0.554000 1.273416 
0.555000 1.278843 
0.556000 1.284238 
0.557000 1.289602 
0.558000 1.294936 
0.559000 1.300238 
0.560000 1.305508 
0.561000 1.310748 
0.562000 1.315957 
0.563000 1.321135 
0.564000 1.326281 
0.565000 1.331397 
0.566000 1.336482 
0.567000 1.341535 
0.568000 1.346558 
0.569000 1.351550 
0.570000 1.356511 
0.571000 1.361441 
0.572000 1.366340 
0.573000 1.371208 
0.574000 1.376046 
0.575000 1.380852 
0.576000 1.385628 
0.577000 1.390373 
0.578000 1.395087 
0.579000 1.399770 
0.580000 1.404423 
0.581000 1.409045 
0.582000 1.413636 
0.583000 1.418196 
0.584000 1.422726 
0.585000 1.427225 
0.586000 1.431693 
0.587000 1.436131 
0.588000 1.440537 
0.589000 1.444913 
0.590000 1.449259 
0.591000 1.453573 
0.592000 1.457857 
0.593000 1.462111 
0.594000 1.466333 
0.595000 1.470525 
0.596000 1.474686 
0.597000 1.478817 
0.598000 1.482917 
0.599000 1.486986 
0.600000 1.491024 
0.601000 1.495032 
0.602000 1.499009 
0.603000 1.502955 
0.604000 1.506871 
0.605000 1.510756 
0.606000 1.514610 
0.607000 1.518433 
0.608000 1.522225 
0.609000 1.525987 
0.610000 1.529718 
0.611000 1.533418 
0.612000 1.537088 
0.613000 1.540726 
0.614000 1.544334 
0.615000 1.547911 
0.616000 1.551458 
0.617000 1.554974 
0.618000 1.558458 
0.619000 1.561911 
0.620000 1.565334 
0.621000 1.568725 
0.622000 1.572085 
0.623000 1.575415 
0.624000 1.578713 
0.625000 1.581981 
0.626000 1.585217 
0.627000 1.588422 
0.628000 1.591597 
0.629000 1.594739 
0.630000 1.597851 
0.631000 1.600932 
0.632000 1.603981 
0.633000 1.606999 
0.634000 1.609986 
0.635000 1.612942 
0.636000 1.615866 
0.637000 1.618759 
0.638000 1.621620 
0.639000 1.624450 
0.640000 1.627248 
0.641000 1.630015 
0.642000 1.632750 
0.643000 1.635454 
0.644000 1.638126 
0.645000 1.640766 
0.646000 1.643375 
0.647000 1.645952 
0.648000 1.648497 
0.649000 1.651010 
0.650000 1.653491 
0.651000 1.655940 
0.652000 1.658358 
0.653000 1.660743 
0.654000 1.663096 
0.655000 1.665417 
0.656000 1.667706 
0.657000 1.669962 
0.658000 1.672187 
0.659000 1.674378 
0.660000 1.676538 
0.661000 1.678665 
0.662000 1.680759 
0.663000 1.682821 
0.664000 1.684851 
0.665000 1.686847 
0.666000 1.688811 
0.667000 1.690742 
0.668000 1.692640 
0.669000 1.694505 
0.670000 1.696337 
0.671000 1.698137 
0.672000 1.699902 
0.673000 1.701635 
0.674000 1.703335 
0.675000 1.705001 
0.676000 1.706634 
0.677000 1.708233 
0.678000 1.709798 
0.679000 1.711330 
0.680000 1.712829 
0.681000 1.714293 
0.682000 1.715724 
0.683000 1.717121 
0.684000 1.718483 
0.685000 1.719812 
0.686000 1.721106 
0.687000 1.722367 
0.688000 1.723592 
0.689000 1.724784 
0.690000 1.725941 
0.691000 1.727063 
0.692000 1.728151 
0.693000 1.729203 
0.694000 1.730221 
0.695000 1.731204 
0.696000 1.732152 
0.697000 1.733065 
0.698000 1.733942 
0.699000 1.734785 
0.700000 1.735591 
0.701000 1.736363 
0.702000 1.737098 
0.703000 1.737798 
0.704000 1.738462 
0.705000 1.739090 
0.706000 1.739682 
0.707000 1.740238 
0.708000 1.740758 
0.709000 1.741241 
0.710000 1.741688 
0.711000 1.742098 
0.712000 1.742471 
0.713000 1.742808 
0.714000 1.743108 
0.715000 1.743370 
0.716000 1.743596 
0.717000 1.743784 
0.718000 1.743935 
0.719000 1.744049 
0.720000 1.744124 
0.721000 1.744162 
0.722000 1.744163 
0.723000 1.744125 
0.724000 1.744049 
0.725000 1.743934 
0.726000 1.743782 
0.727000 1.743591 
0.728000 1.743361 
0.729000 1.743092 
0.730000 1.742784 
0.731000 1.742438 
0.732000 1.742052 
0.733000 1.741627 
0.734000 1.741162 
0.735000 1.740658 
0.736000 1.740114 
0.737000 1.739530 
0.738000 1.738906 
0.739000 1.738242 
0.740000 1.737537 
0.741000 1.736792 
0.742000 1.736006 
0.743000 1.735179 
0.744000 1.734312 
0.745000 1.733403 
0.746000 1.732453 
0.747000 1.731462 
0.748000 1.730429 
0.749000 1.729354 
0.750000 1.728237 
0.751000 1.727078 
0.752000 1.725877 
0.753000 1.724634 
0.754000 1.723348 
0.755000 1.722019 
0.756000 1.720647 
0.757000 1.719232 
0.758000 1.717773 
0.759000 1.716272 
0.760000 1.714726 
0.761000 1.713137 
0.762000 1.711503 
0.763000 1.709826 
0.764000 1.708104 
0.765000 1.706337 
0.766000 1.704526 
0.767000 1.702670 
0.768000 1.700768 
0.769000 1.698821 
0.770000 1.696829 
0.771000 1.694791 
0.772000 1.692707 
0.773000 1.690576 
0.774000 1.688400 
0.775000 1.686177 
0.776000 1.683907 
0.777000 1.681590 
0.778000 1.679226 
0.779000 1.676814 
0.780000 1.674355 
0.781000 1.671848 
0.782000 1.669293 
0.783000 1.666690 
0.784000 1.664038 
0.785000 1.661338 
0.786000 1.658588 
0.787000 1.655790 
0.788000 1.652942 
0.789000 1.650044 
0.790000 1.647097 
0.791000 1.644099 
0.792000 1.641051 
0.793000 1.637953 
0.794000 1.634804 
0.795000 1.631604 
0.796000 1.628352 
0.797000 1.625049 
0.798000 1.621695 
0.799000 1.618288 
0.800000 1.614829 
0.801000 1.611317 
0.802000 1.607753 
0.803000 1.604136 
0.804000 1.600465 
0.805000 1.596741 
0.806000 1.592963 
0.807000 1.589131 
0.808000 1.585245 
0.809000 1.581304 
0.810000 1.577308 
0.811000 1.573257 
0.812000 1.569151 
0.813000 1.564989 
0.814000 1.560771 
0.815000 1.556497 
0.816000 1.552166 
0.817000 1.547779 
0.818000 1.543335 
0.819000 1.538833 
0.820000 1.534273 
0.821000 1.529656 
0.822000 1.524980 
0.823000 1.520246 
0.824000 1.515453 
0.825000 1.510601 
0.826000 1.505690 
0.827000 1.500719 
0.828000 1.495687 
0.829000 1.490596 
0.830000 1.485444 
0.831000 1.480231 
0.832000 1.474957 
0.833000 1.469621 
0.834000 1.464224 
0.835000 1.458764 
0.836000 1.453242 
0.837000 1.447657 
0.838000 1.442009 
0.839000 1.436297 
0.840000 1.430522 
0.841000 1.424683 
0.842000 1.418779 
0.843000 1.412810 
0.844000 1.406777 
0.845000 1.400678 
0.846000 1.394513 
0.847000 1.388283 
0.848000 1.381986 
0.849000 1.375622 
0.850000 1.369191 
0.851000 1.362693 
0.852000 1.356127 
0.853000 1.349493 
0.854000 1.342790 
0.855000 1.336019 
0.856000 1.329179 
0.857000 1.322269 
0.858000 1.315289 
0.859000 1.308239 
0.860000 1.301119 
0.861000 1.293928 
0.862000 1.286665 
0.863000 1.279331 
0.864000 1.271926 
0.865000 1.264447 
0.866000 1.256897 
0.867000 1.249273 
0.868000 1.241576 
0.869000 1.233805 
0.870000 1.225960 
0.871000 1.218040 
0.872000 1.210046 
0.873000 1.201977 
0.874000 1.193832 
0.875000 1.185611 
0.876000 1.177314 
0.877000 1.168940 
0.878000 1.160490 
0.879000 1.151962 
0.880000 1.143356 
0.881000 1.134672 
0.882000 1.125910 
0.883000 1.117069 
0.884000 1.108149 
0.885000 1.099149 
0.886000 1.090069 
0.887000 1.080909 
0.888000 1.071669 
0.889000 1.062347 
0.890000 1.052944 
0.891000 1.043460 
0.892000 1.033893 
0.893000 1.024244 
0.894000 1.014512 
0.895000 1.004697 
0.896000 0.994799 
0.897000 0.984816 
0.898000 0.974750 
0.899000 0.964599 
0.900000 0.954363 
0.901000 0.944042 
0.902000 0.933635 
0.903000 0.923142 
0.904000 0.912563 
0.905000 0.901897 
0.906000 0.891144 
0.907000 0.880304 
0.908000 0.869377 
0.909000 0.858361 
0.910000 0.847258 
0.911000 0.836065 
0.912000 0.824784 
0.913000 0.813413 
0.914000 0.801953 
0.915000 0.790403 
0.916000 0.778763 
0.917000 0.767033 
0.918000 0.755212 
0.919000 0.743300 
0.920000 0.731296 
0.921000 0.719201 
0.922000 0.707014 
0.923000 0.694735 
0.924000 0.682364 
0.925000 0.669900 
0.926000 0.657343 
0.927000 0.644693 
0.928000 0.631950 
0.929000 0.619113 
0.930000 0.606182 
0.931000 0.593158 
0.932000 0.580039 
0.933000 0.566825 
0.934000 0.553517 
0.935000 0.540115 
0.936000 0.526617 
0.937000 0.513024 
0.938000 0.499336 
0.939000 0.485553 
0.940000 0.471674 
0.941000 0.457699 
0.942000 0.443629 
0.943000 0.429463 
0.944000 0.415200 
0.945000 0.400842 
0.946000 0.386388 
0.947000 0.371837 
0.948000 0.357191 
0.949000 0.342448 
0.950000 0.327608 
0.951000 0.312673 
0.952000 0.297641 
0.953000 0.282513 
0.954000 0.267289 
0.955000 0.251969 
0.956000 0.236553 
0.957000 0.221041 
0.958000 0.205433 
0.959000 0.189729 
0.960000 0.173930 
0.961000 0.158035 
0.962000 0.142045 
0.963000 0.125961 
0.964000 0.109781 
0.965000 0.093506 
0.966000 0.077138 
0.967000 0.060675 
0.968000 0.044118 
0.969000 0.027468 
0.970000 0.010725 
0.971000 -0.006110 
0.972000 -0.023039 
0.973000 -0.040059 
0.974000 -0.057171 
0.975000 -0.074373 
0.976000 -0.091667 
0.977000 -0.109050 
0.978000 -0.126524 
0.979000 -0.144086 
0.980000 -0.161736 
0.981000 -0.179475 
0.982000 -0.197300 
0.983000 -0.215213 
0.984000 -0.233211 
0.985000 -0.251294 
0.986000 -0.269461 
0.987000 -0.287712 
0.988000 -0.306046 
0.989000 -0.324462 
0.990000 -0.342959 
0.991000 -0.361536 
0.992000 -0.380192 
0.993000 -0.398927 
0.994000 -0.417739 
0.995000 -0.436627 
0.996000 -0.455590 
0.997000 -0.474627 
0.998000 -0.493737 
0.999000 -0.512918 
1.000000 -0.532170 
1.001000 -0.551492 
1.002000 -0.570881 
1.003000 -0.590337 
1.004000 -0.609858 
1.005000 -0.629443 
1.006000 -0.649090 
1.007000 -0.668799 
1.008000 -0.688566 
1.009000 -0.708392 
1.010000 -0.728273 
1.011000 -0.748209 
1.012000 -0.768198 
1.013000 -0.788239 
1.014000 -0.808328 
1.015000 -0.828465 
1.016000 -0.848648 
1.017000 -0.868875 
1.018000 -0.889144 
1.019000 -0.909452 
1.020000 -0.929799 
1.021000 -0.950181 
1.022000 -0.970597 
1.023000 -0.991045 
1.024000 -1.011522 
1.025000 -1.032026 
1.026000 -1.052555 
1.027000 -1.073106 
1.028000 -1.093678 
1.029000 -1.114267 
1.030000 -1.134872 
1.031000 -1.155489 
1.032000 -1.176117 
1.033000 -1.196752 
1.034000 -1.217393 
1.035000 -1.238036 
1.036000 -1.258678 
1.037000 -1.279318 
1.038000 -1.299951 
1.039000 -1.320576 
1.040000 -1.341190 
1.041000 -1.361789 
1.042000 -1.382370 
1.043000 -1.402931 
1.044000 -1.423469 
1.045000 -1.443980 
1.046000 -1.464462 
1.047000 -1.484911 
1.048000 -1.505325 
1.049000 -1.525699 
1.050000 -1.546031 
1.051000 -1.566317 
1.052000 -1.586555 
1.053000 -1.606740 
1.054000 -1.626870 
1.055000 -1.646941 
1.056000 -1.666950 
1.057000 -1.686893 
1.058000 -1.706767 
1.059000 -1.726568 
1.060000 -1.746293 
1.061000 -1.765939 
1.062000 -1.785501 
1.063000 -1.804977 
1.064000 -1.824362 
1.065000 -1.843654 
1.066000 -1.862848 
1.067000 -1.881941 
1.068000 -1.900930 
1.069000 -1.919810 
1.070000 -1.938578 
1.071000 -1.957231 
1.072000 -1.975764 
1.073000 -1.994175 
1.074000 -2.012460 
1.075000 -2.030615 
1.076000 -2.048636 
1.077000 -2.066519 
1.078000 -2.084262 
1.079000 -2.101861 
1.080000 -2.119312 
1.081000 -2.136611 
1.082000 -2.153755 
1.083000 -2.170741 
1.084000 -2.187564 
1.085000 -2.204223 
1.086000 -2.220712 
1.087000 -2.237029 
1.088000 -2.253170 
1.089000 -2.269132 
1.090000 -2.284912 
1.091000 -2.300506 
1.092000 -2.315912 
1.093000 -2.331125 
1.094000 -2.346143 
1.095000 -2.360963 
1.096000 -2.375581 
1.097000 -2.389995 
1.098000 -2.404202 
1.099000 -2.418198 
1.100000 -2.431981 
1.101000 -2.445548 
1.102000 -2.458897 
1.103000 -2.472024 
1.104000 -2.484928 
1.105000 -2.497604 
1.106000 -2.510052 
1.107000 -2.522269 
1.108000 -2.534251 
1.109000 -2.545998 
1.110000 -2.557506 
1.111000 -2.568774 
1.112000 -2.579799 
1.113000 -2.590580 
1.114000 -2.601115 
1.115000 -2.611401 
1.116000 -2.621441 
1.117000 -2.631225 
1.118000 -2.640756 
1.119000 -2.650033 
1.120000 -2.659053 
1.121000 -2.667815 
1.122000 -2.676319 
1.123000 -2.684562 
1.124000 -2.692544 
1.125000 -2.700264 
1.126000 -2.707721 
1.127000 -2.714914 
1.128000 -2.721842 
1.129000 -2.728505 
1.130000 -2.734901 
1.131000 -2.741031 
1.132000 -2.746894 
1.133000 -2.752489 
1.134000 -2.757817 
1.135000 -2.762877 
1.136000 -2.767669 
1.137000 -2.772193 
1.138000 -2.776450 
1.139000 -2.780438 
1.140000 -2.784159 
1.141000 -2.787613 
1.142000 -2.790801 
1.143000 -2.793722 
1.144000 -2.796377 
1.145000 -2.798767 
1.146000 -2.800893 
1.147000 -2.802756 
1.148000 -2.804356 
1.149000 -2.805694 
1.150000 -2.806771 
1.151000 -2.807588 
1.152000 -2.808148 
1.153000 -2.808449 
1.154000 -2.808495 
1.155000 -2.808286 
1.156000 -2.807824 
1.157000 -2.807110 
1.158000 -2.806146 
1.159000 -2.804934 
1.160000 -2.803474 
1.161000 -2.801769 
1.162000 -2.799821 
1.163000 -2.797630 
1.164000 -2.795201 
1.165000 -2.792533 
1.166000 -2.789629 
1.167000 -2.786492 
1.168000 -2.783122 
1.169000 -2.779523 
1.170000 -2.775697 
1.171000 -2.771645 
1.172000 -2.767370 
1.173000 -2.762874 
1.174000 -2.758160 
1.175000 -2.753229 
1.176000 -2.748084 
1.177000 -2.742728 
1.178000 -2.737163 
1.179000 -2.731391 
1.180000 -2.725415 
1.181000 -2.719238 
1.182000 -2.712861 
1.183000 -2.706288 
1.184000 -2.699520 
1.185000 -2.692562 
1.186000 -2.685414 
1.187000 -2.678080 
1.188000 -2.670563 
1.189000 -2.662864 
1.190000 -2.654987 
1.191000 -2.646935 
1.192000 -2.638709 
1.193000 -2.630313 
1.194000 -2.621749 
1.195000 -2.613020 
1.196000 -2.604129 
1.197000 -2.595078 
1.198000 -2.585870 
1.199000 -2.576507 
1.200000 -2.566993 
1.201000 -2.557330 
1.202000 -2.547520 
1.203000 -2.537567 
1.204000 -2.527472 
1.205000 -2.517239 
1.206000 -2.506870 
1.207000 -2.496368 
1.208000 -2.485735 
1.209000 -2.474974 
1.210000 -2.464088 
1.211000 -2.453078 
1.212000 -2.441949 
1.213000 -2.430701 
1.214000 -2.419339 
1.215000 -2.407863 
1.216000 -2.396278 
1.217000 -2.384584 
1.218000 -2.372785 
1.219000 -2.360883 
1.220000 -2.348881 
1.221000 -2.336780 
1.222000 -2.324584 
1.223000 -2.312294 
1.224000 -2.299914 
1.225000 -2.287444 
1.226000 -2.274889 
1.227000 -2.262249 
1.228000 -2.249527 
1.229000 -2.236725 
1.230000 -2.223846 
1.231000 -2.210891 
1.232000 -2.197864 
1.233000 -2.184765 
1.234000 -2.171597 
1.235000 -2.158363 
1.236000 -2.145063 
1.237000 -2.131701 
1.238000 -2.118278 
1.239000 -2.104797 
1.240000 -2.091258 
1.241000 -2.077665 
1.242000 -2.064018 
1.243000 -2.050321 
1.244000 -2.036574 
1.245000 -2.022780 
1.246000 -2.008940 
1.247000 -1.995056 
1.248000 -1.981130 
1.249000 -1.967164 
1.250000 -1.953159 
1.251000 -1.939117 
1.252000 -1.925040 
1.253000 -1.910929 
1.254000 -1.896787 
1.255000 -1.882613 
1.256000 -1.868411 
1.257000 -1.854181 
1.258000 -1.839925 
1.259000 -1.825645 
1.260000 -1.811342 
1.261000 -1.797018 
1.262000 -1.782673 
1.263000 -1.768309 
1.264000 -1.753928 
1.265000 -1.739532 
1.266000 -1.725120 
1.267000 -1.710695 
1.268000 -1.696258 
1.269000 -1.681810 
1.270000 -1.667352 
1.271000 -1.652886 
1.272000 -1.638413 
1.273000 -1.623933 
1.274000 -1.609449 
1.275000 -1.594960 
1.276000 -1.580469 
1.277000 -1.565977 
1.278000 -1.551483 
1.279000 -1.536990 
1.280000 -1.522499 
1.281000 -1.508010 
1.282000 -1.493524 
1.283000 -1.479043 
1.284000 -1.464567 
1.285000 -1.450098 
1.286000 -1.435635 
1.287000 -1.421181 
1.288000 -1.406736 
1.289000 -1.392300 
1.290000 -1.377875 
1.291000 -1.363461 
1.292000 -1.349059 
1.293000 -1.334671 
1.294000 -1.320296 
1.295000 -1.305936 
1.296000 -1.291591 
1.297000 -1.277262 
1.298000 -1.262949 
1.299000 -1.248654 
1.300000 -1.234377 
1.301000 -1.220118 
1.302000 -1.205879 
1.303000 -1.191660 
1.304000 -1.177461 
1.305000 -1.163284 
1.306000 -1.149128 
1.307000 -1.134994 
1.308000 -1.120883 
1.309000 -1.106796 
1.310000 -1.092732 
1.311000 -1.078693 
1.312000 -1.064679 
1.313000 -1.050690 
1.314000 -1.036727 
1.315000 -1.022791 
1.316000 -1.008881 
1.317000 -0.994999 
1.318000 -0.981144 
1.319000 -0.967317 
1.320000 -0.953519 
1.321000 -0.939750 
1.322000 -0.926010 
1.323000 -0.912300 
1.324000 -0.898620 
1.325000 -0.884970 
1.326000 -0.871351 
1.327000 -0.857763 
1.328000 -0.844207 
1.329000 -0.830682 
1.330000 -0.817190 
1.331000 -0.803730 
1.332000 -0.790302 
1.333000 -0.776908 
1.334000 -0.763547 
1.335000 -0.750219 
1.336000 -0.736925 
1.337000 -0.723665 
1.338000 -0.710439 
1.339000 -0.697248 
1.340000 -0.684091 
1.341000 -0.670970 
1.342000 -0.657883 
1.343000 -0.644832 
1.344000 -0.631817 
1.345000 -0.618837 
1.346000 -0.605893 
1.347000 -0.592986 
1.348000 -0.580115 
1.349000 -0.567280 
1.350000 -0.554482 
1.351000 -0.541720 
1.352000 -0.528996 
1.353000 -0.516309 
1.354000 -0.503658 
1.355000 -0.491046 
1.356000 -0.478470 
1.357000 -0.465933 
1.358000 -0.453433 
1.359000 -0.440971 
1.360000 -0.428547 
1.361000 -0.416161 
1.362000 -0.403813 
1.363000 -0.391503 
1.364000 -0.379232 
1.365000 -0.366999 
1.366000 -0.354804 
1.367000 -0.342648 
1.368000 -0.330531 
1.369000 -0.318453 
1.370000 -0.306413 
1.371000 -0.294412 
1.372000 -0.282450 
1.373000 -0.270527 
1.374000 -0.258642 
1.375000 -0.246797 
1.376000 -0.234991 
1.377000 -0.223224 
1.378000 -0.211497 
1.379000 -0.199808 
1.380000 -0.188159 
1.381000 -0.176548 
1.382000 -0.164977 
1.383000 -0.153446 
1.384000 -0.141953 
1.385000 -0.130500 
1.386000 -0.119087 
1.387000 -0.107712 
1.388000 -0.096377 
1.389000 -0.085081 
1.390000 -0.073825 
1.391000 -0.062608 
1.392000 -0.051430 
1.393000 -0.040291 
1.394000 -0.029192 
1.395000 -0.018132 
1.396000 -0.007112 
1.397000 0.003870 
1.398000 0.014812 
1.399000 0.025715 
1.400000 0.036578 
1.401000 0.047403 
1.402000 0.058188 
1.403000 0.068934 
1.404000 0.079641 
1.405000 0.090309 
1.406000 0.100938 
1.407000 0.111528 
1.408000 0.122079 
1.409000 0.132590 
1.410000 0.143063 
1.411000 0.153497 
1.412000 0.163893 
1.413000 0.174249 
1.414000 0.184567 
1.415000 0.194846 
1.416000 0.205086 
1.417000 0.215288 
1.418000 0.225451 
1.419000 0.235575 
1.420000 0.245661 
1.421000 0.255709 
1.422000 0.265718 
1.423000 0.275689 
1.424000 0.285621 
1.425000 0.295515 
1.426000 0.305372 
1.427000 0.315190 
1.428000 0.324969 
1.429000 0.334711 
1.430000 0.344415 
1.431000 0.354081 
1.432000 0.363709 
1.433000 0.373300 
1.434000 0.382852 
1.435000 0.392367 
1.436000 0.401844 
1.437000 0.411284 
1.438000 0.420686 
1.439000 0.430051 
1.440000 0.439379 
1.441000 0.448669 
1.442000 0.457922 
1.443000 0.467137 
1.444000 0.476316 
1.445000 0.485457 
1.446000 0.494562 
1.447000 0.503630 
1.448000 0.512660 
1.449000 0.521654 
1.450000 0.530611 
1.451000 0.539532 
1.452000 0.548415 
1.453000 0.557263 
1.454000 0.566074 
1.455000 0.574848 
1.456000 0.583586 
1.457000 0.592288 
1.458000 0.600953 
1.459000 0.609582 
1.460000 0.618176 
1.461000 0.626733 
1.462000 0.635254 
1.463000 0.643739 
1.464000 0.652189 
1.465000 0.660603 
1.466000 0.668981 
1.467000 0.677323 
1.468000 0.685630 
1.469000 0.693901 
1.470000 0.702137 
1.471000 0.710338 
1.472000 0.718503 
1.473000 0.726633 
1.474000 0.734727 
1.475000 0.742787 
1.476000 0.750811 
1.477000 0.758801 
1.478000 0.766756 
1.479000 0.774675 
1.480000 0.782560 
1.481000 0.790410 
1.482000 0.798226 
1.483000 0.806007 
1.484000 0.813753 
1.485000 0.821465 
1.486000 0.829142 
1.487000 0.836785 
1.488000 0.844394 
1.489000 0.851969 
1.490000 0.859509 
1.491000 0.867015 
1.492000 0.874487 
1.493000 0.881925 
1.494000 0.889329 
1.495000 0.896700 
1.496000 0.904036 
1.497000 0.911339 
1.498000 0.918607 
1.499000 0.925843 
